             open   high  close    low      volume  price_change  p_change  \
date                                                                         
2016-07-22  12.77  14.17  14.17  12.77  3516461.25          1.29     10.02   
2016-07-21  12.33  13.48  12.88  12.16  3527748.00          0.63      5.14   
2016-07-20  11.08  12.25  12.25  11.04  2640772.25          1.11      9.96   
2016-07-19  11.08  11.80  11.14  10.92  2777176.75          0.02      0.18   
2016-07-18  10.15  11.12  11.12  10.12  2739736.50          1.01      9.99   
2016-07-15  10.28  10.39  10.11  10.08   954741.31         -0.09     -0.88   
2016-07-14  10.04  10.45  10.20   9.92  1405353.62          0.21      2.10   
2016-07-13  10.15  10.34   9.99   9.90  2001721.25         -0.16     -1.58   
2016-07-12   9.37  10.15  10.15   9.37  2886160.00          0.92      9.97   
2016-07-11   9.88   9.88   9.23   9.17  1997496.75          0.15      1.65   
2016-07-08   9.23   9.29   9.08   9.02   860250.31         -0.14     -1.52   
2016-07-07   9.02   9.26   9.22   8.95  1344368.62          0.27      3.02   
2016-07-06   8.52   9.02   8.95   8.50  1232255.38          0.36      4.19   
2016-07-05   8.67   8.69   8.59   8.51   625743.62         -0.08     -0.92   
2016-07-04   8.42   8.70   8.67   8.39   650888.12          0.17      2.00   
2016-07-01   8.54   8.65   8.50   8.41   561316.69         -0.09     -1.05   
2016-06-30   8.72   8.84   8.59   8.51  1108296.50         -0.02     -0.23   
2016-06-29   8.39   8.67   8.61   8.26  1067634.25          0.27      3.24   
2016-06-28   8.28   8.42   8.34   8.25   448954.34          0.00      0.00   
2016-06-27   8.02   8.38   8.34   8.01   509357.88          0.25      3.09   
2016-06-24   8.25   8.30   8.09   7.80   557409.38         -0.14     -1.70   
2016-06-23   8.36   8.41   8.23   8.15   473908.81         -0.14     -1.67   
2016-06-22   8.21   8.47   8.37   8.21   558598.88          0.19      2.32   
2016-06-21   8.51   8.51   8.18   8.14   749307.81         -0.29     -3.42   
2016-06-20   8.10   8.54   8.47   8.06  1111646.62          0.46      5.74   
2016-06-17   8.01   8.19   8.01   7.91   423879.56          0.09      1.14   
2016-06-16   8.06   8.24   7.92   7.88   610492.62         -0.13     -1.61   
2016-06-15   7.66   8.14   8.05   7.64   646017.00          0.27      3.47   
2016-06-14   7.60   7.79   7.78   7.57   390388.19          0.18      2.37   
2016-06-13   8.08   8.14   7.60   7.53   738695.38         -0.62     -7.54   
...           ...    ...    ...    ...         ...           ...       ...   
2013-09-03  16.99  16.99  16.80  16.32    46979.35         -0.19     -1.12   
2013-09-02  16.99  17.19  16.99  16.60    39426.24         -0.17     -0.99   
2013-08-30  16.90  17.80  17.16  16.50    90251.50          0.21      1.24   
2013-08-29  17.19  17.39  16.95  16.05   121140.23         -0.20     -1.17   
2013-08-28  18.59  18.89  17.15  17.11    66832.63         -1.65     -8.78   
2013-08-27  18.61  18.84  18.80  18.41    27150.09         -0.05     -0.27   
2013-08-26  19.00  19.09  18.85  18.60    34394.22         -0.01     -0.05   
2013-08-23  18.31  19.40  18.86  18.25    54891.56          0.56      3.06   
2013-08-22  18.20  18.78  18.30  18.20    32821.08         -0.05     -0.27   
2013-08-21  18.49  18.77  18.35  18.25    39197.58         -0.23     -1.24   
2013-08-20  17.45  18.82  18.58  17.42    65624.58          1.12      6.42   
2013-08-19  16.89  17.48  17.46  16.69    14743.38          0.49      2.89   
2013-08-16  17.65  17.65  16.97  16.90    17480.98         -0.57     -3.25   
2013-08-15  16.95  17.71  17.54  16.72    31429.23          0.59      3.48   
2013-08-14  17.12  17.21  16.95  16.73    16802.54         -0.16     -0.94   
2013-08-13  16.78  17.15  17.11  16.66    26693.26          0.41      2.46   
2013-08-12  17.27  17.58  16.70  16.60    44463.32         -0.49     -2.85   
2013-08-09  17.60  17.88  17.19  16.90    41240.90         -0.52     -2.94   
2013-08-08  17.57  17.90  17.71  17.48    20068.64         -0.11     -0.62   
2013-08-07  17.92  18.20  17.82  17.40    47661.05         -0.08     -0.45   
2013-08-06  16.50  17.90  17.90  16.50    60233.28          1.32      7.96   
2013-08-05  16.68  17.18  16.58  16.18    42781.68         -0.10     -0.60   
2013-08-02  16.85  17.88  16.68  16.58    60239.88         -0.31     -1.82   
2013-08-01  16.70  17.50  16.99  16.60    65431.19          0.44      2.66   
2013-07-31  15.56  16.55  16.55  15.52    52153.82          0.98      6.29   
2013-07-30  15.93  16.28  15.57  15.35    32048.40         -0.34     -2.14   
2013-07-29  15.70  16.23  15.91  15.11    42751.00          0.11      0.70   
2013-07-26  15.70  16.20  15.80  14.90    42455.87         -0.07     -0.44   
2013-07-25  15.80  16.55  15.87  15.77   119912.93          0.32      2.06   
2013-07-24  14.66  15.70  15.55  14.66    71662.48          0.57      3.81   

               ma5    ma10    ma20       v_ma5      v_ma10      v_ma20  \
date                                                                     
2016-07-22  12.312  11.124   9.907  3040378.95  2444736.77  1642821.67   
2016-07-21  11.500  10.615   9.603  2528034.96  2179115.67  1494869.08   
2016-07-20  10.964  10.249   9.370  2103556.09  1960777.74  1342177.12   
2016-07-19  10.512   9.919   9.176  1975745.89  1819926.05  1238068.45   
2016-07-18  10.314   9.664   9.028  1997542.54  1604782.74  1136675.00   
2016-07-15   9.936   9.419   8.896  1849094.59  1395897.90  1055270.51   
2016-07-14   9.730   9.258   8.791  1830196.39  1356555.44  1028727.42   
2016-07-13   9.534   9.097   8.677  1817999.39  1326849.72   988984.37   
2016-07-12   9.326   8.959   8.580  1664106.21  1233441.02   921199.16   
2016-07-11   9.014   8.778   8.461  1212022.94   989720.46   796410.57   
2016-07-08   8.902   8.689   8.380   942701.21   840906.57   733470.50   
2016-07-07   8.786   8.590   8.337   882914.49   810622.48   715524.75   
2016-07-06   8.660   8.491   8.289   835700.06   723576.50   674640.06   
2016-07-05   8.592   8.433   8.257   802775.84   656210.85   651148.32   
2016-07-04   8.542   8.392   8.251   767417.98   668567.27   663983.24   
2016-07-01   8.476   8.372   8.239   739111.93   714643.12   703590.75   
2016-06-30   8.394   8.323   8.222   738330.47   700899.40   727061.09   
2016-06-29   8.322   8.256   8.188   611452.93   651119.01   706079.95   
2016-06-28   8.274   8.200   8.142   509645.86   608957.29   689868.52   
2016-06-27   8.242   8.144   8.107   569716.55   603100.68   708239.50   
2016-06-24   8.268   8.070   8.056   690174.30   626034.43   694595.70   
2016-06-23   8.252   8.083   8.018   663468.34   620427.03   680234.77   
2016-06-22   8.190   8.086   7.972   690785.10   625703.62   673870.37   
2016-06-21   8.126   8.080   7.918   708268.72   646085.80   655617.83   
2016-06-20   8.046   8.110   7.871   636484.80   659399.21   628593.32   
2016-06-17   7.872   8.105   7.808   561894.55   692538.39   586579.20   
2016-06-16   7.914   8.120   7.766   577385.72   753222.77   580060.51   
2016-06-15   7.982   8.120   7.734   560622.13   761040.89   559457.70   
2016-06-14   8.034   8.083   7.698   583902.87   770779.74   537249.70   
2016-06-13   8.174   8.069   7.669   682313.62   813378.32   525728.09   
...            ...     ...     ...         ...         ...         ...   
2013-09-03  17.010  17.821  17.612    72925.99    55308.45    43964.62   
2013-09-02  17.410  17.999  17.667    68960.14    57172.97    44627.31   
2013-08-30  17.782  18.046  17.647    67953.73    54704.69    44795.09   
2013-08-29  18.122  18.027  17.623    60881.75    47427.63    43294.51   
2013-08-28  18.392  18.086  17.625    43217.92    38456.53    40509.05   
2013-08-27  18.632  18.066  17.595    37690.91    33453.52    39775.11   
2013-08-26  18.588  17.897  17.433    45385.80    33407.84    40020.03   
2013-08-23  18.310  17.682  17.286    41455.64    34414.75    40437.87   
2013-08-22  17.932  17.515  17.133    33973.52    33049.69    39816.08   
2013-08-21  17.780  17.456  17.012    33695.15    31774.44    44170.68   
2013-08-20  17.500  17.403  16.872    29216.14    32620.79    45793.92   
2013-08-19  17.206  17.335  16.782    21429.88    32081.66    44750.20   
2013-08-16  17.054  17.247  16.744    27373.87    34885.49    46417.25   
2013-08-15  17.098  17.218  16.731    32125.85    39161.38    48119.38   
2013-08-14  17.132  17.163  16.680    29853.73    42561.57    49162.52   
2013-08-13  17.306  17.123  16.662    36025.43    46096.70    51319.85   
2013-08-12  17.464  16.969  16.630    42733.44    46632.22    53078.89   
2013-08-09  17.440  16.890  16.625    42397.11    46460.98    53741.62   
2013-08-08  17.338  16.751  16.578    46196.91    46582.48    54783.35   
2013-08-07  17.194  16.567  16.475    55269.42    56566.91    57939.23   
2013-08-06  16.940  16.340  16.340    56167.97    58967.05    58967.05   
2013-08-05  16.474  16.167  16.167    50530.99    58826.36    58826.36   
2013-08-02  16.340  16.115  16.115    50524.86    60831.95    60831.95   
2013-08-01  16.164  16.034  16.034    46968.06    60916.53    60916.53   
2013-07-31  15.940  15.875  15.875    57864.40    60164.08    60164.08   
2013-07-30  15.740  15.740  15.740    61766.14    61766.14    61766.14   
2013-07-29  15.783  15.783  15.783    69195.57    69195.57    69195.57   
2013-07-26  15.740  15.740  15.740    78010.43    78010.43    78010.43   
2013-07-25  15.710  15.710  15.710    95787.70    95787.70    95787.70   
2013-07-24  15.550  15.550  15.550    71662.48    71662.48    71662.48   

            turnover  
date                  
2016-07-22     14.60  
2016-07-21     14.64  
2016-07-20     10.96  
2016-07-19     11.53  
2016-07-18     11.37  
2016-07-15      3.96  
2016-07-14      5.83  
2016-07-13      8.31  
2016-07-12     11.98  
2016-07-11      8.29  
2016-07-08      3.57  
2016-07-07      5.58  
2016-07-06      5.11  
2016-07-05      2.60  
2016-07-04      2.70  
2016-07-01      2.33  
2016-06-30      4.60  
2016-06-29      4.43  
2016-06-28      1.86  
2016-06-27      2.11  
2016-06-24      2.31  
2016-06-23      1.97  
2016-06-22      2.32  
2016-06-21      3.11  
2016-06-20      4.61  
2016-06-17      1.76  
2016-06-16      2.53  
2016-06-15      2.68  
2016-06-14      1.62  
2016-06-13      3.07  
...              ...  
2013-09-03      1.66  
2013-09-02      1.39  
2013-08-30      3.19  
2013-08-29      4.28  
2013-08-28      2.36  
2013-08-27      0.96  
2013-08-26      1.22  
2013-08-23      1.94  
2013-08-22      1.16  
2013-08-21      1.39  
2013-08-20      2.32  
2013-08-19      0.52  
2013-08-16      0.62  
2013-08-15      1.11  
2013-08-14      0.59  
2013-08-13      0.94  
2013-08-12      1.57  
2013-08-09      1.46  
2013-08-08      0.71  
2013-08-07      1.69  
2013-08-06      2.13  
2013-08-05      1.51  
2013-08-02      2.13  
2013-08-01      2.31  
2013-07-31      1.84  
2013-07-30      1.13  
2013-07-29      1.51  
2013-07-26      1.50  
2013-07-25      4.24  
2013-07-24      2.53  

[671 rows x 14 columns]