            open  high  close   low     volume  price_change  p_change    ma5  \
date                                                                            
2016-07-22  6.78  6.89   6.74  6.73  161387.06         -0.06     -0.88  6.740   
2016-07-21  6.84  6.93   6.80  6.74  189948.59          0.01      0.15  6.716   
2016-07-20  6.73  6.80   6.79  6.67  146348.42          0.06      0.89  6.704   
2016-07-19  6.60  6.84   6.73  6.55  173535.12          0.09      1.35  6.646   
2016-07-18  6.60  6.74   6.64  6.46  149436.98          0.02      0.30  6.594   
2016-07-15  6.67  6.78   6.62  6.58  170550.27         -0.12     -1.78  6.572   
2016-07-14  6.54  6.76   6.74  6.44  274673.00          0.24      3.69  6.576   
2016-07-13  6.48  6.56   6.50  6.42  137465.67          0.03      0.46  6.546   
2016-07-12  6.52  6.60   6.47  6.31  222508.09         -0.06     -0.92  6.568   
2016-07-11  6.69  6.69   6.53  6.50  137182.94         -0.11     -1.66  6.614   
2016-07-08  6.55  6.74   6.64  6.55  119910.14          0.05      0.76  6.640   
2016-07-07  6.61  6.65   6.59  6.47  154159.77         -0.02     -0.30  6.652   
2016-07-06  6.64  6.72   6.61  6.58  158618.53         -0.09     -1.34  6.670   
2016-07-05  6.71  6.85   6.70  6.67  187008.09          0.04      0.60  6.702   
2016-07-04  6.59  6.73   6.66  6.55  192663.06         -0.04     -0.60  6.692   
2016-07-01  6.64  6.85   6.70  6.60  184146.58          0.02      0.30  6.698   
2016-06-30  6.68  6.90   6.68  6.56  256991.19         -0.09     -1.33  6.702   
2016-06-29  6.66  6.99   6.77  6.40  314461.88          0.12      1.80  6.618   
2016-06-28  6.58  6.68   6.65  6.54  182924.78         -0.04     -0.60  6.464   
2016-06-27  6.50  6.76   6.69  6.41  336590.62         -0.03     -0.45  6.288   
2016-06-24  6.18  6.78   6.72  6.15  460453.00          0.46      7.35  6.146   
2016-06-23  5.93  6.59   6.26  5.89  350116.75          0.26      4.33  5.972   
2016-06-22  5.74  6.03   6.00  5.71  174169.59          0.23      3.99  5.880   
2016-06-21  5.91  6.01   5.77  5.75  113951.56         -0.21     -3.51  5.838   
2016-06-20  5.80  6.10   5.98  5.58  204919.20          0.13      2.22  5.824   
2016-06-17  5.80  5.95   5.85  5.80   80012.10          0.05      0.86  5.754   
2016-06-16  5.80  5.86   5.80  5.75  110471.55          0.01      0.17  5.796   
2016-06-15  5.61  5.85   5.79  5.58   81472.33          0.09      1.58  5.870   
2016-06-14  5.61  5.74   5.70  5.50   91642.40          0.07      1.24  5.948   
2016-06-13  6.00  6.00   5.63  5.63  147842.50         -0.43     -7.10  6.022   
...          ...   ...    ...   ...        ...           ...       ...    ...   
2013-09-03  2.47  2.51   2.50  2.45   59280.24          0.03      1.22  2.454   
2013-09-02  2.45  2.47   2.47  2.40   41219.86          0.03      1.23  2.442   
2013-08-30  2.46  2.47   2.44  2.42   51563.77         -0.02     -0.81  2.434   
2013-08-29  2.40  2.46   2.46  2.38   51950.48          0.06      2.50  2.426   
2013-08-28  2.41  2.43   2.40  2.37   48436.98         -0.04     -1.64  2.430   
2013-08-27  2.44  2.45   2.44  2.39   55682.23          0.01      0.41  2.420   
2013-08-26  2.40  2.46   2.43  2.40   59953.97          0.03      1.25  2.392   
2013-08-23  2.43  2.47   2.40  2.38  100210.43         -0.08     -3.23  2.366   
2013-08-22  2.39  2.58   2.48  2.36  207082.69          0.13      5.53  2.344   
2013-08-21  2.30  2.38   2.35  2.28   61746.62          0.05      2.17  2.316   
2013-08-20  2.30  2.34   2.30  2.29   31671.31          0.00      0.00  2.314   
2013-08-19  2.26  2.31   2.30  2.25   30645.56          0.01      0.44  2.332   
2013-08-16  2.32  2.37   2.29  2.29   41762.25         -0.05     -2.14  2.342   
2013-08-15  2.34  2.36   2.34  2.33   30704.61          0.00      0.00  2.344   
2013-08-14  2.39  2.39   2.34  2.34   37323.65         -0.05     -2.09  2.332   
2013-08-13  2.35  2.39   2.39  2.34   66209.78          0.04      1.70  2.320   
2013-08-12  2.29  2.35   2.35  2.28   57561.46          0.05      2.17  2.306   
2013-08-09  2.28  2.30   2.30  2.26   27990.75          0.02      0.88  2.298   
2013-08-08  2.28  2.30   2.28  2.26   26045.18          0.00      0.00  2.294   
2013-08-07  2.32  2.34   2.28  2.27   34808.70         -0.04     -1.72  2.294   
2013-08-06  2.30  2.34   2.32  2.28   39129.00          0.01      0.43  2.278   
2013-08-05  2.28  2.33   2.31  2.26   33660.12          0.03      1.32  2.254   
2013-08-02  2.28  2.32   2.28  2.25   39136.80          0.00      0.00  2.228   
2013-08-01  2.21  2.28   2.28  2.20   35306.10          0.08      3.64  2.224   
2013-07-31  2.20  2.23   2.20  2.19   18303.30          0.00      0.00  2.222   
2013-07-30  2.16  2.22   2.20  2.16   22171.56          0.02      0.92  2.240   
2013-07-29  2.25  2.26   2.18  2.18   32215.21         -0.08     -3.54  2.250   
2013-07-26  2.24  2.27   2.26  2.22   25129.44         -0.01     -0.44  2.273   
2013-07-25  2.29  2.30   2.27  2.25   28375.11         -0.02     -0.87  2.280   
2013-07-24  2.30  2.32   2.29  2.24   40542.98         -0.02     -0.87  2.290   

             ma10   ma20      v_ma5     v_ma10     v_ma20  turnover  
date                                                                 
2016-07-22  6.656  6.663  164131.23  176303.61  192525.54      2.65  
2016-07-21  6.646  6.662  165963.88  172155.92  207478.84      3.12  
2016-07-20  6.625  6.635  182908.76  168577.04  215487.24      2.40  
2016-07-19  6.607  6.595  181132.21  169804.05  216878.30      2.85  
2016-07-18  6.604  6.547  190926.80  171151.35  213899.12      2.45  
2016-07-15  6.606  6.514  188475.99  175473.96  216673.24      2.80  
2016-07-14  6.614  6.476  178347.97  176833.59  212146.33      4.51  
2016-07-13  6.608  6.429  154245.32  175065.41  203936.25      2.26  
2016-07-12  6.635  6.393  158475.89  192765.03  201136.59      3.65  
2016-07-11  6.653  6.355  151375.89  188806.70  194593.30      2.25  
2016-07-08  6.669  6.310  162471.92  208747.46  195126.28      1.97  
2016-07-07  6.677  6.281  175319.21  242801.75  193764.55      2.53  
2016-07-06  6.644  6.260  195885.49  262397.45  191189.15      2.60  
2016-07-05  6.583  6.238  227054.16  263952.55  189498.49      3.07  
2016-07-04  6.490  6.207  226237.50  256646.90  185827.56      3.16  
2016-07-01  6.422  6.178  255023.01  257872.52  182888.88      3.02  
2016-06-30  6.337  6.147  310284.29  247459.07  184920.37      4.22  
2016-06-29  6.249  6.110  328909.41  232807.10  180982.68      5.16  
2016-06-28  6.151  6.059  300850.95  209508.15  172487.62      3.00  
2016-06-27  6.056  6.018  287056.30  200379.91  179225.58      5.52  
2016-06-24  5.950  5.971  260722.02  181505.10  183164.28      7.56  
2016-06-23  5.884  5.904  184633.84  144727.36  167091.71      5.75  
2016-06-22  5.875  5.864  136704.80  119980.84  158142.28      2.86  
2016-06-21  5.893  5.832  118165.35  115044.43  156088.86      1.87  
2016-06-20  5.923  5.804  113703.52  115008.21  157811.97      3.36  
2016-06-17  5.934  5.770  102288.18  107905.25  155203.72      1.31  
2016-06-16  5.957  5.741  104820.88  122381.68  162376.54      1.81  
2016-06-15  5.971  5.728  103256.89  129158.25  167341.45      1.34  
2016-06-14  5.966  5.723  111923.50  135467.08  174424.37      1.50  
2016-06-13  5.979  5.723  116312.90  158071.25  199188.64      2.43  
...           ...    ...        ...        ...        ...       ...  
2013-09-03  2.437  2.377   50490.27   73712.73   56092.53      0.97  
2013-09-02  2.417  2.368   49770.66   70951.83   55084.96      0.68  
2013-08-30  2.400  2.360   53517.49   69894.40   54706.98      0.85  
2013-08-29  2.385  2.352   63246.82   68914.25   54085.63      0.85  
2013-08-28  2.373  2.343   94273.26   66789.67   53253.41      0.79  
2013-08-27  2.367  2.333   96935.19   65678.33   51746.73      0.91  
2013-08-26  2.362  2.321   92133.00   66731.09   50071.19      0.98  
2013-08-23  2.354  2.309   86271.32   66491.84   48684.25      1.64  
2013-08-22  2.344  2.302   74581.69   59269.87   44930.20      3.40  
2013-08-21  2.324  2.291   39306.07   41166.12   35994.83      1.01  
2013-08-20  2.317  2.288   34421.48   38472.32   34934.64      0.52  
2013-08-19  2.319  2.287   41329.17   39218.09   35106.40      0.50  
2013-08-16  2.320  2.287   46712.35   39519.55   35354.22      0.69  
2013-08-15  2.319  2.286   43958.05   39257.00   34977.28      0.50  
2013-08-14  2.313  2.283   43026.16   39717.15   35244.32      0.61  
2013-08-13  2.299  2.279   42523.17   37815.12   35105.70      1.09  
2013-08-12  2.280  2.271   37107.02   33411.30   32883.98      0.94  
2013-08-09  2.263  2.265   32326.75   30876.67   30985.71      0.46  
2013-08-08  2.259  2.263   34555.96   30590.54   31235.29      0.43  
2013-08-07  2.258  2.261   36408.14   30823.53   31707.12      0.57  
2013-08-06  2.259  2.259   33107.06   31396.96   31396.96      0.64  
2013-08-05  2.252  2.252   29715.58   30537.85   30537.85      0.55  
2013-08-02  2.245  2.245   29426.59   30147.56   30147.56      0.64  
2013-08-01  2.240  2.240   26625.12   28863.39   28863.39      0.58  
2013-07-31  2.233  2.233   25238.92   27789.60   27789.60      0.30  
2013-07-30  2.240  2.240   29686.86   29686.86   29686.86      0.36  
2013-07-29  2.250  2.250   31565.69   31565.69   31565.69      0.53  
2013-07-26  2.273  2.273   31349.18   31349.18   31349.18      0.41  
2013-07-25  2.280  2.280   34459.05   34459.05   34459.05      0.47  
2013-07-24  2.290  2.290   40542.98   40542.98   40542.98      0.67  

[621 rows x 14 columns]