            open  high  close   low     volume  price_change  p_change    ma5  \
date                                                                            
2016-07-22  9.44  9.53   9.43  9.38   33131.84         -0.01     -0.11  9.390   
2016-07-21  9.47  9.59   9.44  9.39   56837.83         -0.08     -0.84  9.370   
2016-07-20  9.30  9.66   9.52  9.29   80187.52          0.21      2.26  9.370   
2016-07-19  9.27  9.32   9.31  9.20   31314.49          0.06      0.65  9.310   
2016-07-18  9.33  9.38   9.25  9.20   46101.62         -0.08     -0.86  9.296   
2016-07-15  9.40  9.44   9.33  9.27   52509.60         -0.11     -1.17  9.272   
2016-07-14  9.32  9.46   9.44  9.32   88262.19          0.22      2.39  9.230   
2016-07-13  9.32  9.45   9.22  9.18   81552.90         -0.02     -0.22  9.180   
2016-07-12  9.10  9.31   9.24  9.07   51647.88          0.11      1.21  9.166   
2016-07-11  9.08  9.26   9.13  9.08   49195.79          0.01      0.11  9.136   
2016-07-08  9.19  9.22   9.12  9.08   39421.38         -0.07     -0.76  9.128   
2016-07-07  9.15  9.30   9.19  9.11   58657.37          0.04      0.44  9.078   
2016-07-06  9.08  9.18   9.15  8.99   50813.97          0.06      0.66  9.016   
2016-07-05  9.11  9.15   9.09  9.00   49068.89          0.00      0.00  8.984   
2016-07-04  8.85  9.13   9.09  8.80   77160.51          0.22      2.48  8.924   
2016-07-01  8.89  8.96   8.87  8.85   37902.14         -0.01     -0.11  8.844   
2016-06-30  8.90  8.94   8.88  8.84   48907.61         -0.11     -1.22  8.784   
2016-06-29  8.78  8.99   8.99  8.76   76792.43          0.20      2.27  8.732   
2016-06-28  8.62  8.84   8.79  8.59   59843.58          0.10      1.15  8.674   
2016-06-27  8.50  8.69   8.69  8.50   37164.67          0.12      1.40  8.644   
2016-06-24  8.62  8.65   8.57  8.34   49111.72         -0.05     -0.58  8.646   
2016-06-23  8.66  8.68   8.62  8.55   37978.44         -0.08     -0.92  8.674   
2016-06-22  8.69  8.72   8.70  8.55   51000.36          0.06      0.69  8.656   
2016-06-21  8.70  8.80   8.64  8.60   38054.77         -0.06     -0.69  8.652   
2016-06-20  8.70  8.72   8.70  8.54   29672.11         -0.01     -0.12  8.622   
2016-06-17  8.56  8.75   8.71  8.56   43232.83          0.18      2.11  8.596   
2016-06-16  8.71  8.72   8.53  8.52   44314.49         -0.15     -1.73  8.624   
2016-06-15  8.40  8.75   8.68  8.40   39181.89          0.19      2.24  8.710   
2016-06-14  8.57  8.64   8.49  8.37   46422.20         -0.08     -0.93  8.766   
2016-06-13  8.60  8.80   8.57  8.57   48291.54         -0.28     -3.16  8.858   
...          ...   ...    ...   ...        ...           ...       ...    ...   
2013-09-10  6.94  6.99   6.93  6.83   61352.45         -0.07     -1.00  7.044   
2013-09-09  7.09  7.24   7.00  6.91   71560.91         -0.20     -2.78  6.952   
2013-09-06  7.00  7.41   7.20  6.85  135497.34         -0.13     -1.77  6.774   
2013-09-05  6.69  7.40   7.33  6.63  224353.94          0.57      8.43  6.534   
2013-09-04  6.43  6.76   6.76  6.32   83085.23          0.29      4.48  6.324   
2013-09-03  6.10  6.48   6.47  6.08   81952.18          0.36      5.89  6.236   
2013-09-02  6.00  6.14   6.11  5.97   26224.09          0.11      1.83  6.230   
2013-08-30  6.28  6.29   6.00  6.00   44946.04         -0.28     -4.46  6.304   
2013-08-29  6.33  6.35   6.28  6.28   26974.52         -0.04     -0.63  6.374   
2013-08-28  6.41  6.41   6.32  6.31   25342.33         -0.12     -1.86  6.374   
2013-08-27  6.48  6.50   6.44  6.40   26396.79         -0.04     -0.62  6.366   
2013-08-26  6.36  6.56   6.48  6.29   36475.58          0.13      2.05  6.348   
2013-08-23  6.28  6.42   6.35  6.26   29472.20          0.07      1.11  6.298   
2013-08-22  6.27  6.37   6.28  6.25   16346.10          0.00      0.00  6.272   
2013-08-21  6.30  6.30   6.28  6.18   17967.63         -0.07     -1.10  6.296   
2013-08-20  6.20  6.37   6.35  6.20   21274.60          0.12      1.93  6.356   
2013-08-19  6.16  6.28   6.23  6.09   13902.69          0.01      0.16  6.366   
2013-08-16  6.39  6.47   6.22  6.18   25511.73         -0.18     -2.81  6.388   
2013-08-15  6.52  6.61   6.40  6.40   27702.20         -0.18     -2.74  6.424   
2013-08-14  6.40  6.59   6.58  6.37   40317.76          0.18      2.81  6.414   
2013-08-13  6.39  6.42   6.40  6.34   30356.85          0.06      0.95  6.360   
2013-08-09  6.39  6.43   6.34  6.27   18042.80         -0.06     -0.94  6.352   
2013-08-08  6.32  6.43   6.40  6.30   25630.86          0.05      0.79  6.334   
2013-08-07  6.32  6.41   6.35  6.26   26794.78          0.04      0.63  6.254   
2013-08-06  6.33  6.38   6.31  6.25   28554.38         -0.05     -0.79  6.204   
2013-08-05  6.23  6.40   6.36  6.20   36426.73          0.11      1.76  6.182   
2013-08-02  6.60  6.60   6.25  6.23   69856.20          0.25      4.17  6.138   
2013-07-26  6.09  6.09   6.00  5.95   15334.15         -0.10     -1.64  6.100   
2013-07-25  6.20  6.24   6.10  6.10   24083.05         -0.10     -1.61  6.150   
2013-07-24  6.09  6.35   6.20  6.09   50078.45          0.16      2.65  6.200   

             ma10   ma20      v_ma5    v_ma10    v_ma20  turnover  
date                                                               
2016-07-22  9.331  9.159   49514.66  57074.17  55323.71      0.76  
2016-07-21  9.300  9.116   53390.21  57703.12  56122.70      1.30  
2016-07-20  9.275  9.075   59675.08  57885.07  55179.74      1.83  
2016-07-19  9.238  9.034   59948.16  54947.72  53720.38      0.71  
2016-07-18  9.216  9.000   64014.84  56723.16  54057.39      1.05  
2016-07-15  9.200  8.973   64633.67  59829.05  53235.92      1.20  
2016-07-14  9.154  8.942   62016.03  58368.30  52772.08      2.01  
2016-07-13  9.098  8.896   56095.06  54432.84  50574.69      1.86  
2016-07-12  9.075  8.869   49947.28  53956.80  48456.14      1.18  
2016-07-11  9.030  8.832   49431.48  54776.37  48194.86      1.12  
2016-07-08  8.986  8.804   55024.42  53573.26  48149.65      0.90  
2016-07-07  8.931  8.790   54720.58  54542.29  49596.11      1.34  
2016-07-06  8.874  8.779   52770.62  52474.40  49884.23      1.16  
2016-07-05  8.829  8.769   57966.32  52493.04  50124.20      1.12  
2016-07-04  8.784  8.762   60121.25  51391.62  50774.10      1.76  
2016-07-01  8.745  8.755   52122.09  46642.78  49761.18      0.86  
2016-06-30  8.729  8.758   54364.00  47175.85  53108.23      1.12  
2016-06-29  8.694  8.750   52178.17  46716.54  55786.48      1.75  
2016-06-28  8.663  8.720   47019.75  42955.49  59768.70      1.36  
2016-06-27  8.633  8.723   42661.99  41613.35  58892.22      0.85  
2016-06-24  8.621  8.727   41163.48  42726.04  59999.65      1.12  
2016-06-23  8.649  8.740   39987.70  44649.93  59206.82      0.87  
2016-06-22  8.683  8.750   41254.91  47294.06  59288.31      1.16  
2016-06-21  8.709  8.761   38891.22  47755.38  59236.83      0.87  
2016-06-20  8.740  8.769   40564.70  50156.59  59675.23      0.68  
2016-06-17  8.764  8.769   44288.59  52879.57  60903.19      0.99  
2016-06-16  8.786  8.767   49312.16  59040.61  61967.79      1.01  
2016-06-15  8.805  8.785   53333.22  64856.42  62834.70      0.89  
2016-06-14  8.777  8.799   56619.53  76581.91  63771.45      1.06  
2016-06-13  8.812  8.818   59748.47  76171.10  64749.42      1.10  
...           ...    ...        ...       ...       ...       ...  
2013-09-10  6.640  6.501  115169.97  78128.90  51832.82      1.85  
2013-09-09  6.591  6.474  119289.92  74633.34  50283.04      2.16  
2013-09-06  6.539  6.441  110222.56  71124.80  47607.13      4.09  
2013-09-05  6.454  6.401   92112.30  60522.29  42113.81      6.78  
2013-09-04  6.349  6.352   52636.41  39721.51  32235.85      2.51  
2013-09-03  6.301  6.330   41087.83  33209.75  29509.31      2.48  
2013-09-02  6.289  6.324   29976.75  27141.99  27233.03      0.79  
2013-08-30  6.301  6.331   32027.05  25909.85  29414.64      1.36  
2013-08-29  6.323  6.331   28932.28  23966.42  27934.04      0.81  
2013-08-28  6.335  6.322   26806.60  24039.19  27789.47      0.77  
2013-08-27  6.361  6.316   25331.66  25536.73  29026.28      0.80  
2013-08-26  6.357  6.309   24307.22  25932.73  29164.67      1.10  
2013-08-23  6.343  6.300   19792.64  24089.46  28758.51      0.89  
2013-08-22  6.348  6.297   19000.55  23705.32  28716.53      0.49  
2013-08-21  6.355  6.298   21271.77  24750.19  29489.68      0.54  
2013-08-20  6.358  6.299   25741.80  25808.87  30257.82      0.64  
2013-08-19  6.359  6.296   27558.25  27324.08  30899.47      0.42  
2013-08-16  6.361  6.301   28386.27  32919.43  32206.92      0.77  
2013-08-15  6.339  6.308   28410.09  31901.67  32764.85      0.84  
2013-08-14  6.309  6.299   28228.61  31539.76  33225.09      1.22  
2013-08-13  6.271  6.271   25875.93  32515.83  32515.83      0.92  
2013-08-09  6.257  6.257   27089.91  32755.71  32755.71      0.55  
2013-08-08  6.246  6.246   37452.59  34594.82  34594.82      0.77  
2013-08-07  6.224  6.224   35393.25  35875.39  35875.39      0.81  
2013-08-06  6.203  6.203   34850.90  37388.83  37388.83      0.86  
2013-08-05  6.182  6.182   39155.72  39155.72  39155.72      1.10  
2013-08-02  6.138  6.138   39837.96  39837.96  39837.96      2.11  
2013-07-26  6.100  6.100   29831.88  29831.88  29831.88      0.46  
2013-07-25  6.150  6.150   37080.75  37080.75  37080.75      0.73  
2013-07-24  6.200  6.200   50078.45  50078.45  50078.45      1.51  

[712 rows x 14 columns]