            open  high  close   low      volume  price_change  p_change  \
date                                                                      
2016-07-22  6.46  6.78   6.69  6.45   956849.50          0.21      3.24   
2016-07-21  6.43  6.62   6.48  6.40   376406.88          0.05      0.78   
2016-07-20  6.45  6.52   6.43  6.42   175724.00         -0.01     -0.15   
2016-07-19  6.50  6.52   6.44  6.39   235816.61         -0.06     -0.92   
2016-07-18  6.46  6.55   6.50  6.46   159800.59          0.00      0.00   
2016-07-15  6.57  6.58   6.50  6.48   234648.09         -0.06     -0.92   
2016-07-14  6.60  6.65   6.56  6.50   301278.34         -0.03     -0.46   
2016-07-13  6.60  6.67   6.59  6.51   443868.97         -0.02     -0.30   
2016-07-12  6.49  6.71   6.61  6.44   658200.44          0.12      1.85   
2016-07-11  6.58  6.60   6.49  6.43   660555.25         -0.13     -1.96   
2016-07-08  6.60  6.87   6.62  6.53  1455123.38          0.09      1.38   
2016-07-07  5.94  6.53   6.53  5.94   696583.12          0.59      9.93   
2016-07-06  5.93  5.95   5.94  5.88   266079.88         -0.01     -0.17   
2016-07-05  5.96  5.98   5.95  5.91   261392.69          0.00      0.00   
2016-07-04  5.85  5.98   5.95  5.83   339624.59          0.06      1.02   
2016-07-01  5.86  5.98   5.89  5.82   246119.61          0.04      0.68   
2016-06-30  5.89  5.93   5.85  5.82   172908.30         -0.02     -0.34   
2016-06-29  5.94  5.94   5.87  5.86   241312.84         -0.03     -0.51   
2016-06-28  5.67  5.93   5.90  5.66   372443.78          0.19      3.33   
2016-06-27  5.61  5.72   5.71  5.60   197719.02          0.07      1.24   
2016-06-24  5.78  5.82   5.64  5.50   212631.50         -0.12     -2.08   
2016-06-23  5.80  5.83   5.76  5.73   121665.26         -0.02     -0.35   
2016-06-22  5.69  5.78   5.78  5.68   109137.58          0.07      1.23   
2016-06-21  5.85  5.88   5.71  5.66   189459.38         -0.09     -1.55   
2016-06-20  5.86  5.87   5.80  5.73   137018.16         -0.01     -0.17   
2016-06-17  5.71  5.98   5.81  5.71   275168.25          0.13      2.29   
2016-06-16  5.75  5.82   5.68  5.65   178787.91         -0.13     -2.24   
2016-06-15  5.62  5.87   5.81  5.58   201880.02          0.15      2.65   
2016-06-14  5.69  5.74   5.66  5.65   115237.22         -0.01     -0.18   
2016-06-13  6.00  6.00   5.67  5.65   275946.44         -0.38     -6.28   
...          ...   ...    ...   ...         ...           ...       ...   
2013-09-03  4.59  4.66   4.60  4.55   110376.38          0.02      0.44   
2013-09-02  4.52  4.58   4.58  4.45   123149.72          0.08      1.78   
2013-08-30  4.60  4.66   4.50  4.43   183675.66         -0.13     -2.81   
2013-08-29  4.74  4.75   4.63  4.50   170662.84         -0.05     -1.07   
2013-08-28  4.80  4.97   4.68  4.65   352794.41         -0.26     -5.26   
2013-08-27  4.76  4.95   4.94  4.68   228843.81          0.18      3.78   
2013-08-26  4.64  4.77   4.76  4.63   160169.12          0.09      1.93   
2013-08-23  4.53  4.76   4.67  4.52   265915.12          0.09      1.97   
2013-08-22  4.30  4.68   4.58  4.30   367323.31          0.28      6.51   
2013-08-21  4.28  4.32   4.30  4.22    80465.97          0.00      0.00   
2013-08-20  4.24  4.34   4.30  4.22    91492.33          0.06      1.42   
2013-08-19  4.18  4.27   4.24  4.14    63395.15          0.05      1.19   
2013-08-16  4.13  4.30   4.19  4.10   131647.84          0.05      1.21   
2013-08-15  4.26  4.30   4.14  4.10    95073.37         -0.12     -2.82   
2013-08-14  4.35  4.37   4.26  4.26    71518.08         -0.10     -2.29   
2013-08-13  4.35  4.40   4.36  4.29    77408.83         -0.01     -0.23   
2013-08-12  4.41  4.42   4.37  4.33   118481.44         -0.05     -1.13   
2013-08-09  4.28  4.48   4.42  4.27   235858.67          0.13      3.03   
2013-08-08  4.22  4.33   4.29  4.15   126431.93          0.07      1.66   
2013-08-07  4.26  4.31   4.22  4.17   110310.73         -0.03     -0.71   
2013-08-06  4.29  4.41   4.25  4.24   142294.41         -0.01     -0.23   
2013-08-05  4.10  4.32   4.26  4.09   148973.02          0.16      3.90   
2013-08-02  4.13  4.19   4.10  4.10   112755.27         -0.05     -1.21   
2013-08-01  4.08  4.17   4.15  3.99   219804.00          0.05      1.22   
2013-07-31  3.96  4.16   4.10  3.95   229917.70          0.09      2.24   
2013-07-30  3.84  4.03   4.01  3.82   239043.55          0.20      5.25   
2013-07-29  3.64  3.86   3.81  3.62   179406.05          0.16      4.38   
2013-07-26  3.69  3.73   3.65  3.59    50344.64         -0.06     -1.62   
2013-07-25  3.74  3.80   3.71  3.71    69832.38         -0.03     -0.80   
2013-07-24  3.66  3.82   3.74  3.65   119196.20          0.06      1.63   

              ma5   ma10   ma20      v_ma5     v_ma10     v_ma20  turnover  
date                                                                        
2016-07-22  6.508  6.529  6.275  380919.52  420314.87  422622.79      4.95  
2016-07-21  6.470  6.522  6.223  236479.23  470142.26  385411.89      1.95  
2016-07-20  6.486  6.527  6.187  221453.53  502159.88  372674.81      0.91  
2016-07-19  6.518  6.478  6.154  275082.52  511195.47  369345.49      1.22  
2016-07-18  6.552  6.429  6.118  359559.29  513753.08  367027.63      0.83  
2016-07-15  6.550  6.374  6.083  459710.22  531735.48  365888.51      1.21  
2016-07-14  6.574  6.313  6.048  703805.28  532882.63  367914.52      1.56  
2016-07-13  6.568  6.242  6.004  782866.23  520045.62  361790.00      2.29  
2016-07-12  6.438  6.170  5.965  747308.41  499790.01  349690.55      3.40  
2016-07-11  6.306  6.099  5.918  667946.86  471214.34  322542.39      3.41  
2016-07-08  6.198  6.021  5.877  603760.73  424930.72  303311.95      7.52  
2016-07-07  6.052  5.923  5.848  361959.98  300681.53  238795.67      3.60  
2016-07-06  5.916  5.846  5.826  257225.01  243189.75  210645.41      1.38  
2016-07-05  5.902  5.830  5.835  252271.61  227495.52  205674.18      1.35  
2016-07-04  5.892  5.806  5.845  274481.82  220302.19  203594.78      1.76  
2016-07-01  5.844  5.791  5.854  246100.71  200041.54  198110.06      1.27  
2016-06-30  5.794  5.783  5.866  239403.09  202946.41  202027.04      0.89  
2016-06-29  5.776  5.766  5.876  229154.48  203534.37  208419.20      1.25  
2016-06-28  5.758  5.760  5.872  202719.43  199591.09  202653.00      1.92  
2016-06-27  5.720  5.736  5.869  166122.55  173870.43  189658.03      1.02  
2016-06-24  5.738  5.732  5.880  153982.38  181693.17  186803.33      1.10  
2016-06-23  5.772  5.773  5.894  166489.73  176909.80  182472.74      0.63  
2016-06-22  5.756  5.806  5.903  177914.26  178101.07  183195.23      0.56  
2016-06-21  5.762  5.840  5.915  196462.74  183852.84  187076.55      0.98  
2016-06-20  5.752  5.883  5.927  181618.31  186887.37  186886.68      0.71  
2016-06-17  5.726  5.917  5.936  209403.97  196178.57  192730.78      1.42  
2016-06-16  5.774  5.948  6.403  187329.88  201107.67  185021.66      0.92  
2016-06-15  5.856  5.985  6.914  178287.87  213304.04  181993.16      1.04  
2016-06-14  5.918  5.983  7.413  171242.94  205714.92  176696.32      0.60  
2016-06-13  6.014  6.002  7.901  192156.44  205445.63  178782.47      1.43  
...           ...    ...    ...        ...        ...        ...       ...  
2013-09-03  4.598  4.624  4.452  188131.80  204337.63  158249.74      1.57  
2013-09-02  4.666  4.594  4.434  211825.29  202449.23  159845.64      1.75  
2013-08-30  4.702  4.560  4.418  219229.17  196473.77  161136.80      2.61  
2013-08-29  4.736  4.529  4.398  235677.06  191270.99  157590.78      2.42  
2013-08-28  4.726  4.480  4.374  275009.15  183712.04  160047.84      5.01  
2013-08-27  4.650  4.438  4.345  220543.47  155584.41  153904.01      3.25  
2013-08-26  4.522  4.380  4.299  193073.17  140440.91  154413.99      2.27  
2013-08-23  4.418  4.341  4.251  173718.38  136272.14  155375.84      3.77  
2013-08-22  4.322  4.316  4.200  146864.92  133266.50  144597.31      5.21  
2013-08-21  4.234  4.287  4.157   92414.93  109177.36  129722.77      1.14  
2013-08-20  4.226  4.279  4.129   90625.35  112161.84  131659.28      1.30  
2013-08-19  4.238  4.274  4.119   87808.65  117242.05  133773.33      0.90  
2013-08-16  4.264  4.276  4.113   98825.91  125799.83  137683.23      1.87  
2013-08-15  4.310  4.267  4.108  119668.08  123910.58  138038.25      1.35  
2013-08-14  4.340  4.268  4.106  125939.79  136383.64  140723.56      1.02  
2013-08-13  4.332  4.252  4.096  133698.32  152223.60  145337.25      1.10  
2013-08-12  4.310  4.217  4.077  146675.44  168387.07  150189.29      1.68  
2013-08-09  4.288  4.161  4.055  152773.75  174479.53  152628.35      3.35  
2013-08-08  4.224  4.084  4.024  128153.07  155928.13  145692.49      1.79  
2013-08-07  4.196  4.026  4.000  146827.49  150268.17  147443.45      1.57  
2013-08-06  4.172  3.978  3.978  170748.88  151156.72  151156.72      2.02  
2013-08-05  4.124  3.948  3.948  190098.71  152141.42  152141.42      2.11  
2013-08-02  4.034  3.909  3.909  196185.31  152537.47  152537.47      1.60  
2013-08-01  3.944  3.881  3.881  183703.19  158220.65  158220.65      3.12  
2013-07-31  3.856  3.837  3.837  153708.86  147956.75  147956.75      3.26  
2013-07-30  3.784  3.784  3.784  131564.56  131564.56  131564.56      3.39  
2013-07-29  3.728  3.728  3.728  104694.82  104694.82  104694.82      2.55  
2013-07-26  3.700  3.700  3.700   79791.07   79791.07   79791.07      0.71  
2013-07-25  3.725  3.725  3.725   94514.29   94514.29   94514.29      0.99  
2013-07-24  3.740  3.740  3.740  119196.20  119196.20  119196.20      1.69  

[721 rows x 14 columns]