             open   high  close    low     volume  price_change  p_change  \
date                                                                        
2016-07-22  12.28  12.28  11.94  11.91   45015.35         -0.26     -2.13   
2016-07-21  12.12  12.29  12.20  12.08   50207.50          0.08      0.66   
2016-07-20  12.10  12.19  12.12  11.98   43026.75          0.01      0.08   
2016-07-19  12.11  12.16  12.11  11.90   50139.92          0.01      0.08   
2016-07-18  12.12  12.26  12.10  12.10   31133.84         -0.11     -0.90   
2016-07-15  12.45  12.47  12.21  12.17   53601.37         -0.19     -1.53   
2016-07-14  12.20  12.40  12.40  12.07   63354.11          0.14      1.14   
2016-07-13  11.93  12.27  12.26  11.91   74207.43          0.35      2.94   
2016-07-12  12.06  12.15  11.91  11.65   94291.53         -0.14     -1.16   
2016-07-11  12.34  12.40  12.05  11.96   78903.91         -0.29     -2.35   
2016-07-08  12.44  12.58  12.34  12.33   49710.89         -0.09     -0.72   
2016-07-07  12.50  12.52  12.43  12.30   59428.38         -0.14     -1.11   
2016-07-06  12.50  12.70  12.57  12.46   71978.52          0.02      0.16   
2016-07-05  12.36  12.56  12.55  12.30   70910.89          0.19      1.54   
2016-07-04  12.30  12.48  12.36  12.23   71682.16          0.06      0.49   
2016-07-01  12.56  12.62  12.30  12.24   54102.95         -0.26     -2.07   
2016-06-30  12.70  12.89  12.56  12.40   62372.90         -0.13     -1.02   
2016-06-29  12.83  12.93  12.69  12.63   47922.57         -0.17     -1.32   
2016-06-28  12.77  12.88  12.86  12.62   56717.34         -0.04     -0.31   
2016-06-27  12.59  12.90  12.90  12.47   89991.33          0.07      0.55   
2016-06-24  12.65  12.95  12.83  12.04  107497.60          0.29      2.31   
2016-06-23  12.79  12.98  12.54  12.43   52062.61         -0.26     -2.03   
2016-06-22  12.83  13.03  12.80  12.45   69502.73         -0.15     -1.16   
2016-06-21  13.19  13.54  12.95  12.95   52833.07         -0.23     -1.75   
2016-06-20  13.12  13.46  13.18  12.88   58577.76          0.07      0.53   
2016-06-17  13.38  13.40  13.11  13.00   58491.18         -0.23     -1.72   
2016-06-16  13.00  13.60  13.34  12.70  119946.18          0.20      1.52   
2016-06-15  12.50  13.67  13.14  12.41  150228.06          0.64      5.12   
2016-06-14  11.90  12.50  12.50  11.70   55550.78          0.53      4.43   
2016-06-13  12.39  12.70  11.97  11.97   74673.69         -0.51     -4.09   
...           ...    ...    ...    ...        ...           ...       ...   
2013-09-03   6.17   6.50   6.29   6.12   72224.23          0.14      2.28   
2013-09-02   6.06   6.16   6.15   6.03   32502.08          0.09      1.49   
2013-08-30   6.07   6.15   6.06   6.02   25907.46         -0.01     -0.17   
2013-08-29   6.00   6.08   6.07   6.00   17880.54          0.07      1.17   
2013-08-28   6.00   6.08   6.00   5.96   18043.51         -0.04     -0.66   
2013-08-27   5.93   6.05   6.04   5.90   21142.25          0.10      1.68   
2013-08-26   5.84   5.96   5.94   5.83    9409.66          0.11      1.89   
2013-08-23   5.91   5.98   5.83   5.79   11877.88         -0.12     -2.02   
2013-08-22   5.98   5.98   5.95   5.89    8805.78         -0.04     -0.67   
2013-08-21   5.90   6.01   5.99   5.87   14121.04          0.05      0.84   
2013-08-20   5.84   5.98   5.94   5.84   21739.82          0.06      1.02   
2013-08-19   5.71   5.91   5.88   5.70   21938.22          0.11      1.91   
2013-08-16   5.94   6.03   5.77   5.75   24565.46         -0.17     -2.86   
2013-08-15   6.05   6.06   5.94   5.93   16146.11         -0.11     -1.82   
2013-08-14   6.14   6.14   6.05   6.03   21539.53         -0.06     -0.98   
2013-08-13   6.06   6.15   6.11   6.03   26079.32          0.05      0.82   
2013-08-12   5.96   6.09   6.06   5.90   25564.70          0.13      2.19   
2013-08-09   5.95   5.98   5.93   5.87   19286.42         -0.06     -1.00   
2013-08-08   6.03   6.03   5.99   5.92   15046.00         -0.04     -0.66   
2013-08-07   6.09   6.09   6.03   6.01   13092.32         -0.06     -0.98   
2013-08-06   6.09   6.13   6.09   6.02   16727.89          0.01      0.16   
2013-08-05   5.91   6.09   6.08   5.91   13230.77          0.08      1.33   
2013-08-02   6.16   6.18   6.00   5.99   19572.78         -0.15     -2.44   
2013-08-01   6.15   6.16   6.15   6.06   16775.82          0.05      0.82   
2013-07-31   6.00   6.16   6.10   5.82   21338.82          0.08      1.33   
2013-07-30   5.94   6.05   6.02   5.87   22547.21          0.04      0.67   
2013-07-29   5.95   6.15   5.98   5.95   28421.20          0.05      0.84   
2013-07-26   5.88   5.97   5.93   5.73   25038.27          0.03      0.51   
2013-07-25   6.17   6.17   5.90   5.90   35582.92         -0.25     -4.07   
2013-07-24   6.30   6.30   6.15   6.10   39527.09         -0.21     -3.30   

               ma5    ma10    ma20     v_ma5    v_ma10    v_ma20  turnover  
date                                                                        
2016-07-22  12.094  12.130  12.343  43904.67  58388.17  60934.98      2.02  
2016-07-21  12.148  12.170  12.388  45621.88  58857.73  64059.09      2.25  
2016-07-20  12.188  12.193  12.405  48251.20  59779.81  64151.85      1.93  
2016-07-19  12.216  12.238  12.439  54487.33  62674.99  65475.65      2.25  
2016-07-18  12.176  12.282  12.481  63317.66  64752.09  65610.31      1.40  
2016-07-15  12.166  12.308  12.535  72871.67  68806.92  66982.50      2.40  
2016-07-14  12.192  12.317  12.580  72093.57  68857.08  67226.99      2.84  
2016-07-13  12.198  12.333  12.627  71308.43  68758.96  70056.60      3.33  
2016-07-12  12.260  12.376  12.671  70862.65  66130.47  73857.63      4.22  
2016-07-11  12.388  12.471  12.700  66186.52  62373.05  71920.59      3.54  
2016-07-08  12.450  12.556  12.696  64742.17  63481.79  71709.08      2.23  
2016-07-07  12.442  12.605  12.703  65620.58  69260.46  72843.52      2.66  
2016-07-06  12.468  12.616  12.722  66209.48  68523.89  75656.77      3.23  
2016-07-05  12.492  12.639  12.695  61398.29  68276.31  75279.21      3.18  
2016-07-04  12.554  12.679  12.663  58559.58  66468.53  73374.96      3.21  
2016-07-01  12.662  12.761  12.639  62221.42  65158.09  72088.87      2.42  
2016-06-30  12.768  12.842  12.616  72900.35  65596.91  71703.83      2.79  
2016-06-29  12.764  12.920  12.571  70838.29  71354.24  70552.73      2.15  
2016-06-28  12.786  12.965  12.496  75154.32  81584.79  69235.71      2.54  
2016-06-27  12.804  12.929  12.425  74377.47  81468.13  68624.60      4.03  
2016-06-24  12.860  12.836  12.346  68094.75  79936.37  65071.53      4.82  
2016-06-23  12.916  12.801  12.264  58293.47  76426.58  60743.35      2.33  
2016-06-22  13.076  12.828  12.209  71870.18  82789.65  59682.71      3.11  
2016-06-21  13.144  12.751  12.141  88015.25  82282.10  57571.83      2.37  
2016-06-20  13.054  12.646  12.046  88558.79  80281.40  55712.35      2.62  
2016-06-17  12.812  12.517  11.934  91777.98  79019.66  53897.36      2.62  
2016-06-16  12.686  12.389  11.824  94559.69  77810.74  52905.43      5.37  
2016-06-15  12.580  12.221  11.726  93709.12  69751.22  48820.48      6.73  
2016-06-14  12.358  12.027  11.639  76548.96  56886.64  46117.48      2.49  
2016-06-13  12.238  11.921  11.598  72004.01  55781.08  47469.77      3.35  
...            ...     ...     ...       ...       ...       ...       ...  
2013-09-03   6.114   6.032   6.001  33311.56  23191.44  21845.62      3.24  
2013-09-02   6.064   5.997   5.991  23095.17  18143.00  19070.80      1.46  
2013-08-30   6.022   5.970   5.988  18476.68  17086.62  18107.23      1.16  
2013-08-29   5.976   5.941   5.985  15670.77  16952.42  17790.50      0.80  
2013-08-28   5.952   5.928   5.989  13855.82  16778.97  17735.26      0.81  
2013-08-27   5.950   5.933   5.994  13071.32  17128.57  17900.03      0.95  
2013-08-26   5.930   5.940   5.993  13190.84  17622.28  17970.28      0.42  
2013-08-23   5.918   5.952   5.995  15696.55  19237.79  18920.85      0.53  
2013-08-22   5.906   5.962   6.000  18234.06  19978.64  19578.87      0.39  
2013-08-21   5.904   5.966   5.997  19702.13  20602.66  20917.73      0.63  
2013-08-20   5.916   5.970   6.005  21185.83  20499.79  22188.03      0.97  
2013-08-19   5.950   5.985   6.008  22053.73  19998.60  22211.62      0.98  
2013-08-16   5.986   6.005   6.016  22779.02  19127.85  22226.81      1.10  
2013-08-15   6.018   6.028   6.030  21723.22  18628.58  22089.25      0.72  
2013-08-14   6.028   6.049   6.036  21503.19  18691.56  22460.69      0.97  
2013-08-13   6.024   6.054   6.035  19813.75  18671.48  22522.10      1.17  
2013-08-12   6.020   6.045   6.029  17943.47  18318.27  22268.01      1.15  
2013-08-09   6.024   6.037   6.027  15476.68  18603.92  22014.42      0.86  
2013-08-08   6.038   6.037   6.035  15533.95  19179.11  22241.76      0.67  
2013-08-07   6.070   6.028   6.039  15879.92  21232.80  22895.92      0.59  
2013-08-06   6.084   6.040   6.040  17529.22  23876.28  23876.28      0.75  
2013-08-05   6.070   6.034   6.034  18693.08  24670.54  24670.54      0.59  
2013-08-02   6.050   6.029   6.029  21731.17  26100.51  26100.51      0.88  
2013-08-01   6.036   6.033   6.033  22824.26  27033.05  27033.05      0.75  
2013-07-31   5.986   6.013   6.013  26585.68  28742.58  28742.58      0.96  
2013-07-30   5.996   5.996   5.996  30223.34  30223.34  30223.34      1.01  
2013-07-29   5.990   5.990   5.990  32142.37  32142.37  32142.37      1.27  
2013-07-26   5.993   5.993   5.993  33382.76  33382.76  33382.76      1.12  
2013-07-25   6.025   6.025   6.025  37555.00  37555.00  37555.00      1.59  
2013-07-24   6.150   6.150   6.150  39527.09  39527.09  39527.09      1.77  

[682 rows x 14 columns]