             open   high  close    low     volume  price_change  p_change  \
date                                                                        
2016-07-26  11.36  11.85  11.70  11.32  358947.16          0.36      3.17   
2016-07-25  11.10  11.35  11.34  11.06  145579.91          0.18      1.61   
2016-07-22  11.26  11.34  11.16  11.12  164551.23         -0.18     -1.59   
2016-07-21  11.16  11.47  11.34  11.11  222500.45          0.10      0.89   
2016-07-20  11.42  11.66  11.24  11.22  322583.75          0.14      1.26   
2016-07-19  11.03  11.13  11.10  10.93  129920.79          0.07      0.64   
2016-07-18  11.35  11.35  11.03  10.94  234715.38         -0.33     -2.90   
2016-07-15  11.32  11.52  11.36  11.21  255248.91          0.02      0.18   
2016-07-14  11.03  11.37  11.34  11.00  296046.97          0.29      2.62   
2016-07-13  11.05  11.16  11.05  10.98  252553.12          0.07      0.64   
2016-07-12  10.83  10.98  10.98  10.62  201515.16          0.10      0.92   
2016-07-11  11.22  11.35  10.88  10.82  323129.53         -0.07     -0.64   
2016-07-08  10.94  11.06  10.95  10.80  203503.77          0.01      0.09   
2016-07-07  11.01  11.14  10.94  10.78  269785.38         -0.12     -1.08   
2016-07-06  11.15  11.18  11.06  10.96  225120.81         -0.12     -1.07   
2016-07-05  11.05  11.18  11.18  10.95  287338.41          0.01      0.09   
2016-07-04  10.40  11.26  11.17  10.36  570655.69          0.65      6.18   
2016-07-01  10.31  10.72  10.52  10.20  351946.50          0.23      2.23   
2016-06-30  10.36  10.47  10.29  10.21  151729.31         -0.07     -0.68   
2016-06-29  10.46  10.54  10.36  10.24  192215.55         -0.09     -0.86   
2016-06-28  10.34  10.49  10.45  10.25  251648.59          0.03      0.29   
2016-06-27  10.00  10.48  10.42   9.92  234657.81          0.37      3.68   
2016-06-24  10.30  10.43  10.05   9.72  303282.81         -0.29     -2.81   
2016-06-23  10.50  10.55  10.34  10.24  243540.88         -0.23     -2.18   
2016-06-22  10.11  10.58  10.57   9.99  428165.88          0.57      5.70   
2016-06-21  10.30  10.33  10.00   9.87  191374.06         -0.23     -2.25   
2016-06-20  10.23  10.29  10.23   9.98  176927.38         -0.01     -0.10   
2016-06-17  10.40  10.73  10.24  10.09  366494.84         -0.06     -0.58   
2016-06-16   9.77  10.50  10.30   9.77  421751.31          0.51      5.21   
2016-06-15   9.33   9.85   9.79   9.23  192860.31          0.40      4.26   
...           ...    ...    ...    ...        ...           ...       ...   
2013-09-06   6.37   6.46   6.43   6.35   52585.68          0.02      0.31   
2013-09-05   6.37   6.46   6.41   6.30   75322.55          0.06      0.94   
2013-09-04   6.36   6.40   6.35   6.32   34833.73          0.00      0.00   
2013-09-03   6.23   6.37   6.35   6.22   47681.39          0.10      1.60   
2013-09-02   6.30   6.32   6.25   6.19   64379.68         -0.09     -1.42   
2013-08-30   6.44   6.46   6.34   6.31   68714.15         -0.09     -1.40   
2013-08-29   6.37   6.45   6.43   6.37   54057.82          0.05      0.78   
2013-08-28   6.38   6.41   6.38   6.30   65822.56         -0.03     -0.47   
2013-08-27   6.42   6.44   6.41   6.34   52387.32          0.00      0.00   
2013-08-26   6.33   6.43   6.41   6.29   56647.22          0.09      1.42   
2013-08-23   6.36   6.43   6.32   6.22   44011.59         -0.06     -0.94   
2013-08-22   6.35   6.43   6.38   6.29   39960.22          0.03      0.47   
2013-08-21   6.37   6.39   6.35   6.29   32002.34         -0.01     -0.16   
2013-08-20   6.36   6.44   6.36   6.33   48369.18          0.00      0.00   
2013-08-19   6.29   6.39   6.36   6.28   42051.49          0.04      0.63   
2013-08-16   6.40   6.58   6.32   6.30   82152.68         -0.12     -1.86   
2013-08-15   6.51   6.56   6.44   6.43   57088.10         -0.12     -1.83   
2013-08-14   6.67   6.71   6.56   6.52   77117.12         -0.10     -1.50   
2013-08-13   6.65   6.69   6.66   6.62   67311.82          0.01      0.15   
2013-08-12   6.55   6.66   6.65   6.55   93575.15          0.13      1.99   
2013-08-09   6.49   6.52   6.52   6.40   38689.51          0.03      0.46   
2013-08-08   6.45   6.55   6.49   6.42   39149.15         -0.02     -0.31   
2013-08-07   6.64   6.65   6.51   6.48   68186.71         -0.17     -2.54   
2013-08-06   6.69   6.69   6.68   6.60   51127.34         -0.01     -0.15   
2013-08-05   6.62   6.70   6.69   6.56   60484.39          0.03      0.45   
2013-08-02   6.62   6.75   6.66   6.55   91592.86          0.06      0.91   
2013-08-01   6.48   6.60   6.60   6.42   52521.88          0.12      1.85   
2013-07-31   6.34   6.55   6.48   6.31   55388.40          0.15      2.37   
2013-07-30   6.27   6.39   6.33   6.11   50256.16          0.09      1.44   
2013-07-29   6.40   6.40   6.24   6.18   68180.23         -0.24     -3.70   

               ma5    ma10    ma20      v_ma5     v_ma10     v_ma20  turnover  
date                                                                           
2016-07-26  11.356  11.266  11.050  242832.50  238264.77  257979.39      3.68  
2016-07-25  11.236  11.194  10.987  197027.23  222521.57  252614.46      1.49  
2016-07-22  11.174  11.148  10.941  214854.32  240276.53  257068.36      1.69  
2016-07-21  11.214  11.127  10.886  232993.86  244171.78  264004.93      2.28  
2016-07-20  11.214  11.087  10.836  247703.16  248900.28  265056.96      3.31  
2016-07-19  11.176  11.069  10.802  233697.03  239153.98  270336.06      1.33  
2016-07-18  11.152  11.077  10.747  248015.91  254895.74  273408.73      2.41  
2016-07-15  11.122  11.091  10.707  265698.74  288489.78  270519.33      2.62  
2016-07-14  11.040  11.007  10.651  255349.71  298159.53  276081.62      3.04  
2016-07-13  10.960  10.902  10.599  250097.39  283727.77  282366.84      2.59  
2016-07-12  10.962  10.833  10.536  244610.93  277694.01  279382.20      2.07  
2016-07-11  11.002  10.780  10.457  261775.58  282707.35  276649.96      3.31  
2016-07-08  11.060  10.734  10.384  311280.81  273860.18  274936.52      2.09  
2016-07-07  10.974  10.644  10.351  340969.36  283838.09  275081.96      2.77  
2016-07-06  10.844  10.584  10.317  317358.14  281213.64  268404.02      2.31  
2016-07-05  10.704  10.535  10.280  310777.09  301518.14  268417.61      2.95  
2016-07-04  10.558  10.417  10.233  303639.13  291921.71  268090.22      5.85  
2016-07-01  10.408  10.323  10.192  236439.55  252548.88  250389.99      3.61  
2016-06-30  10.314  10.295  10.186  226706.81  254003.71  251155.79      1.56  
2016-06-29  10.324  10.296  10.185  245069.13  281005.91  256452.72      1.97  
2016-06-28  10.366  10.239  10.155  292259.19  281070.39  252006.74      2.58  
2016-06-27  10.276  10.133  10.127  280204.29  270592.57  246322.36      2.41  
2016-06-24  10.238  10.033  10.106  268658.20  276012.85  243136.51      3.11  
2016-06-23  10.276  10.058  10.102  281300.61  266325.83  236635.51      2.50  
2016-06-22  10.268  10.050  10.093  316942.69  255594.40  236710.45      4.39  
2016-06-21  10.112  10.025  10.072  269881.58  235317.08  227593.36      1.96  
2016-06-20   9.990  10.048  10.080  260980.85  244258.73  237397.10      1.81  
2016-06-17   9.828  10.060  10.051  283367.51  248231.10  237473.66      3.76  
2016-06-16   9.840  10.076  10.005  251351.04  248307.87  227152.26      4.33  
2016-06-15   9.832  10.073   9.977  194246.11  231899.53  214146.06      1.98  
...            ...     ...     ...        ...        ...        ...       ...  
2013-09-06   6.358   6.376   6.408   54960.61   57243.21   57803.59      0.85  
2013-09-05   6.340   6.365   6.413   58186.30   56385.80   57108.78      1.22  
2013-09-04   6.344   6.362   6.417   53933.35   52849.57   55300.11      0.56  
2013-09-03   6.350   6.362   6.425   60131.12   52566.43   56967.76      0.77  
2013-09-02   6.362   6.363   6.441   61072.31   52635.21   57140.06      1.04  
2013-08-30   6.394   6.374   6.463   59525.81   50402.39   56945.29      1.11  
2013-08-29   6.390   6.372   6.479   54585.30   51746.24   58089.23      0.88  
2013-08-28   6.380   6.373   6.488   51765.78   52049.27   58012.43      1.07  
2013-08-27   6.374   6.391   6.493   45001.74   53178.73   57490.72      0.85  
2013-08-26   6.364   6.416   6.489   44198.11   54671.18   57384.17      0.92  
2013-08-23   6.354   6.440   6.480   41278.96   58363.97   57960.82      0.71  
2013-08-22   6.354   6.460   6.488   48907.18   57831.76   58694.99      0.65  
2013-08-21   6.366   6.471   6.494   52332.76   57750.65   59735.81      0.52  
2013-08-20   6.408   6.487   6.503   61355.71   61369.09   61367.19      0.78  
2013-08-19   6.468   6.519   6.512   65144.24   61644.91   62179.56      0.68  
2013-08-16   6.526   6.552   6.522   75448.97   63488.20   63521.43      1.33  
2013-08-15   6.566   6.586   6.536   66756.34   64432.22   62190.63      0.93  
2013-08-14   6.576   6.602   6.544   63168.55   63975.59   62583.13      1.25  
2013-08-13   6.566   6.594   6.543   61382.47   61802.72   61371.97      1.09  
2013-08-12   6.570   6.561   6.532   58145.57   60097.16   60831.98      1.52  
2013-08-09   6.578   6.520   6.520   51527.42   57557.66   57557.66      0.63  
2013-08-08   6.606   6.520   6.520   62108.09   59654.12   59654.12      0.63  
2013-08-07   6.628   6.524   6.524   64782.64   62217.25   62217.25      1.10  
2013-08-06   6.622   6.526   6.526   62222.97   61364.47   61364.47      0.83  
2013-08-05   6.552   6.500   6.500   62048.74   63070.65   63070.65      0.98  
2013-08-02   6.462   6.462   6.462   63587.91   63587.91   63587.91      1.48  
2013-08-01   6.413   6.413   6.413   56586.67   56586.67   56586.67      0.85  
2013-07-31   6.350   6.350   6.350   57941.60   57941.60   57941.60      0.90  
2013-07-30   6.285   6.285   6.285   59218.20   59218.20   59218.20      0.81  
2013-07-29   6.240   6.240   6.240   68180.23   68180.23   68180.23      1.10  

[721 rows x 14 columns]