             open   high  close    low      volume  price_change  p_change  \
date                                                                         
2016-07-22  17.05  17.77  17.19  17.03   360633.59         -0.01     -0.06   
2016-07-21  17.38  17.58  17.20  17.00   476729.56         -0.40     -2.27   
2016-07-20  16.46  18.20  17.60  16.33  1000725.44          0.59      3.47   
2016-07-19  15.88  17.49  17.01  14.59  1099447.25          1.06      6.65   
2016-07-18  16.74  16.74  15.95  15.86   378712.72         -0.71     -4.26   
2016-07-15  16.62  17.05  16.66  16.62   291134.12         -0.20     -1.19   
2016-07-14  16.80  17.13  16.86  16.61   417080.97         -0.34     -1.98   
2016-07-13  17.50  17.84  17.20  16.65  1020118.12         -0.30     -1.71   
2016-07-12  17.50  17.50  17.50  17.50   424951.00         -1.94     -9.98   
2016-01-11  19.44  19.44  19.44  19.44    45083.00         -2.16    -10.00   
2016-01-08  24.48  25.00  21.60  21.60   925154.88         -2.40    -10.00   
2016-01-07  25.40  25.40  24.00  23.02    70976.51         -1.56     -6.10   
2016-01-06  26.00  26.01  25.56  24.83   168945.55         -0.34     -1.31   
2016-01-05  25.68  27.00  25.90  23.52   372649.62         -0.11     -0.42   
2016-01-04  28.50  28.50  26.01  25.78   118825.18         -2.52     -8.83   
2015-12-31  28.59  28.77  28.53  28.14   108868.23         -0.07     -0.24   
2015-12-30  28.35  29.10  28.60  28.11   218876.38          0.43      1.53   
2015-12-29  28.10  28.45  28.17  28.00   153548.31          0.07      0.25   
2015-12-28  28.45  28.75  28.10  27.69   210244.41         -0.33     -1.16   
2015-12-25  28.39  28.65  28.43  28.21   155111.34          0.04      0.14   
2015-12-24  29.88  29.88  28.39  27.49   249011.36         -1.51     -5.05   
2015-12-23  30.00  30.33  29.90  29.51   256271.50         -0.20     -0.66   
2015-12-22  29.86  30.12  30.10  29.56   250048.30          0.24      0.80   
2015-12-21  28.90  30.29  29.86  28.70   419000.94          0.98      3.39   
2015-12-18  28.69  29.50  28.88  28.11   308922.47          0.19      0.66   
2015-12-17  28.80  29.64  28.69  28.52   358603.62         -0.11     -0.38   
2015-12-16  26.84  29.65  28.80  26.82   571105.38          1.72      6.35   
2015-12-15  26.80  27.18  27.08  26.69   228678.09          0.29      1.08   
2015-12-14  26.00  26.93  26.79  26.00   272971.03          0.74      2.84   
2015-12-11  25.65  26.37  26.05  25.50   290269.28          0.40      1.56   
...           ...    ...    ...    ...         ...           ...       ...   
2013-09-03   3.05   3.23   3.13   3.01   388771.19          0.19      6.46   
2013-09-02   2.89   2.98   2.94   2.88   128029.73          0.08      2.80   
2013-08-30   2.85   2.93   2.86   2.83   139325.16          0.01      0.35   
2013-08-29   2.82   2.86   2.85   2.81    84359.71          0.03      1.06   
2013-08-28   2.86   2.86   2.82   2.80    80904.99         -0.04     -1.40   
2013-08-27   2.82   2.87   2.86   2.81    63534.54          0.04      1.42   
2013-08-26   2.79   2.83   2.82   2.77    49683.09          0.03      1.07   
2013-08-23   2.83   2.90   2.79   2.74    74966.19         -0.05     -1.76   
2013-08-22   2.79   2.88   2.84   2.78    99712.21          0.06      2.16   
2013-08-21   2.73   2.79   2.78   2.73    34306.04          0.04      1.46   
2013-08-20   2.76   2.79   2.74   2.73    46791.70         -0.04     -1.44   
2013-08-19   2.73   2.78   2.78   2.73    36433.57          0.03      1.09   
2013-08-16   2.76   2.85   2.75   2.75    55563.25         -0.03     -1.08   
2013-08-15   2.83   2.84   2.78   2.77    50922.69         -0.06     -2.11   
2013-08-14   2.87   2.91   2.84   2.81    71291.07         -0.03     -1.04   
2013-08-13   2.81   2.92   2.87   2.79   103538.09          0.07      2.50   
2013-08-12   2.76   2.81   2.80   2.75    69460.88          0.03      1.08   
2013-08-09   2.78   2.79   2.77   2.73    41096.74          0.01      0.36   
2013-08-08   2.76   2.80   2.76   2.74    38367.23         -0.02     -0.72   
2013-08-07   2.81   2.83   2.78   2.77    61214.03         -0.05     -1.77   
2013-08-06   2.77   2.83   2.83   2.76   101266.58          0.02      0.71   
2013-08-05   2.99   2.99   2.81   2.79   155557.98          0.04      1.44   
2013-08-02   2.63   2.78   2.77   2.63   132472.11          0.12      4.53   
2013-08-01   2.62   2.65   2.65   2.60    46671.19          0.04      1.53   
2013-07-31   2.60   2.62   2.61   2.59    25320.05          0.01      0.39   
2013-07-30   2.56   2.60   2.60   2.53    36949.14          0.05      1.96   
2013-07-29   2.63   2.63   2.55   2.55    49514.01         -0.09     -3.41   
2013-07-26   2.64   2.67   2.64   2.60    39117.92         -0.03     -1.12   
2013-07-25   2.69   2.70   2.67   2.64    47548.61         -0.01     -0.37   
2013-07-24   2.73   2.73   2.68   2.64    44690.15         -0.04     -1.47   

               ma5    ma10    ma20      v_ma5     v_ma10     v_ma20  turnover  
date                                                                           
2016-07-22  16.990  17.261  21.876  663249.71  551461.58  400890.81      5.16  
2016-07-21  16.884  17.702  22.436  649349.82  607913.71  395309.70      6.83  
2016-07-20  16.816  18.382  23.071  637420.10  567338.40  384286.79     14.33  
2016-07-19  16.736  19.178  23.696  641298.64  484160.41  346752.94     15.74  
2016-07-18  16.834  20.067  24.338  506399.39  411480.65  312730.62      5.42  
2016-07-15  17.532  21.073  24.985  439673.44  385491.89  309241.11      4.17  
2016-07-14  18.520  22.260  25.586  566477.59  367265.31  312614.58      5.97  
2016-07-13  19.948  23.434  26.183  497256.70  347444.85  320315.81     14.61  
2016-07-12  21.620  24.531  26.677  327022.19  260787.87  280743.80      6.08  
2016-01-11  23.300  25.591  27.142  316561.91  239317.21  273144.81      0.65  
2016-01-08  24.614  26.490  27.472  331310.35  250320.04  285404.12     13.25  
2016-01-07  26.000  27.169  27.675  168053.02  182705.69  252712.68      1.02  
2016-01-06  26.920  27.759  27.747  197632.99  201235.19  262446.81      2.42  
2016-01-05  27.442  28.213  27.734  194553.54  209345.46  266382.94      5.34  
2016-01-04  27.882  28.609  27.713  162072.50  213980.60  265015.88      1.70  
2015-12-31  28.366  28.896  27.682  169329.73  232990.32  276288.69      1.56  
2015-12-30  28.338  28.912  27.510  197358.36  257963.86  291096.46      3.13  
2015-12-29  28.598  28.932  27.333  204837.38  293186.76  317082.69      2.20  
2015-12-28  28.984  28.823  27.243  224137.38  300699.74  336211.98      3.01  
2015-12-25  29.336  28.692  27.303  265888.69  306972.40  348377.32      2.22  
2015-12-24  29.426  28.454  27.311  296650.91  320488.20  369175.86      3.57  
2015-12-23  29.486  28.180  27.356  318569.37  322719.66  382781.33      3.67  
2015-12-22  29.266  27.735  27.375  381536.14  323658.44  398018.45      3.58  
2015-12-21  28.662  27.255  27.381  377262.10  323420.41  416904.26      6.00  
2015-12-18  28.048  26.817  27.358  348056.12  316051.16  455816.25      4.42  
2015-12-17  27.482  26.467  27.378  344325.48  319587.06  471685.38      5.13  
2015-12-16  26.874  26.108  27.275  326869.96  324229.05  554050.39      8.18  
2015-12-15  26.204  25.733  27.046  265780.73  340978.62  528305.72      3.27  
2015-12-14  25.848  25.662  27.037  269578.73  371724.21  541722.12      3.91  
2015-12-11  25.586  25.913  27.087  284046.21  389782.24  545955.51      4.16  
...            ...     ...     ...        ...        ...        ...       ...  
2013-09-03   2.920   2.869   2.828  164278.16  114359.28   85913.61      5.57  
2013-09-02   2.866   2.830   2.813   99230.83   80161.34   71538.37      1.83  
2013-08-30   2.842   2.814   2.807   83561.50   71001.72   72914.79      1.99  
2013-08-29   2.828   2.803   2.802   70689.70   62625.53   72572.13      1.21  
2013-08-28   2.826   2.796   2.792   73760.20   59281.83   70687.71      1.16  
2013-08-27   2.818   2.798   2.782   64440.41   58320.44   67908.46      0.91  
2013-08-26   2.794   2.799   2.769   61091.85   62320.79   66579.19      0.71  
2013-08-23   2.786   2.797   2.755   58441.94   64298.57   66570.74      1.07  
2013-08-22   2.778   2.795   2.748   54561.35   60911.62   64778.32      1.43  
2013-08-21   2.766   2.787   2.739   44803.45   54777.13   62170.14      0.49  
2013-08-20   2.778   2.787   2.734   52200.46   57467.93   62689.35      0.67  
2013-08-19   2.804   2.796   2.734   63549.73   62915.41   63526.07      0.52  
2013-08-16   2.808   2.799   2.731   70155.20   74827.85   65031.21      0.80  
2013-08-15   2.812   2.801   2.730   67261.89   82518.74   65588.15      0.73  
2013-08-14   2.808   2.788   2.727   64750.80   82093.59   66504.74      1.02  
2013-08-13   2.796   2.765   2.719   62735.39   77496.49   66185.65      1.48  
2013-08-12   2.788   2.738   2.709   62281.09   70837.59   63517.62      0.99  
2013-08-09   2.790   2.713   2.702   79500.51   68842.91   63060.44      0.59  
2013-08-08   2.790   2.700   2.696   97775.59   68645.02   64890.75      0.55  
2013-08-07   2.768   2.691   2.690   99436.38   69563.16   67301.98      0.88  
2013-08-06   2.734   2.681   2.681   92257.58   67910.77   67910.77      1.45  
2013-08-05   2.688   2.664   2.664   79394.09   64204.57   64204.57      2.23  
2013-08-02   2.636   2.646   2.646   58185.30   52785.40   52785.40      1.90  
2013-08-01   2.610   2.629   2.629   39514.46   41401.58   41401.58      0.67  
2013-07-31   2.614   2.625   2.625   39689.95   40523.31   40523.31      0.36  
2013-07-30   2.628   2.628   2.628   43563.97   43563.97   43563.97      0.53  
2013-07-29   2.635   2.635   2.635   45217.67   45217.67   45217.67      0.71  
2013-07-26   2.663   2.663   2.663   43785.56   43785.56   43785.56      0.56  
2013-07-25   2.675   2.675   2.675   46119.38   46119.38   46119.38      0.68  
2013-07-24   2.680   2.680   2.680   44690.15   44690.15   44690.15      0.64  

[495 rows x 14 columns]