            open  high  close   low     volume  price_change  p_change    ma5  \
date                                                                            
2016-07-22  4.14  4.28   4.17  4.11  302157.72          0.01      0.24  4.146   
2016-07-21  4.11  4.17   4.16  4.10  177694.70          0.05      1.22  4.148   
2016-07-20  4.10  4.12   4.11  4.08   98491.91         -0.01     -0.24  4.158   
2016-07-19  4.15  4.17   4.12  4.05  213537.62         -0.05     -1.20  4.182   
2016-07-18  4.22  4.23   4.17  4.15  181893.69         -0.01     -0.24  4.204   
2016-07-15  4.22  4.42   4.18  4.18  313365.22         -0.03     -0.71  4.172   
2016-07-14  4.22  4.27   4.21  4.16  151433.23         -0.02     -0.47  4.132   
2016-07-13  4.28  4.35   4.23  4.18  336141.25          0.00      0.00  4.086   
2016-07-12  4.03  4.30   4.23  4.02  462074.62          0.22      5.49  4.030   
2016-07-11  4.01  4.07   4.01  3.97  161630.75          0.03      0.75  3.976   
2016-07-08  4.02  4.03   3.98  3.96  195019.77          0.00      0.00  3.964   
2016-07-07  3.94  4.00   3.98  3.94  182853.20          0.03      0.76  3.932   
2016-07-06  3.93  3.96   3.95  3.90  129573.70         -0.01     -0.25  3.902   
2016-07-05  3.96  4.04   3.96  3.93  215404.56          0.01      0.25  3.878   
2016-07-04  3.83  3.98   3.95  3.82  344839.00          0.13      3.40  3.850   
2016-07-01  3.83  3.84   3.82  3.81   75610.17         -0.01     -0.26  3.830   
2016-06-30  3.83  3.84   3.83  3.80   92671.57          0.00      0.00  3.802   
2016-06-29  3.83  3.86   3.83  3.80  124526.05          0.01      0.26  3.782   
2016-06-28  3.78  3.82   3.82  3.77  168802.34         -0.03     -0.78  3.766   
2016-06-27  3.78  3.99   3.85  3.78  298120.03          0.17      4.62  3.740   
2016-06-24  3.72  3.74   3.68  3.62  108766.99         -0.05     -1.34  3.714   
2016-06-23  3.73  3.75   3.73  3.71   71577.80         -0.02     -0.53  3.726   
2016-06-22  3.69  3.75   3.75  3.67  139527.70          0.06      1.63  3.718   
2016-06-21  3.73  3.74   3.69  3.68  108832.34         -0.03     -0.81  3.714   
2016-06-20  3.72  3.73   3.72  3.69   67373.80         -0.02     -0.54  3.714   
2016-06-17  3.70  3.77   3.74  3.69  123992.55          0.05      1.35  3.710   
2016-06-16  3.72  3.73   3.69  3.68   74806.01         -0.04     -1.07  3.730   
2016-06-15  3.67  3.75   3.73  3.65   94682.41          0.04      1.08  3.764   
2016-06-14  3.70  3.72   3.69  3.67   89321.21         -0.01     -0.27  3.796   
2016-06-13  3.81  3.81   3.70  3.70   87606.51         -0.14     -3.65  3.830   
...          ...   ...    ...   ...        ...           ...       ...    ...   
2013-09-03  3.10  3.14   3.13  3.09   83231.72          0.05      1.62  3.056   
2013-09-02  3.03  3.08   3.08  3.03   82500.22          0.05      1.65  3.048   
2013-08-30  3.01  3.07   3.03  3.00   84945.81          0.01      0.33  3.054   
2013-08-29  3.03  3.05   3.02  2.99   79984.69          0.00      0.00  3.064   
2013-08-28  3.07  3.07   3.02  3.02  105856.66         -0.07     -2.27  3.088   
2013-08-27  3.10  3.10   3.09  3.06   63502.92         -0.02     -0.64  3.100   
2013-08-26  3.09  3.11   3.11  3.06   56524.40          0.03      0.97  3.104   
2013-08-23  3.14  3.15   3.08  3.04   72147.80         -0.06     -1.91  3.118   
2013-08-22  3.07  3.15   3.14  3.04  114661.10          0.06      1.95  3.122   
2013-08-21  3.11  3.12   3.08  3.07   51487.47         -0.03     -0.96  3.122   
2013-08-20  3.18  3.18   3.11  3.10   67696.15         -0.07     -2.20  3.134   
2013-08-19  3.09  3.18   3.18  3.08  114187.57          0.08      2.58  3.150   
2013-08-16  3.11  3.19   3.10  3.07  128178.66         -0.04     -1.27  3.130   
2013-08-15  3.13  3.19   3.14  3.13   79466.98          0.00      0.00  3.112   
2013-08-14  3.19  3.21   3.14  3.11  158062.48         -0.05     -1.57  3.074   
2013-08-13  3.09  3.19   3.19  3.08  246363.38          0.11      3.57  3.040   
2013-08-12  3.01  3.09   3.08  3.00  133611.27          0.07      2.33  3.006   
2013-08-09  2.94  3.01   3.01  2.94  115813.94          0.06      2.03  2.992   
2013-08-08  2.97  2.98   2.95  2.93   70176.47         -0.02     -0.67  2.986   
2013-08-07  3.00  3.02   2.97  2.97  105529.82         -0.05     -1.66  2.978   
2013-08-06  3.00  3.09   3.02  3.00  102557.59          0.01      0.33  2.948   
2013-08-05  2.98  3.04   3.01  2.96  151899.80          0.03      1.01  2.912   
2013-08-02  2.92  3.00   2.98  2.90  189617.44          0.07      2.40  2.876   
2013-08-01  2.82  2.94   2.91  2.81  102094.96          0.09      3.19  2.868   
2013-07-31  2.85  2.87   2.82  2.81   47308.42         -0.02     -0.70  2.858   
2013-07-30  2.83  2.87   2.84  2.81   83983.99          0.01      0.35  2.848   
2013-07-29  2.90  2.92   2.83  2.83  112401.33         -0.11     -3.74  2.850   
2013-07-26  2.85  2.98   2.94  2.83  292906.94          0.08      2.80  2.857   
2013-07-25  2.78  2.91   2.86  2.75  265082.25          0.09      3.25  2.815   
2013-07-24  2.75  2.79   2.77  2.73  146846.16          0.02      0.73  2.770   

             ma10   ma20      v_ma5     v_ma10     v_ma20  turnover  
date                                                                 
2016-07-22  4.159  4.028  194755.13  239842.07  211292.06      0.49  
2016-07-21  4.140  4.004  196996.63  229128.28  201622.52      0.29  
2016-07-20  4.122  3.982  191744.33  229644.13  196316.67      0.16  
2016-07-19  4.106  3.964  239274.20  232752.31  198368.46      0.35  
2016-07-18  4.090  3.943  288981.60  232939.00  193133.20      0.30  
2016-07-15  4.068  3.920  284929.01  249233.53  187407.20      0.51  
2016-07-14  4.032  3.898  261259.92  225458.03  177938.57      0.25  
2016-07-13  3.994  3.872  267543.92  219581.86  174107.21      0.55  
2016-07-12  3.954  3.847  226230.41  198420.34  162034.27      0.75  
2016-07-11  3.913  3.820  176896.40  169093.11  143396.60      0.26  
2016-07-08  3.897  3.805  213538.05  182742.04  139695.39      0.32  
2016-07-07  3.867  3.798  189656.13  174116.76  134111.88      0.30  
2016-07-06  3.842  3.792  171619.80  162989.22  128895.79      0.21  
2016-07-05  3.822  3.789  170610.27  163984.62  129846.54      0.35  
2016-07-04  3.795  3.784  161289.83  153327.40  123721.22      0.56  
2016-07-01  3.772  3.780  151946.03  125580.88  112132.90      0.12  
2016-06-30  3.764  3.782  158577.40  130419.12  115984.45      0.15  
2016-06-29  3.750  3.784  154358.64  128632.56  124519.00      0.20  
2016-06-28  3.740  3.781  157358.97  125648.20  123072.36      0.27  
2016-06-27  3.727  3.779  145364.97  117700.08  119041.41      0.48  
2016-06-24  3.712  3.774   99215.73   96648.73  109275.66      0.18  
2016-06-23  3.728  3.777  102260.84   94107.00  107392.11      0.12  
2016-06-22  3.741  3.777  102906.48   94802.36  109923.25      0.23  
2016-06-21  3.755  3.779   93937.42   95708.46  107080.68      0.18  
2016-06-20  3.772  3.784   90035.20   94115.04  103671.26      0.11  
2016-06-17  3.787  3.786   94081.74   98684.92  104306.74      0.20  
2016-06-16  3.799  3.787   85953.16  101549.78  102843.44      0.12  
2016-06-15  3.817  3.794   86698.24  120405.45  104484.42      0.15  
2016-06-14  3.821  3.799   97479.49  120496.52  104866.22      0.15  
2016-06-13  3.831  3.806   98194.88  120382.74  105039.87      0.14  
...           ...    ...        ...        ...        ...       ...  
2013-09-03  3.078  3.083   87303.82   79484.28  100696.48      0.14  
2013-09-02  3.076  3.077   83358.06   77930.72  101662.77      0.13  
2013-08-30  3.086  3.074   78162.90   81099.46  105132.75      0.14  
2013-08-29  3.093  3.071   75603.29   85422.74  110366.33      0.13  
2013-08-28  3.105  3.066   82538.58   85370.97  111471.84      0.17  
2013-08-27  3.117  3.056   71664.74   90591.55  108544.43      0.10  
2013-08-26  3.127  3.043   72503.38  108877.60  109568.48      0.09  
2013-08-23  3.124  3.029   84036.02  116586.29  112362.33      0.12  
2013-08-22  3.117  3.022   95242.19  120952.90  123400.29      0.19  
2013-08-21  3.098  3.008   88203.37  116504.44  130921.35      0.08  
2013-08-20  3.087  2.993  109518.37  121908.67  135689.28      0.11  
2013-08-19  3.078  2.986  145251.81  125394.82  139267.87      0.19  
2013-08-16  3.061  2.976  149136.55  129166.04  140661.22      0.21  
2013-08-15  3.049  2.968  146663.61  135309.92  141395.48      0.13  
2013-08-14  3.026  2.958  144805.51  137572.72  145266.02      0.26  
2013-08-13  2.994  2.945  134298.98  126497.31  144412.92      0.40  
2013-08-12  2.959  2.928  105537.82  110259.37  137130.74      0.22  
2013-08-09  2.934  2.916  109195.52  108138.38  137401.47      0.19  
2013-08-08  2.927  2.908  123956.22  125847.68  139200.43      0.11  
2013-08-07  2.918  2.905  130339.92  145338.25  145475.34      0.17  
2013-08-06  2.898  2.898  118695.64  149469.89  149469.89      0.17  
2013-08-05  2.884  2.884  114980.92  154682.37  154682.37      0.25  
2013-08-02  2.869  2.869  107081.23  155030.19  155030.19      0.31  
2013-08-01  2.853  2.853  127739.13  150089.15  150089.15      0.17  
2013-07-31  2.843  2.843  160336.59  158088.18  158088.18      0.08  
2013-07-30  2.848  2.848  180244.13  180244.13  180244.13      0.14  
2013-07-29  2.850  2.850  204309.17  204309.17  204309.17      0.18  
2013-07-26  2.857  2.857  234945.12  234945.12  234945.12      0.48  
2013-07-25  2.815  2.815  205964.21  205964.21  205964.21      0.43  
2013-07-24  2.770  2.770  146846.16  146846.16  146846.16      0.24  

[734 rows x 14 columns]