             open   high  close    low     volume  price_change  p_change  \
date                                                                        
2016-07-22  15.05  15.45  15.15  15.01  177064.69          0.01      0.07   
2016-07-21  15.14  15.47  15.14  15.01  246292.64         -0.23     -1.50   
2016-07-20  15.11  15.94  15.37  15.11  425946.38          0.74      5.06   
2016-07-19  14.80  14.82  14.63  14.39  133313.73         -0.12     -0.81   
2016-07-18  14.70  15.00  14.75  14.50  134733.88          0.07      0.48   
2016-07-15  15.10  15.15  14.68  14.64  149878.16         -0.30     -2.00   
2016-07-14  15.11  15.15  14.98  14.80  191629.12         -0.29     -1.90   
2016-07-13  15.49  15.88  15.27  15.09  248198.91         -0.21     -1.36   
2016-07-12  15.00  15.55  15.48  14.95  325036.56          0.39      2.58   
2016-07-11  15.25  15.69  15.09  14.92  365950.56          0.10      0.67   
2016-07-08  14.91  15.23  14.99  14.64  327101.81          0.04      0.27   
2016-07-07  14.15  15.22  14.95  14.00  486780.31          0.70      4.91   
2016-07-06  14.45  14.45  14.25  14.00  246031.67         -0.20     -1.38   
2016-07-05  14.47  14.68  14.45  14.30  217110.20          0.03      0.21   
2016-07-04  13.90  14.70  14.42  13.77  315847.38          0.31      2.20   
2016-07-01  14.60  14.93  14.11  14.10  324419.69          0.08      0.57   
2016-06-30  14.17  14.26  14.03  13.83  225034.95         -0.15     -1.06   
2016-06-29  14.07  14.49  14.18  13.81  393146.50          0.21      1.50   
2016-06-28  13.94  14.35  13.97  13.83  365864.38         -0.03     -0.21   
2016-06-27  13.30  14.00  14.00  13.25  381417.06          0.80      6.06   
2016-06-24  13.73  13.73  13.20  12.81  463055.78         -0.64     -4.62   
2016-06-23  14.70  14.74  13.84  13.63  364694.22         -0.91     -6.17   
2016-06-22  14.31  14.75  14.75  14.28  183113.55          0.50      3.51   
2016-06-21  15.01  15.12  14.25  14.19  246983.72         -0.64     -4.30   
2016-06-20  15.06  15.19  14.89  14.58  219916.48         -0.12     -0.80   
2016-06-17  15.41  15.64  15.01  14.93  260985.56         -0.46     -2.97   
2016-06-16  15.62  16.28  15.47  15.15  336484.12         -0.20     -1.28   
2016-06-15  14.81  15.81  15.67  14.71  291117.41          0.68      4.54   
2016-06-14  14.38  15.10  14.99  14.26  215994.02          0.54      3.74   
2016-06-13  14.80  15.30  14.45  14.45  233710.66         -0.72     -4.75   
...           ...    ...    ...    ...        ...           ...       ...   
2013-09-03   8.63   8.72   8.68   8.61   50205.43          0.03      0.35   
2013-09-02   8.59   8.72   8.65   8.48   58058.46          0.07      0.82   
2013-08-30   8.62   8.67   8.58   8.48   67186.50         -0.05     -0.58   
2013-08-29   8.78   8.89   8.63   8.59   58433.13         -0.18     -2.04   
2013-08-28   8.98   8.98   8.81   8.79   74246.73         -0.20     -2.22   
2013-08-27   9.01   9.15   9.01   8.90   75045.53          0.01      0.11   
2013-08-26   8.93   9.05   9.00   8.82   97351.75          0.12      1.35   
2013-08-23   8.64   8.90   8.88   8.41  112324.69          0.30      3.50   
2013-08-22   8.65   8.69   8.58   8.56   44780.72         -0.03     -0.35   
2013-08-21   8.59   8.68   8.61   8.47   47447.63          0.07      0.82   
2013-08-20   8.62   8.71   8.54   8.49   45841.11         -0.07     -0.81   
2013-08-19   8.35   8.68   8.61   8.35   56309.34          0.19      2.26   
2013-08-16   8.82   8.97   8.42   8.40   99254.30         -0.36     -4.10   
2013-08-15   8.83   8.94   8.78   8.76   68462.40         -0.05     -0.57   
2013-08-14   9.06   9.06   8.83   8.67  116957.08         -0.16     -1.78   
2013-08-13   9.00   9.10   8.99   8.90  103953.38         -0.07     -0.77   
2013-08-12   9.10   9.24   9.06   8.86  165715.05         -0.04     -0.44   
2013-08-09   8.71   9.25   9.10   8.71  237779.56          0.31      3.53   
2013-08-08   8.66   8.99   8.79   8.66  217797.25          0.36      4.27   
2013-08-07   8.18   8.65   8.43   8.08  167076.17          0.25      3.06   
2013-08-06   8.16   8.24   8.18   8.04   74798.56          0.01      0.12   
2013-08-05   8.01   8.17   8.17   7.93   72132.42          0.19      2.38   
2013-08-02   7.88   8.00   7.98   7.85   57870.08          0.12      1.53   
2013-08-01   7.75   7.88   7.86   7.63   48310.35          0.15      1.95   
2013-07-31   7.77   7.89   7.71   7.69   30434.00         -0.06     -0.77   
2013-07-30   7.71   7.91   7.77   7.67   38708.39          0.09      1.17   
2013-07-29   7.85   7.90   7.68   7.63   36318.42         -0.14     -1.79   
2013-07-26   7.95   7.95   7.82   7.72   43116.72         -0.13     -1.64   
2013-07-25   8.09   8.17   7.95   7.92   43335.16         -0.13     -1.61   
2013-07-24   8.05   8.13   8.08   7.86   67782.97          0.04      0.50   

               ma5    ma10    ma20      v_ma5     v_ma10     v_ma20  turnover  
date                                                                           
2016-07-22  15.008  15.054  14.695  223470.26  239804.46  284039.93      2.06  
2016-07-21  14.914  15.038  14.597  218032.96  254808.18  298339.48      2.86  
2016-07-20  14.882  15.019  14.532  207100.25  278856.94  304259.56      4.95  
2016-07-19  14.862  14.907  14.501  171550.76  260865.47  292117.92      1.55  
2016-07-18  15.032  14.889  14.482  209895.33  269245.12  297801.42      1.56  
2016-07-15  15.100  14.856  14.489  256138.66  287356.47  302060.55      1.74  
2016-07-14  15.162  14.799  14.506  291583.39  304810.62  307615.92      2.22  
2016-07-13  15.156  14.704  14.530  350613.63  308151.20  314858.67      2.88  
2016-07-12  14.952  14.595  14.550  350180.18  322645.96  317004.60      3.77  
2016-07-11  14.746  14.444  14.526  328594.91  326728.75  311552.47      4.25  
2016-07-08  14.612  14.335  14.494  318574.27  328275.40  304940.47      3.80  
2016-07-07  14.436  14.156  14.503  318037.85  341870.79  302584.23      5.65  
2016-07-06  14.252  14.045  14.535  265688.78  329662.18  293212.38      2.86  
2016-07-05  14.238  14.095  14.623  295111.74  323370.37  296499.27      2.52  
2016-07-04  14.142  14.075  14.689  324862.58  326357.72  309638.91      3.67  
2016-07-01  14.058  14.122  14.748  337976.52  316764.63  310441.61      3.77  
2016-06-30  13.876  14.212  14.808  365703.73  310421.22  328250.64      2.61  
2016-06-29  13.838  14.356  14.862  393635.59  321566.14  343115.82      4.56  
2016-06-28  13.952  14.505  14.840  351629.00  311363.23  334240.64      4.25  
2016-06-27  14.008  14.607  14.854  327852.87  296376.19  329451.59      4.43  
2016-06-24  14.186  14.652  14.888  295552.75  281605.55  327071.75      5.38  
2016-06-23  14.548  14.849  14.929  255138.71  263297.68  317223.21      4.23  
2016-06-22  14.874  15.025  14.971  249496.69  256762.59  316158.80      2.13  
2016-06-21  15.058  15.150  14.942  271097.46  269628.17  319970.28      2.87  
2016-06-20  15.206  15.303  14.943  264899.52  292920.09  330559.59      2.55  
2016-06-17  15.118  15.374  14.911  267658.35  304118.59  344119.55      3.03  
2016-06-16  15.150  15.403  14.822  271456.65  346080.07  353818.79      3.91  
2016-06-15  15.176  15.367  14.733  264028.49  364665.50  378497.75      3.38  
2016-06-14  15.242  15.174  14.602  268158.89  357118.05  380848.67      2.51  
2016-06-13  15.400  15.100  14.467  320940.67  362526.99  380254.86      2.71  
...            ...     ...     ...        ...        ...        ...       ...  
2013-09-03   8.670   8.743   8.749   61626.05   68508.06   98211.31      0.58  
2013-09-02   8.736   8.729   8.724   66594.07   68071.63   99440.97      0.67  
2013-08-30   8.806   8.725   8.700   74452.73   67896.71  100144.67      0.78  
2013-08-29   8.866   8.709   8.670   83480.37   71103.49   99678.84      0.68  
2013-08-28   8.856   8.724   8.632   80749.88   72106.42   99172.71      0.86  
2013-08-27   8.816   8.726   8.577   75390.06   76377.45   96982.07      0.87  
2013-08-26   8.722   8.724   8.515   69549.18   79268.24   95165.21      1.13  
2013-08-23   8.644   8.730   8.449   61340.70   86104.57   92113.55      1.30  
2013-08-22   8.552   8.752   8.396   58726.62   98650.06   88653.15      0.52  
2013-08-21   8.592   8.773   8.364   63462.96  115951.71   88580.87      0.55  
2013-08-20   8.636   8.755   8.338   77364.85  127914.56   89597.64      0.53  
2013-08-19   8.726   8.719   8.327   88987.30  130810.31   91900.61      0.65  
2013-08-16   8.816   8.675   8.311  110868.44  132392.62   93877.90      1.15  
2013-08-15   8.952   8.631   8.305  138573.49  128254.20   93561.64      0.80  
2013-08-14   8.954   8.539   8.275  168440.46  126238.99   95130.35      1.36  
2013-08-13   8.874   8.427   8.238  178464.28  117586.68   93675.23      1.21  
2013-08-12   8.712   8.305   8.184  172633.32  111062.18   92941.08      1.92  
2013-08-09   8.534   8.167   8.117  153916.79   98122.52   87343.08      2.76  
2013-08-08   8.310   8.039   8.035  117934.90   78656.24   74806.71      2.53  
2013-08-07   8.124   7.955   7.966   84037.52   61210.03   61807.57      1.94  
2013-08-06   7.980   7.920   7.920   56709.08   51280.71   51280.71      0.87  
2013-08-05   7.898   7.891   7.891   49491.05   48667.61   48667.61      0.84  
2013-08-02   7.800   7.856   7.856   42328.25   45734.51   45734.51      0.67  
2013-08-01   7.768   7.839   7.839   39377.58   44000.86   44000.86      0.56  
2013-07-31   7.786   7.835   7.835   38382.54   43282.61   43282.61      0.35  
2013-07-30   7.860   7.860   7.860   45852.33   45852.33   45852.33      0.45  
2013-07-29   7.883   7.883   7.883   47638.32   47638.32   47638.32      0.42  
2013-07-26   7.950   7.950   7.950   51411.62   51411.62   51411.62      0.50  
2013-07-25   8.015   8.015   8.015   55559.07   55559.07   55559.07      0.50  
2013-07-24   8.080   8.080   8.080   67782.97   67782.97   67782.97      0.79  

[667 rows x 14 columns]