             open   high  close    low      volume  price_change  p_change  \
date                                                                         
2016-07-22  11.19  11.65  11.15  11.12   508504.41          0.05      0.45   
2016-07-21  11.30  11.33  11.10  11.03   332419.69         -0.09     -0.80   
2016-07-20  10.75  11.42  11.19  10.73   453983.72          0.44      4.09   
2016-07-19  10.70  10.78  10.75  10.51   173612.44          0.14      1.32   
2016-07-18  11.00  11.07  10.61  10.60   299462.59         -0.37     -3.37   
2016-07-15  11.09  11.26  10.98  10.95   395152.03          0.11      1.01   
2016-07-14  10.97  11.00  10.87  10.76   208638.02         -0.07     -0.64   
2016-07-13  10.98  11.17  10.94  10.79   351716.22          0.01      0.09   
2016-07-12  10.67  10.93  10.93  10.56   361540.94          0.26      2.44   
2016-07-11  10.75  10.99  10.67  10.66   303054.72         -0.05     -0.47   
2016-07-08  10.82  10.98  10.72  10.72   267711.81         -0.21     -1.92   
2016-07-07  10.59  11.04  10.93  10.36   517781.06          0.27      2.53   
2016-07-06  10.89  11.05  10.66  10.55   395967.56         -0.19     -1.75   
2016-07-05  10.78  11.06  10.85  10.65   297771.47          0.01      0.09   
2016-07-04  10.55  10.98  10.84  10.51   355261.38          0.04      0.37   
2016-07-01  11.01  11.14  10.80  10.77   417401.53         -0.37     -3.31   
2016-06-30  10.85  11.56  11.17  10.75   749773.31          0.34      3.14   
2016-06-29  11.08  11.15  10.83  10.75   443364.94         -0.14     -1.28   
2016-06-28  11.06  11.29  10.97  10.70   572455.88         -0.24     -2.14   
2016-06-27  10.85  11.35  11.21  10.75   561107.56          0.26      2.37   
2016-06-24  11.28  11.28  10.95  10.40   823299.75         -0.33     -2.93   
2016-06-23  11.39  11.60  11.28  10.98  1105666.62          0.52      4.83   
2016-06-22   9.69  10.76  10.76   9.63   766739.06          0.98     10.02   
2016-06-21   9.68  10.12   9.78   9.54   539010.88          0.00      0.00   
2016-06-20   9.41   9.92   9.78   9.28   582893.50          0.72      7.95   
2016-06-17   9.06   9.25   9.06   8.91   225524.19         -0.04     -0.44   
2016-06-16   8.88   9.32   9.10   8.81   339615.38          0.20      2.25   
2016-06-15   8.50   9.01   8.92   8.42   222272.09          0.42      4.94   
2016-06-14   8.36   8.54   8.50   8.30   134681.83          0.14      1.68   
2016-06-13   8.85   8.93   8.36   8.36   260006.52         -0.68     -7.52   
...           ...    ...    ...    ...         ...           ...       ...   
2013-09-03   6.58   7.04   6.93   6.50   373892.59          0.23      3.43   
2013-09-02   6.27   6.86   6.70   6.15   429011.28          0.42      6.69   
2013-08-30   6.62   6.75   6.28   6.22   368289.88         -0.30     -4.56   
2013-08-29   6.24   6.62   6.58   6.23   383512.09          0.40      6.47   
2013-08-28   6.39   6.43   6.18   6.18   226776.66         -0.25     -3.89   
2013-08-27   6.47   6.50   6.43   6.29   236261.14         -0.04     -0.62   
2013-08-26   6.42   6.63   6.47   6.33   363356.44          0.06      0.94   
2013-08-23   6.17   6.49   6.41   6.11   428252.66          0.28      4.57   
2013-08-22   6.09   6.20   6.13   6.07   110641.12          0.01      0.16   
2013-08-21   6.19   6.22   6.12   5.98   162327.36         -0.07     -1.13   
2013-08-20   6.22   6.28   6.19   6.14   199646.91          0.01      0.16   
2013-08-19   5.90   6.22   6.18   5.90   235403.88          0.23      3.87   
2013-08-16   5.85   6.36   5.95   5.83   299027.41          0.04      0.68   
2013-08-15   6.02   6.07   5.91   5.88   164571.02         -0.12     -1.99   
2013-08-14   6.06   6.13   6.03   5.93   148236.30         -0.04     -0.66   
2013-08-13   6.15   6.17   6.07   6.04   148042.45         -0.10     -1.62   
2013-08-12   6.10   6.23   6.17   5.96   253443.62          0.01      0.16   
2013-08-09   6.26   6.39   6.16   6.02   219390.98         -0.05     -0.81   
2013-08-08   6.29   6.39   6.21   6.16   246437.44         -0.20     -3.12   
2013-08-07   6.27   6.54   6.41   6.21   396032.28          0.13      2.07   
2013-08-06   6.14   6.48   6.28   6.14   410996.94          0.13      2.11   
2013-08-05   6.13   6.23   6.15   6.03   200439.66          0.03      0.49   
2013-08-02   6.06   6.34   6.12   6.02   354261.75          0.07      1.16   
2013-08-01   5.75   6.09   6.05   5.65   313435.72          0.34      5.95   
2013-07-31   5.78   5.93   5.71   5.67   240635.30         -0.07     -1.21   
2013-07-30   6.10   6.15   5.78   5.63   333604.62         -0.32     -5.25   
2013-07-29   6.13   6.44   6.10   6.02   308821.16         -0.01     -0.16   
2013-07-26   6.16   6.25   6.11   5.94   289837.41         -0.14     -2.24   
2013-07-25   6.31   6.47   6.25   5.90   581756.75         -0.20     -3.10   
2013-07-24   6.10   6.67   6.45   6.01   747686.75          0.39      6.44   

               ma5    ma10    ma20      v_ma5     v_ma10     v_ma20  turnover  
date                                                                           
2016-07-22  10.960  10.919  10.909  353596.57  338808.48  398334.06      7.01  
2016-07-21  10.926  10.876  10.899  330926.09  314729.22  414073.83      4.58  
2016-07-20  10.880  10.859  10.908  306169.76  333265.36  452736.18      6.26  
2016-07-19  10.830  10.806  10.886  285716.26  327463.74  468373.94      2.39  
2016-07-18  10.866  10.816  10.838  323301.96  339879.64  486643.87      4.13  
2016-07-15  10.878  10.839  10.796  324020.39  345459.52  500815.41      5.45  
2016-07-14  10.826  10.821  10.700  298532.34  347684.47  492334.02      2.88  
2016-07-13  10.838  10.851  10.612  360360.95  401798.00  498882.89      4.85  
2016-07-12  10.782  10.840  10.511  369211.22  410962.87  492410.68      4.98  
2016-07-11  10.766  10.844  10.389  356457.32  432054.37  481067.73      4.18  
2016-07-08  10.800  10.898  10.274  366898.66  457859.65  478915.32      3.69  
2016-07-07  10.816  10.921  10.190  396836.60  513418.44  476567.47      7.14  
2016-07-06  10.864  10.956  10.097  443235.05  572207.00  462648.62      5.46  
2016-07-05  10.898  10.966  10.020  452714.53  609284.15  458858.90      4.10  
2016-07-04  10.922  10.859   9.930  507651.41  633408.09  460617.85      4.90  
2016-07-01  10.996  10.753   9.848  548820.64  656171.30  465983.85      5.75  
2016-06-30  11.026  10.579   9.765  630000.29  636983.57  474608.96     10.33  
2016-06-29  11.048  10.372   9.647  701178.95  595967.78  454816.86      6.11  
2016-06-28  11.034  10.181   9.527  765853.77  573858.49  443436.87      7.89  
2016-06-27  10.796   9.934   9.393  759164.77  530081.09  427955.40      7.73  
2016-06-24  10.510   9.649   9.239  763521.96  499970.98  405478.15     11.35  
2016-06-23  10.132   9.458   9.091  643966.85  439716.51  369496.94     15.24  
2016-06-22   9.696   9.237   8.931  490756.60  353090.24  321048.95     10.57  
2016-06-21   9.328   9.073   8.795  381863.21  308433.64  290798.01      7.43  
2016-06-20   9.072   9.000   8.696  300997.40  287827.62  270094.55      8.03  
2016-06-17   8.788   8.942   8.586  236420.00  275796.39  245515.26      3.11  
2016-06-16   8.784   8.950   8.508  235466.16  312234.35  240192.42      4.68  
2016-06-15   8.778   8.921   8.445  215423.87  313665.95  228954.99      3.06  
2016-06-14   8.818   8.872   8.397  235004.08  313015.25  222987.80      1.86  
2016-06-13   8.928   8.852   8.362  274657.84  325829.71  220652.71      3.58  
...            ...     ...     ...        ...        ...        ...       ...  
2013-09-03   6.534   6.423   6.276  356296.50  308232.12  269627.68      5.19  
2013-09-02   6.434   6.349   6.243  328770.21  290807.55  271482.89      5.96  
2013-08-30   6.388   6.297   6.216  315639.24  271446.81  260054.31      5.11  
2013-08-29   6.414   6.264   6.208  327631.80  264520.57  259352.91      5.32  
2013-08-28   6.324   6.197   6.181  273057.60  242626.46  255849.09      3.15  
2013-08-27   6.312   6.182   6.158  260167.74  234772.42  256542.02      3.28  
2013-08-26   6.264   6.146   6.125  252844.90  225950.56  261409.19      5.04  
2013-08-23   6.206   6.116   6.107  227254.39  214959.27  258682.43      5.95  
2013-08-22   6.114   6.091   6.092  201409.34  194073.11  251761.67      1.54  
2013-08-21   6.070   6.099   6.098  212195.32  207652.74  275317.45      2.25  
2013-08-20   6.052   6.128   6.114  209377.10  231023.23  304585.42      2.77  
2013-08-19   6.028   6.137   6.110  199056.21  252158.23  310108.50      3.27  
2013-08-16   6.026   6.134   6.106  202664.16  248661.81  314258.75      4.15  
2013-08-15   6.068   6.151   6.115  186736.87  254185.24  315154.71      2.28  
2013-08-14   6.128   6.165   6.128  203110.16  269071.71  324566.20      2.06  
2013-08-13   6.204   6.133   6.135  252669.35  278311.61  336321.52      2.06  
2013-08-12   6.246   6.104   6.139  305260.25  296867.83  349770.03      3.52  
2013-08-09   6.242   6.097   6.137  294659.46  302405.59  357179.75      3.05  
2013-08-08   6.234   6.092   6.135  321633.61  309450.23  368662.15      3.42  
2013-08-07   6.202   6.096   6.128  335033.27  342982.16  379773.49      5.50  
2013-08-06   6.062   6.100   6.100  303953.87  378147.61  378147.61      5.71  
2013-08-05   5.962   6.080   6.080  288475.41  374497.68  374497.68      2.78  
2013-08-02   5.952   6.071   6.071  310151.71  396254.93  396254.93      4.92  
2013-08-01   5.950   6.064   6.064  297266.84  402253.96  402253.96      4.35  
2013-07-31   5.990   6.067   6.067  350931.05  417057.00  417057.00      3.34  
2013-07-30   6.138   6.138   6.138  452341.34  452341.34  452341.34      4.63  
2013-07-29   6.228   6.228   6.228  482025.52  482025.52  482025.52      4.29  
2013-07-26   6.270   6.270   6.270  539760.30  539760.30  539760.30      4.02  
2013-07-25   6.350   6.350   6.350  664721.75  664721.75  664721.75      8.08  
2013-07-24   6.450   6.450   6.450  747686.75  747686.75  747686.75     10.38  

[692 rows x 14 columns]