             open   high  close    low     volume  price_change  p_change  \
date                                                                        
2016-07-22  11.83  11.83  11.58  11.56   97788.57         -0.26     -2.20   
2016-07-21  11.70  11.93  11.84  11.66  126004.86          0.08      0.68   
2016-07-20  11.91  12.10  11.76  11.73  184303.81          0.09      0.77   
2016-07-19  11.48  11.72  11.67  11.42  168185.27          0.21      1.83   
2016-07-18  11.73  11.73  11.46  11.30  243823.77         -0.26     -2.22   
2016-07-15  12.36  12.40  11.72  11.66  253183.77         -0.53     -4.33   
2016-07-14  12.67  12.71  12.25  12.11  137127.47         -0.16     -1.29   
2016-07-13  12.29  12.66  12.41  12.22  204408.81          0.21      1.72   
2016-07-12  11.84  12.25  12.20  11.75  180801.38          0.33      2.78   
2016-07-11  12.07  12.30  11.87  11.80  159313.16         -0.17     -1.41   
2016-07-08  11.85  12.28  12.04  11.69  208593.56          0.22      1.86   
2016-07-07  11.76  12.31  11.82  11.75  275083.16          0.06      0.51   
2016-07-06  11.65  11.78  11.76  11.38  157797.66          0.07      0.60   
2016-07-05  11.60  12.10  11.69  11.52  389489.94          0.22      1.92   
2016-07-04  10.40  11.64  11.47  10.37  319747.00          0.89      8.41   
2016-07-01  10.70  10.82  10.58  10.52   70074.05         -0.15     -1.40   
2016-06-30  10.61  10.88  10.73  10.55  102788.58          0.08      0.75   
2016-06-29  10.72  10.89  10.65  10.60  153003.69         -0.07     -0.65   
2016-06-28  10.42  10.79  10.72  10.40  199659.62          0.37      3.58   
2016-06-27   9.99  10.38  10.35   9.96   91096.85          0.27      2.68   
2016-06-24  10.26  10.33  10.08   9.88   84043.77         -0.19     -1.85   
2016-06-23  10.24  10.31  10.27  10.13   69142.67          0.02      0.20   
2016-06-22  10.10  10.28  10.25  10.01   77930.39          0.16      1.59   
2016-06-21  10.27  10.37  10.09  10.03   75735.37         -0.13     -1.27   
2016-06-20  10.41  10.41  10.22  10.04   76223.55         -0.18     -1.73   
2016-06-17  10.01  10.49  10.40  10.01  158827.91          0.40      4.00   
2016-06-16  10.13  10.15  10.00   9.95   74531.70         -0.11     -1.09   
2016-06-15   9.75  10.23  10.11   9.72   87478.95          0.20      2.02   
2016-06-14   9.85  10.12   9.91   9.75   84851.84         -0.04     -0.40   
2016-06-13  10.50  10.52   9.95   9.91  126745.76         -0.71     -6.66   
...           ...    ...    ...    ...        ...           ...       ...   
2013-09-03   4.28   4.37   4.36   4.26   32937.71          0.08      1.87   
2013-09-02   4.20   4.28   4.28   4.20   27478.47          0.05      1.18   
2013-08-30   4.28   4.32   4.23   4.18   54230.76         -0.09     -2.08   
2013-08-29   4.34   4.39   4.32   4.27   36489.78         -0.03     -0.69   
2013-08-28   4.43   4.43   4.35   4.32   44888.82         -0.12     -2.69   
2013-08-27   4.39   4.50   4.47   4.37   50704.98          0.08      1.82   
2013-08-26   4.35   4.40   4.39   4.29   36958.73          0.06      1.39   
2013-08-23   4.44   4.46   4.33   4.25   51062.30         -0.10     -2.26   
2013-08-22   4.49   4.49   4.43   4.39   44091.52         -0.07     -1.56   
2013-08-21   4.40   4.52   4.50   4.36   76904.26          0.08      1.81   
2013-08-20   4.29   4.43   4.42   4.25   71047.79          0.15      3.51   
2013-08-19   4.23   4.32   4.27   4.18   37628.86          0.03      0.71   
2013-08-16   4.39   4.50   4.24   4.23   77596.08         -0.23     -5.14   
2013-08-15   4.38   4.62   4.47   4.34   94825.79          0.01      0.22   
2013-08-14   4.30   4.68   4.46   4.29  138602.67          0.15      3.48   
2013-08-13   4.33   4.34   4.31   4.27   33838.78         -0.02     -0.46   
2013-08-12   4.26   4.36   4.33   4.23   60760.60          0.07      1.64   
2013-08-09   4.20   4.26   4.26   4.12   44327.94          0.08      1.91   
2013-08-08   4.20   4.25   4.18   4.15   35256.50         -0.02     -0.48   
2013-08-07   4.28   4.32   4.20   4.16   65036.39         -0.13     -3.00   
2013-08-06   4.18   4.39   4.33   4.10  120254.92          0.19      4.59   
2013-08-05   4.03   4.17   4.14   4.01   53740.56          0.11      2.73   
2013-08-02   4.05   4.08   4.03   4.01   31973.36         -0.02     -0.49   
2013-08-01   3.93   4.08   4.05   3.93   39722.20          0.12      3.05   
2013-07-31   3.89   3.98   3.93   3.88   23602.64          0.04      1.03   
2013-07-30   3.83   3.93   3.89   3.81   17044.03          0.04      1.04   
2013-07-29   3.93   3.93   3.85   3.85   27165.89         -0.11     -2.78   
2013-07-26   3.98   3.99   3.96   3.92   22704.76         -0.04     -1.00   
2013-07-25   4.06   4.07   4.00   3.98   25926.34         -0.04     -0.99   
2013-07-24   4.04   4.08   4.04   3.95   35064.69         -0.02     -0.49   

               ma5    ma10    ma20      v_ma5     v_ma10     v_ma20  turnover  
date                                                                           
2016-07-22  11.662  11.876  11.529  164021.26  175494.09  186113.75      1.77  
2016-07-21  11.690  11.922  11.454  195100.30  186574.59  185426.51      2.29  
2016-07-20  11.772  11.920  11.375  197324.82  201482.42  182583.40      3.34  
2016-07-19  11.902  11.920  11.300  201345.82  198831.80  177264.73      3.05  
2016-07-18  12.008  11.922  11.221  203869.04  220962.27  172642.23      4.42  
2016-07-15  12.090  11.923  11.159  186966.92  228554.59  164262.22      4.71  
2016-07-14  12.154  11.809  11.093  178048.88  210243.62  159544.43      2.55  
2016-07-13  12.068  11.657  10.980  205640.01  206809.73  156414.64      3.80  
2016-07-12  11.938  11.481  10.865  196317.78  201669.22  150568.15      3.36  
2016-07-11  11.836  11.333  10.751  238055.50  203555.04  145770.67      2.96  
2016-07-08  11.756  11.181  10.655  270142.26  196733.41  144142.30      3.88  
2016-07-07  11.464  10.985  10.586  242438.36  184278.43  137039.82      5.12  
2016-07-06  11.246  10.830  10.534  207979.45  163684.38  127425.44      2.94  
2016-07-05  11.024  10.679  10.495  207020.65  155697.66  124418.22      7.25  
2016-07-04  10.830  10.519  10.458  169054.59  124322.20  110243.65      5.95  
2016-07-01  10.606  10.394  10.429  123324.56   99969.85   98792.88      1.30  
2016-06-30  10.506  10.376  10.444  126118.50  108845.24  102288.14      1.91  
2016-06-29  10.414  10.303  10.456  119389.32  106019.55  105266.86      2.85  
2016-06-28  10.334  10.249  10.451  104374.66   99467.08  104524.30      3.71  
2016-06-27  10.208  10.168  10.427   79589.81   87986.30   97903.47      1.69  
2016-06-24  10.182  10.128  10.422   76615.15   91551.19   98366.00      1.56  
2016-06-23  10.246  10.186  10.436   91571.98   89801.21  100288.63      1.29  
2016-06-22  10.192  10.237  10.452   92649.78   91166.49  107321.33      1.45  
2016-06-21  10.164  10.311  10.446   94559.50   93138.79  106440.51      1.41  
2016-06-20  10.128  10.396  10.443   96382.79   96165.09  104830.91      1.42  
2016-06-17  10.074  10.464  10.428  106487.23   97615.91  103630.00      2.95  
2016-06-16  10.126  10.511  10.402   88030.45   95731.04   98652.67      1.39  
2016-06-15  10.282  10.608  10.417   89683.19  104514.17   98471.75      1.63  
2016-06-14  10.458  10.652  10.426   91718.08  109581.52   98088.93      1.58  
2016-06-13  10.664  10.686  10.429   95947.40  107820.64   96534.50      2.36  
...            ...     ...     ...        ...        ...        ...       ...  
2013-09-03   4.308   4.366   4.340   39205.11   45574.73   55733.44      0.62  
2013-09-02   4.330   4.372   4.339   42758.56   49385.74   60099.30      0.51  
2013-08-30   4.352   4.371   4.332   44654.61   50400.78   61412.40      1.01  
2013-08-29   4.372   4.372   4.322   44020.92   52737.31   60299.53      0.68  
2013-08-28   4.394   4.387   4.308   45541.27   58570.91   60461.15      0.84  
2013-08-27   4.424   4.398   4.287   51944.36   67942.30   59396.84      0.95  
2013-08-26   4.414   4.382   4.258   56012.92   66255.68   57713.80      0.69  
2013-08-23   4.390   4.376   4.231   56146.95   68635.87   57224.15      0.95  
2013-08-22   4.372   4.369   4.213   61453.70   67962.43   55806.28      0.82  
2013-08-21   4.380   4.344   4.191   71600.56   67078.93   54898.02      1.44  
2013-08-20   4.372   4.314   4.168   83940.24   65892.14   52806.04      1.33  
2013-08-19   4.350   4.305   4.155   76498.44   70812.85   51845.95      0.70  
2013-08-16   4.362   4.292   4.148   81124.78   72424.02   52635.79      1.45  
2013-08-15   4.366   4.271   4.143   74471.16   67861.75   51167.53      1.77  
2013-08-14   4.308   4.229   4.123   62557.30   62351.39   48438.89      2.59  
2013-08-13   4.256   4.176   4.100   47844.04   50851.39   42427.97      0.63  
2013-08-12   4.260   4.134   4.085   65127.27   49171.91   43041.49      1.14  
2013-08-09   4.222   4.086   4.066   63723.26   45812.44   41678.48      0.83  
2013-08-08   4.176   4.056   4.050   61252.35   43650.13   41457.69      0.66  
2013-08-07   4.150   4.038   4.038   62145.49   42717.11   42021.43      1.21  
2013-08-06   4.096   4.022   4.022   53858.74   39719.94   39719.94      2.25  
2013-08-05   4.008   3.988   3.988   33216.56   30771.61   30771.61      1.00  
2013-08-02   3.950   3.969   3.969   27901.62   27900.49   27900.49      0.60  
2013-08-01   3.936   3.960   3.960   26047.90   27318.65   27318.65      0.74  
2013-07-31   3.926   3.945   3.945   23288.73   25251.39   25251.39      0.44  
2013-07-30   3.948   3.948   3.948   25581.14   25581.14   25581.14      0.32  
2013-07-29   3.963   3.963   3.963   27715.42   27715.42   27715.42      0.51  
2013-07-26   4.000   4.000   4.000   27898.60   27898.60   27898.60      0.42  
2013-07-25   4.020   4.020   4.020   30495.52   30495.52   30495.52      0.48  
2013-07-24   4.040   4.040   4.040   35064.69   35064.69   35064.69      0.66  

[646 rows x 14 columns]