date	open	high	close	low	volume	price_change	p_change	ma5	ma10	ma20	v_ma5	v_ma10	v_ma20	turnover
2016-07-22	13.62	14.1	13.73	13.51	112662.57	0.2	1.48	13.498	13.482	13.324	81278.29	81160.41	100512.29	1.71
2016-07-21	13.6	13.66	13.53	13.43	60296.34	-0.03	-0.22	13.402	13.485	13.296	71436.65	85253.95	109978.14	0.92
2016-07-20	13.53	13.67	13.56	13.37	67091.42	-0.03	-0.22	13.398	13.47	13.242	69847.63	92922.88	111164.28	1.02
2016-07-19	13.05	13.6	13.59	13.0	98997.66	0.51	3.9	13.402	13.44	13.171	74648.93	95079.01	110489.16	1.51
2016-07-18	13.21	13.22	13.08	13.0	67343.46	-0.17	-1.28	13.368	13.4	13.087	73703.63	99912.04	108921.71	1.02
2016-07-15	13.51	13.51	13.25	13.2	63454.37	-0.26	-1.93	13.466	13.388	13.036	81042.53	105644.97	108245.53	0.97
2016-07-14	13.59	13.59	13.51	13.41	52351.24	-0.07	-0.52	13.568	13.348	12.97	99071.24	106441.06	107788.33	0.8
2016-07-13	13.46	13.68	13.58	13.42	91097.9	0.16	1.19	13.542	13.294	12.884	115998.13	107981.98	108034.78	1.39
2016-07-12	13.49	13.49	13.42	13.0	94271.16	0.0	0.0	13.478	13.223	12.804	115509.1	109445.69	107694.29	1.43
2016-07-11	13.85	13.92	13.57	13.5	104037.97	-0.19	-1.38	13.432	13.199	12.715	126120.45	113961.95	105269.15	1.58
2016-07-08	13.39	13.94	13.76	13.31	153597.94	0.38	2.84	13.31	13.165	12.619	130247.41	119864.17	104268.84	2.34
2016-07-07	13.26	13.52	13.38	13.12	136985.7	0.12	0.91	13.128	13.106	12.541	113810.87	134702.33	100449.44	2.08
2016-07-06	13.21	13.35	13.26	13.1	88652.75	0.07	0.53	13.046	13.013	12.49	99965.82	129405.68	99865.69	1.35
2016-07-05	13.0	13.36	13.19	12.96	147327.89	0.23	1.77	12.968	12.902	12.425	103382.28	125899.3	98019.36	2.24
2016-07-04	12.78	13.08	12.96	12.78	124672.75	0.11	0.86	12.966	12.774	12.363	101803.45	117931.39	95768.96	1.9
2016-07-01	13.0	13.17	12.85	12.75	71415.27	-0.12	-0.93	13.02	12.684	12.318	109480.93	110846.08	92587.18	1.09
2016-06-30	12.82	13.08	12.97	12.81	67760.44	0.1	0.78	13.084	12.591	12.279	155593.79	109135.6	92680.68	1.03
2016-06-29	13.13	13.25	12.87	12.85	105735.04	-0.31	-2.35	12.98	12.474	12.23	158845.53	108087.58	95176.68	1.61
2016-06-28	13.2	13.53	13.18	12.92	139433.77	-0.05	-0.38	12.836	12.385	12.153	148416.32	105942.88	91295.09	2.12
2016-06-27	12.98	13.39	13.23	12.79	163060.12	0.06	0.46	12.582	12.23	12.063	134059.32	96576.35	86003.39	2.48
2016-06-24	12.47	13.51	13.17	12.2	301979.59	0.72	5.78	12.348	12.072	11.968	112211.24	88673.51	79773.75	4.59
2016-06-23	12.14	12.45	12.45	12.01	84019.15	0.3	2.47	12.098	11.976	11.877	62677.41	66196.55	66625.09	1.28
2016-06-22	11.87	12.15	12.15	11.85	53588.98	0.24	2.02	11.968	11.966	11.82	57329.62	70325.71	64051.78	0.82
2016-06-21	12.16	12.26	11.91	11.85	67648.78	-0.15	-1.24	11.934	11.948	11.789	63469.44	70139.43	63573.6	1.03
2016-06-20	11.94	12.08	12.06	11.83	53819.69	0.14	1.17	11.878	11.951	11.767	59093.38	73606.53	62019.94	0.82
2016-06-17	11.85	12.03	11.92	11.81	54310.43	0.12	1.02	11.796	11.952	11.731	65135.78	74328.28	61467.62	0.83
2016-06-16	11.89	12.07	11.8	11.76	57280.22	-0.18	-1.5	11.854	11.967	11.694	69715.69	76225.77	61314.11	0.87
2016-06-15	11.43	12.04	11.98	11.4	84288.06	0.35	3.01	11.964	11.986	11.677	83321.8	82265.78	60683.59	1.28
2016-06-14	11.52	11.7	11.63	11.52	45768.49	-0.02	-0.17	11.962	11.921	11.658	76809.42	76647.31	58410.54	0.7
2016-06-13	11.96	12.07	11.65	11.65	84031.72	-0.56	-4.59	12.024	11.895	11.651	88119.68	75430.43	59153.92	1.28
2016-06-08	12.2	12.3	12.21	12.06	77209.98	-0.14	-1.13	12.108	11.864	11.654	83520.77	70873.98	58651.02	1.17
2016-06-07	12.0	12.38	12.35	11.85	125310.76	0.38	3.17	12.08	11.777	11.61	82735.85	67053.63	57880.83	1.91
2016-06-06	11.98	12.0	11.97	11.86	51726.14	0.03	0.25	12.008	11.673	11.563	81209.76	57777.86	55533.54	0.79
2016-06-03	12.05	12.06	11.94	11.86	102319.79	-0.13	-1.08	11.88	11.63	11.52	76485.2	57007.78	58646.0	1.56
2016-06-02	12.08	12.15	12.07	11.93	61037.17	0.0	0.0	11.766	11.582	11.52	62741.18	50433.36	58896.72	0.93
2016-06-01	11.98	12.25	12.07	11.9	73285.38	0.08	0.67	11.62	11.509	11.551	58227.2	48606.97	58819.82	1.11
2016-05-31	11.34	12.05	11.99	11.33	117680.32	0.66	5.83	11.474	11.42	11.584	51371.4	46402.44	61668.03	1.79
2016-05-30	11.29	11.45	11.33	11.13	28103.32	-0.04	-0.35	11.338	11.368	11.622	34345.96	39101.41	60445.85	0.43
2016-05-27	11.32	11.49	11.37	11.25	33599.7	0.03	0.27	11.38	11.394	11.675	37530.36	40173.76	63810.16	0.51
2016-05-26	11.34	11.4	11.34	11.06	38467.26	0.0	0.0	11.398	11.407	11.718	38125.54	42877.41	66362.18	0.59
2016-05-25	11.43	11.6	11.34	11.31	39006.41	0.03	0.27	11.398	11.443	11.767	38986.75	46428.07	67833.58	0.59
2016-05-24	11.5	11.54	11.31	11.27	32553.09	-0.23	-1.99	11.366	11.443	11.827	41433.49	48708.03	69798.98	0.5
2016-05-23	11.44	11.65	11.54	11.44	44025.32	0.08	0.7	11.398	11.453	11.883	43856.86	53289.23	71859.98	0.67
2016-05-20	11.38	11.47	11.46	11.18	36575.62	0.12	1.06	11.408	11.409	11.94	42817.17	60284.23	79536.42	0.56
2016-05-19	11.21	11.42	11.34	11.21	42773.3	0.16	1.43	11.416	11.458	12.029	47629.29	67360.08	86155.5	0.65
2016-05-18	11.3	11.38	11.18	11.08	51240.1	-0.29	-2.53	11.488	11.593	12.112	53869.38	69032.68	93390.46	0.78
2016-05-17	11.6	11.64	11.47	11.37	44669.96	-0.12	-1.03	11.52	11.748	12.257	55982.58	76933.61	98749.18	0.68
2016-05-16	11.38	11.6	11.59	11.29	38826.87	0.09	0.78	11.508	11.875	12.391	62721.59	81790.29	105322.1	0.59
2016-05-13	11.56	11.77	11.5	11.27	60636.2	-0.2	-1.71	11.41	11.956	12.511	77751.3	87446.56	117408.9	0.92
2016-05-12	11.2	11.7	11.7	10.9	73973.79	0.36	3.17	11.5	12.028	12.606	87090.87	89846.95	123378.58	1.13
2016-05-11	11.41	11.57	11.34	11.3	61806.06	-0.07	-0.61	11.698	12.091	12.688	84195.97	89239.09	131509.7	0.94
2016-05-10	11.13	11.47	11.41	11.08	78365.04	0.31	2.79	11.976	12.21	12.748	97884.65	90889.94	133445.86	1.19
2016-05-09	11.67	11.79	11.1	11.05	113975.4	-0.85	-7.11	12.242	12.312	12.807	100858.99	90430.73	136676.84	1.73
2016-05-06	12.7	12.85	11.95	11.95	107334.06	-0.74	-5.83	12.502	12.47	12.867	97141.83	98788.61	136297.89	1.63
2016-05-05	12.65	12.74	12.69	12.56	59499.28	-0.04	-0.31	12.556	12.6	12.89	92603.04	104950.92	135329.93	0.95
2016-05-04	12.67	12.86	12.73	12.49	130249.47	-0.01	-0.08	12.484	12.631	12.885	94282.2	117748.24	137260.52	2.08
2016-05-03	12.38	12.75	12.74	12.29	93236.72	0.34	2.74	12.444	12.765	12.879	83895.22	120564.75	136393.05	1.49
2016-04-29	12.15	12.5	12.4	12.09	95389.63	0.18	1.47	12.382	12.906	12.859	80002.46	128853.92	136350.17	1.52
2016-04-28	12.31	12.35	12.22	11.91	84640.09	-0.11	-0.89	12.438	13.066	12.861	100435.38	147371.23	137281.89	1.35
2016-04-27	12.5	12.62	12.33	12.24	67895.1	-0.2	-1.6	12.644	13.184	12.874	117298.8	156910.2	137354.12	1.08
2016-04-26	12.43	12.66	12.53	12.3	78314.58	0.1	0.81	12.778	13.284	12.857	141214.28	173780.31	138570.09	1.25
2016-04-25	12.55	12.55	12.43	12.08	73772.92	-0.25	-1.97	13.086	13.286	12.841	157234.27	176001.79	144033.2	1.18
2016-04-22	12.5	12.82	12.68	12.35	197554.23	-0.57	-4.3	13.43	13.301	12.818	177705.38	182922.95	144696.26	3.16
2016-04-21	13.06	13.57	13.25	12.92	168957.16	0.25	1.92	13.694	13.264	12.78	194307.08	173807.17	138676.45	2.7
2016-04-20	14.16	14.24	13.0	12.7	187472.53	-1.07	-7.61	13.724	13.18	12.727	196521.6	165708.94	133903.07	3.0
2016-04-19	14.22	14.48	14.07	13.76	158414.52	-0.08	-0.56	13.79	13.139	12.682	206346.34	156772.79	128623.39	2.53
2016-04-18	13.84	14.4	14.15	13.7	176128.44	0.15	1.07	13.486	12.993	12.592	194769.31	152221.35	126834.01	2.81
2016-04-15	13.32	14.29	14.0	13.3	280562.75	0.6	4.48	13.172	12.812	12.48	188140.53	143846.42	124089.3	4.48
2016-04-14	13.26	13.58	13.4	13.21	180029.77	0.07	0.53	12.834	12.656	12.356	153307.25	127192.54	114959.36	2.88
2016-04-13	12.6	13.52	13.33	12.6	236596.23	0.78	6.21	12.636	12.563	12.242	134896.27	117798.03	108315.6	3.78
2016-04-12	12.6	12.72	12.55	12.38	100529.35	-0.03	-0.24	12.488	12.43	12.133	107199.24	103359.86	98646.28	1.61
2016-04-11	12.47	12.76	12.58	12.4	142984.55	0.27	2.19	12.5	12.395	12.071	109673.39	112064.62	97274.19	2.28
2016-04-08	12.28	12.4	12.31	12.1	106396.36	-0.1	-0.81	12.452	12.335	11.989	99552.32	106469.56	91749.83	1.7
2016-04-07	12.67	12.71	12.41	12.31	87974.88	-0.18	-1.43	12.478	12.296	11.92	101077.84	103545.73	88825.13	1.41
2016-04-06	12.51	12.76	12.59	12.48	98111.05	-0.02	-0.16	12.49	12.273	11.857	100699.79	102097.21	88517.75	1.57
2016-04-05	12.34	12.65	12.61	12.18	112900.09	0.27	2.19	12.372	12.224	11.808	99520.48	100473.98	87280.43	1.8
2016-04-01	12.4	12.55	12.34	12.0	92379.2	-0.1	-0.8	12.29	12.191	11.755	114455.85	101446.68	84946.93	1.48
2016-03-31	12.57	12.67	12.44	12.41	114023.96	-0.03	-0.24	12.218	12.147	11.703	113386.8	104332.18	84004.34	1.82
2016-03-30	12.1	12.47	12.47	12.01	86084.64	0.47	3.92	12.114	12.056	11.661	106013.63	102726.18	82434.39	1.38
2016-03-29	12.16	12.27	12.0	11.85	92214.51	-0.2	-1.64	12.056	11.92	11.61	103494.63	98833.17	82290.93	1.47
2016-03-28	12.03	12.66	12.2	12.03	187576.94	0.22	1.84	12.076	11.836	11.552	101427.49	93932.69	79894.08	3.0
2016-03-25	11.9	12.05	11.98	11.61	87033.97	0.06	0.5	12.092	11.747	11.468	88437.51	82483.76	74755.04	1.39
2016-03-24	12.12	12.13	11.92	11.9	77158.09	-0.26	-2.13	12.076	11.642	11.436	95277.56	77030.1	72993.55	1.23
2016-03-23	12.05	12.23	12.18	12.02	73489.63	0.08	0.66	11.998	11.543	11.409	99438.73	74104.52	73706.94	1.17
2016-03-22	12.19	12.25	12.1	12.01	81878.8	-0.18	-1.47	11.784	11.44	11.432	94171.72	74938.29	74309.47	1.31
2016-03-21	12.05	12.38	12.28	12.0	122627.04	0.38	3.19	11.596	11.392	11.457	86437.9	74086.87	74448.73	1.96
2016-03-18	11.54	12.1	11.9	11.51	121234.26	0.37	3.21	11.402	11.319	11.473	76530.02	68447.18	74809.02	1.94
2016-03-17	11.19	11.56	11.53	11.12	97963.94	0.42	3.78	11.208	11.259	11.475	58782.63	63676.49	71794.74	1.57
2016-03-16	11.25	11.29	11.11	10.99	47154.56	-0.05	-0.45	11.088	11.266	11.494	48770.3	62142.59	70801.76	0.75
2016-03-15	11.29	11.33	11.16	11.1	43209.7	-0.15	-1.33	11.096	11.299	11.533	55704.86	65748.68	72459.18	0.69
2016-03-14	11.1	11.45	11.31	11.05	73087.62	0.38	3.48	11.188	11.267	11.559	61735.84	65855.46	74142.81	1.17
2016-03-11	10.8	10.99	10.93	10.72	32497.34	0.0	0.0	11.236	11.189	11.547	60364.34	67026.31	72436.47	0.52
2016-03-10	11.15	11.23	10.93	10.9	47902.3	-0.22	-1.97	11.31	11.229	11.562	68570.35	68957.0	72822.18	0.77
2016-03-09	11.5	11.5	11.15	11.1	81827.36	-0.47	-4.04	11.444	11.274	11.585	75514.88	73309.35	72914.38	1.31
2016-03-08	11.6	11.65	11.62	11.11	73364.59	0.07	0.61	11.502	11.423	11.589	75792.5	73680.64	70859.15	1.17
2016-03-07	11.31	11.76	11.55	11.31	66230.13	0.25	2.21	11.346	11.521	11.568	69975.08	74810.59	69894.92	1.06
2016-03-04	11.55	11.72	11.3	11.04	73527.35	-0.3	-2.59	11.142	11.626	11.528	73688.28	81170.86	68857.81	1.17
2016-03-03	11.38	12.04	11.6	11.36	82624.97	0.16	1.4	11.148	11.691	11.506	69343.64	79913.0	68227.05	1.32
2016-03-02	10.92	11.49	11.44	10.92	83215.45	0.6	5.54	11.104	11.722	11.45	71103.83	79460.92	66175.62	1.33
2016-03-01	10.6	10.94	10.84	10.43	44277.51	0.31	2.94	11.344	11.766	11.423	71568.79	79169.68	65756.14	0.71
2016-02-29	11.21	11.21	10.53	10.4	84796.12	-0.8	-7.06	11.696	11.85	11.433	79646.09	82430.15	67360.79	1.35
2016-02-26	11.54	11.6	11.33	11.03	51804.17	-0.05	-0.44	12.11	11.905	11.519	88653.44	77846.63	65913.97	0.83
2016-02-25	12.57	12.57	11.38	11.38	91425.88	-1.26	-9.97	12.234	11.895	11.557	90482.35	76687.36	66116.12	1.46
2016-02-24	12.55	12.8	12.64	12.29	85540.27	0.04	0.32	12.34	11.896	11.578	87818.01	72519.4	64795.58	1.37
2016-02-23	12.53	12.69	12.6	12.31	84664.0	0.0	0.0	12.188	11.754	11.568	86770.57	68037.66	63915.83	1.35
2016-02-22	12.09	12.76	12.6	12.03	129832.87	0.65	5.44	12.004	11.614	11.572	85214.22	64979.25	63915.85	2.07
2016-02-19	11.87	11.98	11.95	11.72	60948.71	0.04	0.34	11.7	11.43	11.552	67039.82	56544.77	60961.14	0.97
2016-02-18	11.95	12.08	11.91	11.81	78104.21	0.03	0.25	11.556	11.321	11.561	62892.38	56541.1	62061.36	1.25
2016-02-17	11.7	11.94	11.88	11.5	80303.08	0.2	1.71	11.452	11.177	11.604	57220.79	52890.33	62483.18	1.28
2016-02-16	11.12	11.79	11.68	11.12	76882.21	0.6	5.42	11.32	11.08	11.626	49304.74	52342.6	62005.61	1.23
2016-02-15	10.75	11.18	11.08	10.61	38960.87	-0.15	-1.34	11.224	11.015	11.678	44744.28	52291.42	61796.23	0.62
2016-02-05	11.4	11.46	11.23	11.23	40211.52	-0.16	-1.41	11.16	11.132	11.749	46049.72	53981.32	65475.47	0.67
2016-02-04	11.34	11.52	11.39	11.27	49746.29	0.17	1.51	11.086	11.218	11.877	50189.82	55544.88	69461.98	0.83
2016-02-03	11.03	11.3	11.22	10.96	40722.82	0.02	0.18	10.902	11.259	11.989	48559.86	57071.76	69114.66	0.68
2016-02-02	10.88	11.25	11.2	10.8	54079.89	0.44	4.09	10.84	11.382	12.159	55380.46	59794.0	72651.64	0.9
2016-02-01	10.89	10.9	10.76	10.6	45488.08	-0.1	-0.92	10.806	11.529	12.315	59838.57	62852.46	75469.73	0.76
2016-01-29	10.44	10.99	10.86	10.41	60912.01	0.39	3.73	11.104	11.673	12.515	61912.92	65377.52	77056.85	1.02
2016-01-28	10.74	10.99	10.47	10.47	41596.48	-0.44	-4.03	11.35	11.8	12.787	60899.95	67581.62	77919.73	0.7
2016-01-27	11.0	11.16	10.91	10.45	74825.84	-0.12	-1.09	11.616	12.03	13.103	65583.67	72076.03	81063.44	1.25
2016-01-26	12.11	12.11	11.03	11.03	76370.42	-1.22	-9.96	11.924	12.172	13.397	64207.53	71668.63	81472.73	1.28
2016-01-25	12.17	12.45	12.25	12.02	55859.86	0.16	1.32	12.252	12.34	13.678	65866.36	71301.04	84752.62	0.93
2016-01-22	11.92	12.15	12.09	11.7	55847.14	0.29	2.46	12.242	12.365	13.897	68842.11	76969.61	86517.43	0.93
2016-01-21	12.25	12.6	11.8	11.8	65015.07	-0.65	-5.22	12.25	12.536	14.126	74263.29	83379.08	89118.51	1.09
2016-01-20	12.56	12.69	12.45	12.34	67945.16	-0.22	-1.74	12.444	12.718	14.384	78568.39	81157.56	93258.95	1.14
2016-01-19	12.16	12.75	12.67	12.03	84664.55	0.47	3.85	12.42	12.935	14.603	79129.73	85509.28	94759.76	1.41
2016-01-18	11.57	12.45	12.2	11.57	70738.63	0.07	0.58	12.428	13.1	14.797	76735.73	88087.0	94854.49	1.18
2016-01-15	12.65	12.73	12.13	12.01	82953.03	-0.64	-5.01	12.488	13.356	15.007	85097.11	88736.18	95906.55	1.39
2016-01-14	12.02	12.87	12.77	11.9	86540.56	0.44	3.57	12.822	13.773	15.238	92494.87	88257.83	97968.15	1.45
2016-01-13	12.72	13.07	12.33	12.31	70751.86	-0.38	-2.99	12.992	14.175	15.413	83746.74	90050.86	98592.45	1.18
2016-01-12	12.5	12.76	12.71	12.2	72694.58	0.21	1.68	13.45	14.621	15.599	91888.82	91276.82	100234.3	1.21
2016-01-11	13.48	13.79	12.5	12.48	112545.54	-1.3	-9.42	13.772	15.015	15.76	99438.27	98204.19	100260.28	1.88
2016-01-08	14.0	14.41	13.8	12.93	119941.83	0.18	1.32	14.224	15.428	15.901	92375.24	96065.24	97513.79	2.0
2016-01-07	14.62	14.89	13.62	13.4	42799.89	-1.0	-6.84	14.724	15.716	15.988	84020.79	94857.93	94161.15	0.72
2016-01-06	14.43	14.62	14.62	14.32	111462.28	0.3	2.1	15.358	16.05	16.087	96354.99	105360.33	95576.18	1.86
2016-01-05	14.18	14.79	14.32	13.8	110441.8	-0.44	-2.98	15.792	16.27	16.139	90664.82	104010.25	94364.31	1.85
2016-01-04	16.27	16.27	14.76	14.68	77230.4	-1.54	-9.45	16.258	16.494	16.247	96970.1	101621.98	92151.43	1.29
2015-12-31	16.73	16.85	16.3	16.29	78169.59	-0.49	-2.92	16.632	16.657	16.328	99755.24	103076.92	91662.39	1.31
2015-12-30	16.88	16.99	16.79	16.63	104470.86	0.0	0.0	16.708	16.702	16.343	105695.07	107678.47	92274.13	1.8
2015-12-29	16.57	16.8	16.79	16.32	83011.47	0.14	0.84	16.742	16.65	16.324	114365.68	107134.03	91058.24	1.43
2015-12-28	16.64	17.17	16.65	16.61	141968.2	0.02	0.12	16.748	16.577	16.314	117355.68	109191.77	91289.77	2.45
2015-12-25	16.65	16.75	16.63	16.39	91156.08	-0.05	-0.3	16.73	16.504	16.284	106273.85	102316.37	90208.31	1.57
2015-12-24	17.17	17.25	16.68	16.3	107868.75	-0.28	-1.65	16.682	16.373	16.277	106398.6	98962.33	93657.59	1.86
2015-12-23	16.72	17.26	16.96	16.71	147823.89	0.14	0.83	16.696	16.259	16.349	109661.86	93464.38	96459.94	2.55
2015-12-22	16.59	16.86	16.82	16.41	97961.46	0.26	1.57	16.558	16.124	16.434	99902.39	85792.04	98745.29	1.69
2015-12-21	16.3	16.74	16.56	16.15	86559.07	0.17	1.04	16.406	16.008	16.505	101027.86	84718.38	98646.6	1.5
2015-12-18	16.7	16.72	16.39	16.28	91779.83	-0.36	-2.15	16.278	15.999	16.582	98358.88	82680.88	101269.08	1.59
2015-12-17	16.45	16.8	16.75	16.3	124185.07	0.48	2.95	16.064	15.998	16.653	91526.07	80247.86	102276.98	2.14
2015-12-16	16.11	16.49	16.27	15.95	99026.5	0.21	1.31	15.822	15.983	16.7	77266.89	76869.79	100886.07	1.71
2015-12-15	15.93	16.29	16.06	15.83	103588.81	0.14	0.88	15.69	15.998	16.758	71681.69	74982.45	101117.38	1.79
2015-12-14	15.36	15.99	15.92	15.16	73214.2	0.6	3.92	15.61	16.05	16.841	68408.9	73387.77	103454.67	1.26
2015-12-11	15.56	15.56	15.32	15.22	57615.75	-0.22	-1.42	15.72	16.064	16.937	67002.89	78100.26	105122.29	1.0
2015-12-10	15.64	15.82	15.54	15.5	52889.18	-0.07	-0.45	15.932	16.18	17.043	68969.65	88352.84	109859.81	0.91
2015-12-09	15.57	15.75	15.61	15.43	71100.49	-0.05	-0.32	16.144	16.438	17.163	76472.69	99455.51	117690.84	1.23
2015-12-08	16.45	16.46	15.66	15.6	87224.88	-0.81	-4.92	16.306	16.744	17.306	78283.21	111698.54	125828.54	1.51
2015-12-07	16.38	16.56	16.47	16.33	66184.13	0.09	0.55	16.49	17.002	17.466	78366.64	112574.82	133573.28	1.14
2015-12-04	16.43	16.56	16.38	16.32	67449.56	-0.22	-1.32	16.408	17.165	17.601	89197.64	119857.28	141890.32	1.17
2015-12-03	16.48	16.61	16.6	16.28	90404.39	0.18	1.1	16.428	17.308	17.758	107736.04	124306.1	149448.41	1.56
2015-12-02	16.54	16.78	16.42	16.03	80153.1	-0.16	-0.96	16.732	17.416	17.883	122438.33	124902.34	158953.71	1.38
2015-12-01	16.14	16.65	16.58	15.82	87642.0	0.52	3.24	17.182	17.517	18.006	145113.87	127252.3	167541.12	1.51
2015-11-30	16.42	16.6	16.06	15.05	120339.15	-0.42	-2.55	17.514	17.631	18.075	146782.99	133521.57	169533.47	2.08
2015-11-27	18.11	18.11	16.48	16.32	160141.55	-1.64	-9.05	17.922	17.809	18.173	150516.91	132144.32	172095.04	2.77
2015-11-26	18.7	18.74	18.12	18.02	163915.86	-0.55	-2.95	18.188	17.906	18.252	140876.17	131366.78	174123.66	2.83
2015-11-25	18.23	18.87	18.67	18.23	193530.77	0.43	2.36	18.1	17.888	18.268	127366.36	135926.17	174842.13	3.34
2015-11-24	18.04	18.35	18.24	17.95	95987.64	0.14	0.77	17.852	17.868	18.257	109390.74	139958.54	176150.46	1.66
2015-11-23	17.71	18.25	18.1	17.67	139008.73	0.29	1.63	17.748	17.93	18.286	120260.15	154571.74	185265.48	2.4
2015-11-20	17.67	17.97	17.81	17.61	111937.83	0.13	0.73	17.696	18.036	18.322	113771.73	163923.36	191189.44	1.93
2015-11-19	17.49	17.79	17.68	17.23	96366.81	0.25	1.43	17.624	18.207	18.399	121857.4	174590.72	206164.32	1.66
2015-11-18	17.74	18.01	17.43	17.4	103652.7	-0.29	-1.64	17.676	18.349	18.458	144485.99	193005.08	220849.58	1.79
2015-11-17	17.99	18.25	17.72	17.66	150334.69	-0.12	-0.67	17.884	18.495	18.461	170526.35	207829.94	243742.32	2.6
2015-11-16	17.01	17.84	17.84	17.0	106566.63	0.39	2.23	18.112	18.518	18.45	188883.32	205545.38	254240.27	1.84
2015-11-13	17.5	17.92	17.45	17.4	152366.16	-0.49	-2.73	18.376	18.537	18.353	214074.98	212045.76	257501.49	2.63
2015-11-12	18.6	18.6	17.94	17.76	209509.78	-0.53	-2.87	18.79	18.598	18.293	227324.04	216880.53	261165.92	3.62
2015-11-11	18.9	19.0	18.47	18.2	233854.47	-0.39	-2.07	19.022	18.647	18.2	241524.17	213758.09	262636.23	4.04
2015-11-10	19.12	19.44	18.86	18.38	242119.58	-0.3	-1.57	19.106	18.646	18.045	245133.53	212342.38	260044.35	4.18
2015-11-09	19.07	19.34	19.16	18.58	232524.91	-0.36	-1.84	18.924	18.642	17.895	222207.43	215959.22	256362.07	4.02
2015-11-06	19.0	19.65	19.52	18.92	218611.44	0.42	2.2	18.698	18.607	17.708	210016.53	218455.52	254846.8	3.78
2015-11-05	19.18	19.49	19.1	18.47	280510.44	0.21	1.11	18.406	18.59	17.462	206437.03	237737.93	250550.51	4.85
2015-11-04	18.09	18.97	18.89	17.99	251901.27	0.94	5.24	18.272	18.567	17.221	185992.01	248694.08	241928.09	4.35
2015-11-03	18.25	18.38	17.95	17.71	127489.07	-0.08	-0.44	18.186	18.427	16.969	179551.24	279654.7	229402.94	2.2
2015-11-02	17.37	19.0	18.03	16.95	171570.45	-0.03	-0.17	18.36	18.381	16.758	209711.02	302935.16	225494.2	2.96
2015-10-30	18.65	18.75	18.06	17.77	200713.91	-0.37	-2.01	18.516	18.168	16.539	226894.5	302957.23	220490.8	3.47
2015-10-29	18.53	18.9	18.43	18.19	178285.36	-0.03	-0.16	18.774	17.987	16.323	269038.83	305451.31	213025.39	3.08
2015-10-28	18.9	19.26	18.46	18.03	219697.39	-0.36	-1.91	18.862	17.752	16.067	311396.16	311514.37	209291.33	3.79
2015-10-27	18.7	19.23	18.82	17.32	278287.97	0.01	0.05	18.668	17.443	15.851	379758.17	307746.32	203721.12	4.81
2015-10-26	19.48	19.5	18.81	18.6	257487.89	-0.54	-2.79	18.402	17.147	15.605	396159.3	296764.92	195267.4	4.45
2015-10-23	18.71	19.98	19.35	18.12	411435.56	0.48	2.54	17.82	16.809	15.385	379019.95	291238.09	191162.68	7.11
2015-10-22	17.3	19.17	18.87	17.3	390071.97	1.38	7.89	17.2	16.334	15.12	341863.79	263363.09	175842.64	6.74
2015-10-21	18.1	19.24	17.49	17.0	561507.44	0.0	0.0	16.642	15.874	14.844	311632.57	235162.09	160615.97	9.7
2015-10-20	15.78	17.49	17.49	15.78	360293.66	1.59	10.0	16.218	15.51	14.635	235734.48	179151.18	137792.28	6.22
2015-10-19	16.3	16.35	15.9	15.68	171791.12	-0.35	-2.15	15.892	15.134	14.439	197370.53	148053.24	124490.58	2.97
2015-10-16	16.27	16.56	16.25	15.77	225654.77	0.17	1.06	15.798	14.91	14.261	203456.22	138024.36	121034.05	3.9
2015-10-15	15.27	16.13	16.08	15.15	238915.88	0.71	4.62	15.468	14.658	14.107	184862.39	120599.47	116966.94	4.13
2015-10-14	15.92	16.0	15.37	15.2	182016.98	-0.49	-3.09	15.106	14.382	14.025	158691.6	107068.29	108910.78	3.14
2015-10-13	15.4	15.99	15.86	15.21	168473.91	0.43	2.79	14.802	14.259	13.969	122567.87	99695.92	104688.69	2.91
2015-10-12	14.73	15.65	15.43	14.64	202219.58	0.83	5.68	14.376	14.062	13.909	98735.94	93769.88	103898.43	3.49
2015-10-09	14.3	14.8	14.6	14.22	132685.62	0.33	2.31	14.022	13.961	13.843	72592.5	91087.27	98540.33	2.29
2015-10-08	14.3	14.42	14.27	14.07	108061.93	0.54	3.93	13.848	13.906	13.784	56336.55	88322.19	97863.79	1.87
2015-10-07	13.84	13.94	13.85	13.8	1398.3	0.12	0.87	13.658	13.814	13.729	55444.97	86069.86	101636.45	0.02
2015-09-30	13.73	13.95	13.73	13.62	49314.28	0.07	0.51	13.716	13.759	13.673	76823.96	96433.39	108047.3	0.85
2015-09-29	13.34	13.76	13.66	13.27	71502.39	-0.07	-0.51	13.748	13.743	13.695	88803.82	100927.93	112349.53	1.24
2015-09-28	13.3	13.75	13.73	13.15	51405.84	0.41	3.08	13.9	13.612	13.772	109582.03	104043.74	117962.19	0.89
2015-09-25	14.07	14.16	13.32	13.22	103604.02	-0.82	-5.8	13.964	13.556	13.793	120307.82	113334.41	123169.04	1.79
2015-09-24	13.9	14.3	14.14	13.85	108293.29	0.25	1.8	13.97	13.668	13.796	116694.75	110753.27	127215.63	1.87
2015-09-23	14.01	14.26	13.89	13.69	109213.54	-0.53	-3.67	13.802	13.678	13.816	116042.82	109681.46	131462.31	1.89
2015-09-22	14.62	14.74	14.42	13.9	175393.48	0.37	2.63	13.738	13.755	13.929	113052.04	114026.98	130003.46	3.03
2015-09-21	13.3	14.08	14.05	13.05	105034.79	0.7	5.24	13.324	13.725	14.105	98505.44	105993.39	127423.4	1.81
2015-09-18	13.4	13.5	13.35	12.95	85538.64	0.05	0.38	13.148	13.662	14.352	106361.0	107405.4	127892.6	1.48
2015-09-17	13.4	13.96	13.3	13.18	105033.67	-0.27	-1.99	13.366	13.643	14.7	104811.79	117203.04	132365.55	1.81
2015-09-16	12.47	13.59	13.57	12.35	94259.64	1.22	9.88	13.554	13.587	15.032	103320.1	119661.21	137975.75	1.63
2015-09-15	12.8	13.17	12.35	12.0	102660.48	-0.82	-6.23	13.772	13.646	15.461	115001.92	123771.14	140484.3	1.77
2015-09-14	14.56	14.69	13.17	13.0	144312.59	-1.27	-8.79	14.126	13.931	15.963	113481.34	131880.63	147746.53	2.49
2015-09-11	14.12	14.62	14.44	14.12	77792.55	0.2	1.4	14.176	14.029	16.412	108449.79	133003.67	153438.22	1.34
2015-09-10	14.45	14.83	14.24	14.21	97575.22	-0.42	-2.87	13.92	13.923	16.79	129594.3	143677.99	169308.47	1.69
2015-09-09	14.15	14.95	14.66	14.12	152668.75	0.54	3.82	13.62	13.953	17.264	136002.32	153243.16	171124.39	2.64
2015-09-08	13.2	14.28	14.12	13.09	95057.6	0.7	5.22	13.52	14.102	17.609	132540.36	145979.95	180049.43	1.64
2015-09-07	13.45	14.0	13.42	13.29	119154.84	0.26	1.98	13.736	14.484	17.884	150279.92	148853.4	183190.77	2.06
2015-09-02	12.21	13.39	13.16	12.01	183515.09	0.42	3.3	13.882	15.042	18.138	157557.55	148379.81	181208.53	3.17
2015-09-01	14.14	14.16	12.74	12.74	129615.32	-1.42	-10.03	13.926	15.756	18.422	157761.68	147528.06	178832.66	2.24
2015-08-31	15.0	15.0	14.16	14.14	135358.95	-1.04	-6.84	14.286	16.476	18.77	170484.01	156290.29	178967.63	2.34
2015-08-28	14.28	15.3	15.2	14.21	183755.42	1.05	7.42	14.684	17.276	18.967	159419.53	157197.46	182371.69	3.17
2015-08-27	13.8	14.2	14.15	13.2	155542.95	0.77	5.75	15.232	17.995	19.164	147426.88	163612.42	181222.57	2.69
2015-08-26	14.7	15.18	13.38	13.2	184535.77	-1.16	-7.98	16.202	18.795	19.42	139202.07	173872.78	183358.36	3.19
2015-08-25	14.54	14.99	14.54	14.54	193226.95	-1.61	-9.97	17.586	19.657	19.772	137294.44	194938.94	183809.55	3.34
2015-08-24	17.0	17.0	16.15	16.15	80036.56	-1.79	-9.98	18.666	20.575	20.014	142096.56	189005.62	190642.4	1.38
2015-08-21	18.65	19.39	17.94	17.89	123792.15	-1.06	-5.58	19.868	21.116	20.245	154975.39	214118.92	199115.29	2.14
2015-08-20	20.22	20.4	19.0	18.9	114418.92	-1.3	-6.4	20.758	21.284	20.502	179797.96	217528.15	211970.6	1.98
2015-08-19	19.16	20.6	20.3	18.0	174997.64	0.36	1.8	21.388	21.233	20.742	208543.49	214037.25	232931.61	3.02
2015-08-18	22.18	22.71	19.94	19.94	217237.55	-2.22	-10.02	21.728	21.088	20.845	252583.44	210137.26	225424.15	3.75
2015-08-17	22.25	22.26	22.16	21.51	144430.7	-0.23	-1.03	22.484	21.063	20.865	235914.68	201644.98	214923.47	2.49
2015-08-14	22.16	23.36	22.39	22.15	247905.0	0.24	1.08	22.364	20.657	20.681	273262.44	207545.91	207831.63	4.28
2015-08-13	21.76	22.33	22.15	20.96	258146.55	0.15	0.68	21.81	20.333	20.401	255258.33	198832.73	210365.74	4.46
2015-08-12	23.6	23.69	22.0	21.97	395197.38	-1.72	-7.25	21.078	20.045	20.183	219531.01	192843.95	207640.46	6.83
2015-08-11	23.72	23.72	23.72	23.72	133893.77	2.16	10.02	20.448	19.886	20.071	167691.08	172680.16	196809.11	2.31
2015-08-10	20.09	21.56	21.56	20.05	331169.5	1.94	9.89	19.642	19.453	19.983	167375.29	192279.18	198129.64	5.72
2015-08-07	18.8	19.64	19.62	18.64	157884.47	1.13	6.11	18.95	19.374	20.125	141829.39	184111.66	191196.72	2.73
2015-08-06	18.35	18.85	18.49	18.01	79509.95	-0.36	-1.91	18.856	19.72	20.31	142407.12	206413.06	190887.29	1.37
2015-08-05	19.57	19.89	18.85	18.81	135997.7	-0.84	-4.27	19.012	20.251	20.681	166156.88	251825.97	192718.59	2.35
2015-08-04	18.26	19.7	19.69	18.08	132314.81	1.59	8.79	19.324	20.602	21.178	177669.24	240711.04	191633.67	2.29
2015-08-03	19.0	19.02	18.1	17.37	203440.0	-1.05	-5.48	19.264	20.666	21.702	217183.07	228201.96	189945.25	3.51
2015-07-31	18.88	19.55	19.15	18.88	160773.16	-0.12	-0.62	19.798	20.704	22.295	226393.93	208117.35	185717.16	2.78
2015-07-30	20.13	20.8	19.27	19.0	198258.73	-1.14	-5.58	20.584	20.469	22.778	270418.99	221898.75	183750.71	3.42
2015-07-29	19.55	20.55	20.41	18.5	193559.52	1.02	5.26	21.49	20.32	23.307	337495.06	222436.97	178072.6	3.34
2015-07-28	19.35	20.68	19.39	18.69	329883.94	-1.38	-6.64	21.88	20.255	23.846	303752.83	220938.06	174651.74	5.7
2015-07-27	22.3	23.44	20.77	20.77	249494.28	-2.31	-10.01	22.068	20.512	24.4	239220.84	203980.11	163772.99	4.31
2015-07-24	23.42	24.04	23.08	22.9	380898.5	-0.72	-3.02	21.61	20.875	25.096	189840.78	198281.78	157947.48	6.58
2015-07-23	23.99	23.99	23.8	23.1	533639.06	1.44	6.44	20.354	20.899	25.762	173378.5	175361.52	145458.56	9.22
2015-07-22	22.36	22.36	22.36	22.36	24848.36	2.03	9.98	19.15	21.11	26.445	107378.87	133611.21	126998.38	0.43
2015-07-21	20.33	20.33	20.33	20.33	7224.01	1.85	10.01	18.63	21.753	27.199	138123.28	142556.3	133691.78	0.12
2015-07-20	18.48	18.48	18.48	18.48	2593.96	1.68	10.0	18.956	22.738	27.949	168739.37	151688.54	139764.13	0.04
2015-07-06	19.56	19.56	16.8	16.0	298587.12	-0.98	-5.51	20.14	23.886	28.773	206722.78	163316.98	148136.55	5.16
2015-07-03	18.0	19.8	17.78	17.78	203640.92	-1.98	-10.02	21.444	25.087	29.78	177344.55	145602.67	144212.35	3.52
2015-07-02	21.8	22.18	19.76	19.76	178570.41	-2.2	-10.02	23.07	26.294	30.806	159843.55	133708.23	149144.61	3.08
2015-07-01	24.46	25.18	21.96	21.96	160304.45	-2.44	-10.0	24.876	27.436	31.74	146989.31	128365.42	140641.13	2.77
2015-06-30	22.6	25.18	24.4	20.99	192510.98	1.08	4.63	26.52	28.287	32.39	134637.71	123565.87	143179.76	3.33
2015-06-29	26.3	26.48	23.32	23.32	151695.97	-2.59	-10.0	27.632	29.317	32.828	119911.18	117613.18	141199.03	2.62
2015-06-26	27.75	27.76	25.91	25.91	116135.93	-2.88	-10.0	28.73	30.624	33.23	113860.79	115555.6	141302.49	2.01
2015-06-25	30.18	30.78	28.79	27.8	114299.21	-1.39	-4.61	29.518	31.779	33.49	107572.92	120385.55	143928.11	1.97
2015-06-24	29.96	30.9	30.18	29.27	98546.44	0.22	0.73	29.996	32.645	33.547	109741.54	124827.26	144864.58	1.7
2015-06-23	29.0	30.02	29.96	27.5	118878.34	1.15	3.99	30.054	33.16	33.527	112494.04	127839.73	147730.8	2.05
2015-06-19	29.5	30.55	28.81	28.0	121444.05	-1.04	-3.48	31.002	33.66	33.54	115315.18	132956.13	151189.84	2.1
2015-06-18	31.38	31.47	29.85	29.51	84696.55	-1.33	-4.27	32.518	34.472	33.72	117250.41	142822.02	154424.02	1.46
2015-06-17	30.84	31.38	31.18	29.49	125142.32	0.71	2.33	34.04	35.317	33.809	133198.18	164580.98	158882.25	2.16
2015-06-16	32.0	32.28	30.47	30.3	112308.95	-0.89	-2.84	35.294	36.044	33.847	139912.98	152916.83	165598.74	1.94
2015-06-15	36.4	36.6	34.7	34.58	132984.05	-1.69	-4.64	36.266	36.492	33.827	143185.41	162793.64	171851.69	2.44
2015-06-12	37.27	37.77	36.39	36.29	131120.2	-1.07	-2.86	36.318	36.338	33.459	150597.07	164784.88	172667.44	2.41
2015-06-11	38.1	38.78	37.46	37.44	164435.38	0.01	0.03	36.426	35.836	32.978	168393.63	167049.38	176459.76	3.02
2015-06-10	35.39	38.0	37.45	34.0	158716.31	2.12	6.0	36.594	35.2	32.426	195963.78	167470.67	175005.06	2.92
2015-06-09	34.98	36.5	35.33	34.96	128671.12	0.37	1.06	36.794	34.449	31.868	165920.69	164901.9	171670.72	2.37
2015-06-08	36.1	36.5	34.96	33.77	170042.34	-1.97	-5.33	36.718	33.893	31.409	182401.87	167621.86	171835.23	3.13
2015-06-05	38.55	39.6	36.93	36.85	220103.02	-1.37	-3.58	36.358	33.419	30.928	178972.7	169423.56	167417.6	4.05
2015-06-04	39.97	40.35	38.3	35.3	302286.12	-0.15	-0.39	35.246	32.968	30.366	165705.12	166026.02	162810.3	5.56
2015-06-03	38.45	38.45	38.45	38.45	8500.84	3.5	10.01	33.806	32.301	29.788	138977.55	153183.52	156561.5	0.16
2015-05-22	33.81	35.41	34.95	32.72	211077.02	1.79	5.4	32.104	31.649	29.132	163883.1	178280.64	161987.71	3.88
2015-05-21	31.72	33.18	33.16	31.5	152896.48	1.79	5.71	31.068	31.161	28.646	152841.86	180909.73	157403.59	2.81
2015-05-20	30.98	32.89	31.37	30.72	153765.16	0.27	0.87	30.48	30.579	28.239	159874.43	180549.99	156818.58	2.83
2015-05-19	29.83	31.33	31.1	29.3	168648.27	1.16	3.87	30.69	30.12	27.873	166346.91	185870.15	155402.37	3.1
2015-05-18	29.46	30.68	29.94	29.3	133028.59	0.17	0.57	30.796	29.651	27.489	167389.48	182539.46	154771.56	2.45
2015-05-15	29.9	30.03	29.77	28.4	155870.8	-0.45	-1.49	31.194	29.287	27.23	192678.18	178439.55	152698.58	2.87
2015-05-14	32.4	32.4	30.22	30.0	188059.31	-2.2	-6.79	31.254	28.924	26.991	208977.61	176048.59	148865.62	3.46
2015-05-13	31.35	33.18	32.42	30.64	186127.58	0.79	2.5	30.678	28.436	26.719	201225.56	165411.64	144232.63	3.42
2015-05-12	31.69	32.0	31.63	30.7	173861.12	-0.3	-0.94	29.55	27.764	26.392	205393.38	159594.58	141013.91	3.2
2015-05-11	29.95	32.6	31.93	29.5	259472.08	1.86	6.19	28.506	27.275	26.136	197689.43	159939.48	141987.18	4.77
2015-05-08	29.0	30.07	30.07	28.36	237367.95	2.73	9.98	27.38	26.615	25.809	164200.92	145694.77	136025.66	4.36
2015-05-07	27.1	27.79	27.34	26.21	149299.05	0.56	2.09	26.594	26.131	25.557	143119.57	133897.45	136633.06	2.74
2015-05-06	26.39	27.95	26.78	26.3	206966.72	0.37	1.4	26.194	25.898	25.491	129597.73	133087.17	139271.27	3.8
2015-05-05	26.09	26.47	26.41	25.57	135341.36	0.11	0.42	25.978	25.626	25.51	113795.77	124934.6	135735.37	2.49
2015-05-04	26.2	26.81	26.3	25.88	92029.51	0.16	0.61	26.044	25.326	25.531	122189.52	127003.66	137124.32	1.69
2015-04-30	25.42	26.46	26.14	25.42	131961.2	0.8	3.16	25.85	25.172	25.594	127188.63	126957.6	141481.71	2.43
2015-04-29	25.01	25.61	25.34	24.7	81689.85	-0.36	-1.4	25.668	25.058	25.643	124675.34	121682.66	141481.78	1.5
2015-04-28	26.58	26.61	25.7	25.06	127956.93	-1.04	-3.89	25.602	25.002	25.731	136576.61	123053.62	145816.87	2.35
2015-04-27	25.75	27.1	26.74	25.75	177310.12	1.41	5.57	25.274	25.02	25.831	136073.43	122433.24	150248.15	3.26
2015-04-24	24.81	25.68	25.33	24.5	117025.05	0.1	0.4	24.608	24.996	25.753	131817.8	124034.88	151921.49	2.15
2015-04-23	25.03	25.71	25.23	25.03	119394.74	0.22	0.88	24.494	25.003	25.695	126726.58	126356.55	157391.92	2.19
2015-04-22	24.43	25.49	25.01	24.08	141196.22	0.95	3.95	24.448	24.982	25.629	118689.98	139368.66	160724.76	2.6
2015-04-21	23.04	24.16	24.06	23.04	125441.01	0.65	2.78	24.402	25.083	25.473	109530.64	145455.38	164331.48	2.31
2015-04-20	24.72	24.72	23.41	22.87	156031.98	-1.35	-5.45	24.766	25.393	25.328	108793.05	146536.13	164874.83	2.87
2015-04-17	25.01	25.3	24.76	24.7	91568.93	-0.24	-0.96	25.384	25.735	25.185	116251.96	147244.98	166540.6	1.68
2015-04-16	24.78	25.6	25.0	24.1	79211.78	0.22	0.89	25.512	26.015	24.997	125986.52	156005.82	170898.62	1.46
2015-04-15	25.8	25.8	24.78	24.78	95399.48	-1.1	-4.25	25.516	26.227	24.73	160047.35	161280.9	172075.84	1.75
2015-04-14	26.52	26.62	25.88	25.58	121753.09	-0.62	-2.34	25.764	26.459	24.482	181380.12	168580.11	177338.69	2.24
2015-04-13	25.54	27.19	26.5	25.5	193326.52	1.1	4.33	26.02	26.641	24.148	184279.21	178063.06	182825.95	3.55
2015-04-10	24.78	25.84	25.4	24.39	140241.73	0.38	1.52	26.086	26.509	23.731	178237.99	179808.11	177407.39	2.58
2015-04-09	25.91	25.91	25.02	23.65	249515.91	-1.0	-3.84	26.518	26.387	23.358	186025.12	188427.29	176480.47	4.59
2015-04-08	27.16	27.2	26.02	25.4	202063.34	-1.14	-4.2	26.938	26.275	23.031	162514.45	182080.86	170849.35	3.71
2015-04-07	26.9	27.59	27.16	26.6	136248.56	0.33	1.23	27.154	25.863	22.683	155780.11	183207.58	166435.64	2.5
2015-04-03	27.15	27.15	26.83	26.5	163120.41	-0.73	-2.65	27.262	25.263	22.286	171846.9	183213.52	164966.12	3.0
2015-04-02	27.17	28.98	27.56	26.86	179177.36	0.44	1.62	26.932	24.634	21.911	181378.22	185836.22	166124.93	3.29
2015-04-01	27.48	27.52	27.12	26.42	131962.56	0.02	0.07	26.256	23.979	21.462	190829.47	185791.42	163749.43	2.43
2015-03-31	26.35	27.59	27.1	26.3	168391.66	-0.6	-2.17	25.612	23.233	21.053	201647.28	182870.77	163756.21	3.1
2015-03-30	25.3	27.7	27.7	25.22	216582.52	2.52	10.01	24.572	22.505	20.622	210635.05	186097.26	168101.59	3.98
2015-03-27	26.6	26.6	25.18	25.0	210777.02	1.0	4.14	23.264	21.655	20.141	194580.14	187588.85	167469.95	3.87
2015-03-26	23.6	25.65	24.18	23.34	226433.58	0.28	1.17	22.336	20.953	19.726	190294.22	175006.68	160779.02	4.16
2015-03-25	22.0	24.09	23.9	22.0	186051.62	2.0	9.13	21.702	20.329	19.358	180753.38	164533.66	153441.22	3.42
2015-03-24	21.16	22.9	21.9	20.91	213330.53	0.74	3.5	20.854	19.786	19.01	164094.27	159617.83	148359.43	3.92
2015-03-23	20.6	21.3	21.16	20.51	136307.94	0.62	3.02	20.438	19.503	18.77	161559.47	149663.69	137818.71	2.51
2015-03-20	21.06	21.83	20.54	20.5	189347.41	-0.47	-2.24	20.046	19.308	18.568	180597.57	146718.73	136123.59	3.48
2015-03-19	19.66	21.2	21.01	19.66	178729.38	1.35	6.87	19.57	19.187	18.405	159719.14	146413.63	134411.62	3.29
2015-03-18	19.9	19.98	19.66	19.51	102756.08	-0.16	-0.81	18.956	18.944	18.194	148313.94	141707.43	136909.11	1.89
2015-03-17	19.18	19.85	19.82	19.0	200656.52	0.62	3.23	18.718	18.872	18.036	155141.39	144641.65	143848.09	3.69
2015-03-16	18.24	19.3	19.2	17.96	231498.44	1.04	5.73	18.568	18.738	17.855	137767.92	150105.92	146164.04	4.26
2015-03-13	18.11	18.54	18.16	18.02	84955.28	0.22	1.23	18.57	18.627	17.657	112839.88	147351.05	142162.8	1.56
2015-03-12	18.5	18.5	17.94	17.78	121703.38	-0.53	-2.87	18.804	18.499	17.531	133108.13	146551.37	143554.37	2.24
2015-03-11	19.1	19.21	18.47	18.34	136893.33	-0.6	-3.15	18.932	18.386	17.409	135100.92	142348.78	141768.18	2.52
2015-03-10	19.21	19.79	19.07	18.83	113789.16	-0.14	-0.73	19.026	18.234	17.255	134141.91	137101.04	144660.86	2.09
2015-03-09	19.29	19.36	19.21	18.7	106858.27	-0.12	-0.62	18.908	18.036	17.086	162443.92	125973.72	152824.07	1.96
2015-03-06	18.59	19.62	19.33	18.59	186296.5	0.75	4.04	18.684	17.827	16.866	181862.22	125528.46	153770.04	3.42
2015-03-05	19.0	19.64	18.58	18.35	131667.33	-0.36	-1.9	18.194	17.622	16.616	159994.61	122409.6	150593.94	2.42
2015-03-04	18.48	19.26	18.94	18.45	132098.3	0.46	2.49	17.84	17.444	16.437	149596.64	132110.8	147456.74	2.43
2015-03-03	17.98	19.28	18.48	17.82	255299.2	0.39	2.16	17.442	17.199	16.246	140060.17	143054.52	145234.27	4.69
2015-03-02	16.9	18.25	18.09	16.9	203949.75	1.21	7.17	17.164	16.972	16.093	89503.53	142222.16	141288.46	3.75
2015-02-27	16.85	16.96	16.88	16.73	76958.49	0.07	0.42	16.97	16.686	15.955	69194.7	136974.54	137241.19	1.41
2015-02-26	16.9	17.06	16.81	16.67	79677.46	-0.14	-0.83	17.05	16.562	15.87	84824.59	140557.38	138988.59	1.46
2015-02-25	17.1	17.42	16.95	16.72	84415.94	-0.17	-0.99	17.048	16.431	15.778	114624.95	141187.58	141287.62	1.55
2015-02-24	17.13	18.05	17.09	17.09	2516.0	-0.03	-0.17	16.956	16.276	15.693	146048.88	152220.69	144601.66	0.05
2015-02-17	17.25	17.25	17.12	16.83	102405.61	-0.16	-0.93	16.78	16.136	15.596	194940.8	179674.42	154888.45	1.88
2015-02-16	16.79	17.5	17.28	16.62	155107.94	0.48	2.86	16.402	15.905	15.467	204754.38	182011.63	155139.67	2.85
2015-02-13	16.49	17.23	16.8	16.41	228679.27	0.31	1.88	16.074	15.609	15.307	196290.16	178778.28	153056.93	4.2
2015-02-12	16.26	16.78	16.49	16.26	241535.58	0.28	1.73	15.814	15.43	15.193	167750.21	162802.68	146642.64	4.44
2015-02-11	15.26	16.42	16.21	15.1	246975.61	0.98	6.43	15.596	15.293	15.079	158392.5	147414.01	137995.57	4.54
2015-02-10	15.68	15.68	15.23	15.1	151473.52	-0.41	-2.62	15.492	15.213	14.977	164408.04	140354.76	129290.45	2.78
2015-02-09	15.51	15.79	15.64	15.37	112786.83	0.14	0.9	15.408	15.224	14.937	159268.88	137507.84	124372.62	2.07
2015-02-06	15.39	15.55	15.5	15.3	85979.51	0.1	0.65	15.144	15.177	14.863	161266.39	137419.8	122365.19	1.58
2015-02-05	15.67	15.69	15.4	15.26	194747.02	-0.29	-1.85	15.046	15.125	14.812	157855.15	141387.66	122727.95	3.58
2015-02-04	14.82	15.99	15.69	14.8	277053.34	0.88	5.94	14.99	15.11	14.774	136435.53	136982.64	117442.98	5.09
2015-02-03	14.3	15.01	14.81	14.25	125777.68	0.49	3.42	14.934	15.055	14.721	116301.48	130102.48	107356.19	2.31
2015-02-02	14.56	14.56	14.32	14.0	122774.4	-0.69	-4.6	15.04	15.028	14.71	115746.81	128267.71	106041.99	2.26
2015-01-30	15.18	15.28	15.01	14.99	68923.33	-0.11	-0.73	15.21	15.005	14.711	113573.22	127335.58	105559.68	1.27
2015-01-29	15.3	15.41	15.12	15.09	87648.9	-0.29	-1.88	15.204	14.955	14.661	124920.16	130482.6	106104.5	1.61
2015-01-28	15.38	15.79	15.41	15.23	176383.08	0.07	0.46	15.23	14.865	14.61	137529.74	128577.13	105743.67	3.24
2015-01-27	15.18	15.34	15.34	14.86	123004.34	0.17	1.12	15.176	14.74	14.575	143903.49	118226.15	101472.72	2.26
2015-01-26	14.97	15.25	15.17	14.91	111906.43	0.19	1.27	15.016	14.65	14.54	140788.61	111237.4	98775.77	2.06
2015-01-23	15.25	15.31	14.98	14.9	125658.06	-0.27	-1.77	14.8	14.549	14.507	141097.95	107310.58	96192.16	2.31
2015-01-22	15.21	15.49	15.25	15.1	150696.8	0.11	0.73	14.706	14.498	14.484	136045.04	104068.25	93609.49	2.77
2015-01-21	14.6	15.3	15.14	14.55	208251.81	0.6	4.13	14.5	14.438	14.422	119624.52	97903.33	88399.95	3.83
2015-01-20	14.13	14.58	14.54	14.13	107429.96	0.45	3.19	14.304	14.386	14.364	92548.8	84609.9	82576.85	1.97
2015-01-19	14.32	14.66	14.09	13.9	113453.1	-0.42	-2.9	14.284	14.392	14.373	81686.2	83816.26	80673.04	2.09
2015-01-16	14.29	14.51	14.51	14.15	100393.52	0.29	2.04	14.298	14.416	14.409	73523.22	83783.79	79165.1	1.85
2015-01-15	14.17	14.25	14.22	14.03	68594.23	0.06	0.42	14.29	14.366	14.436	72091.46	81726.39	77834.62	1.26
2015-01-14	14.48	14.5	14.16	14.0	72873.21	-0.28	-1.94	14.376	14.354	14.492	76182.13	82910.2	77834.63	1.34
2015-01-13	14.18	14.44	14.44	14.1	53116.93	0.28	1.98	14.468	14.41	14.565	76671.0	84719.3	78412.97	0.98
2015-01-12	14.4	14.44	14.16	14.02	72638.22	-0.31	-2.14	14.5	14.43	14.611	85946.33	86314.13	79388.2	1.34
2015-01-09	14.66	14.88	14.47	14.41	93234.72	-0.18	-1.23	14.534	14.464	14.666	94044.35	85073.73	79143.28	1.71
2015-01-08	14.62	14.91	14.65	14.54	89047.56	0.03	0.2	14.442	14.469	14.709	91361.32	83150.73	79455.6	1.64
2015-01-07	14.63	14.67	14.62	14.43	75317.59	0.02	0.14	14.332	14.406	14.72	89638.28	78896.57	80457.2	1.38
2015-01-06	14.35	14.69	14.6	14.27	99493.54	0.27	1.88	14.352	14.342	14.749	92767.6	80543.8	81756.71	1.83
2015-01-05	13.96	14.44	14.33	13.9	113128.36	0.32	2.28	14.36	14.354	14.787	86681.94	77529.83	82858.76	2.08
2014-12-31	14.19	14.29	14.01	13.88	79819.56	-0.09	-0.64	14.394	14.401	14.875	76103.11	74546.41	81162.33	1.47
2014-12-30	14.73	14.8	14.1	14.0	80432.34	-0.62	-4.21	14.496	14.506	14.968	74940.14	73942.86	82155.96	1.48
2014-12-29	14.63	14.93	14.72	14.55	90964.19	0.08	0.55	14.48	14.63	15.063	68154.85	72759.06	83231.62	1.67
2014-12-26	14.42	14.66	14.64	14.42	69065.23	0.14	0.97	14.332	14.719	15.135	68320.01	72106.64	82729.1	1.27
2014-12-25	14.55	14.62	14.5	14.39	60234.24	-0.02	-0.14	14.348	14.792	15.222	68377.71	72462.27	82329.96	1.11
2014-12-24	14.1	14.61	14.52	14.1	74004.71	0.5	3.57	14.408	14.867	15.315	72989.71	73212.82	83644.9	1.36
2014-12-23	13.97	14.27	14.02	13.89	46505.89	0.04	0.29	14.516	14.948	15.41	72945.57	75760.47	88734.2	0.85
2014-12-22	14.7	14.9	13.98	13.92	91789.98	-0.74	-5.03	14.78	15.034	15.535	77363.27	82017.83	92732.32	1.69
2014-12-19	14.8	14.91	14.72	14.47	69353.75	-0.08	-0.54	15.106	15.156	15.627	75893.27	82969.61	90965.64	1.27
2014-12-18	15.0	15.15	14.8	14.8	83294.23	-0.26	-1.73	15.236	15.219	15.683	76546.83	88187.69	89902.87	1.53
2014-12-17	15.15	15.32	15.06	14.91	73784.02	-0.28	-1.82	15.326	15.349	15.742	73435.92	87778.25	89208.11	1.36
2014-12-16	15.62	15.68	15.34	15.3	68594.35	-0.27	-1.73	15.38	15.429	15.777	78575.36	90369.07	87285.73	1.26
2014-12-15	15.36	15.71	15.61	15.3	84440.02	0.24	1.56	15.288	15.495	15.806	86672.4	93704.19	85799.05	1.55
2014-12-12	15.34	15.44	15.37	15.22	72621.55	0.12	0.79	15.206	15.55	15.815	90045.95	93351.55	84546.93	1.33
2014-12-11	15.32	15.39	15.25	15.1	67739.68	-0.08	-0.52	15.202	15.652	15.82	99828.55	92197.64	83616.01	1.25
2014-12-10	14.8	15.45	15.33	14.75	99481.21	0.45	3.02	15.372	15.763	15.822	102120.58	94076.99	83854.22	1.83
2014-12-09	15.23	15.23	14.88	14.8	109079.53	-0.32	-2.1	15.478	15.871	15.843	102162.77	101707.94	82144.07	2.01
2014-12-08	15.27	15.48	15.2	15.0	101307.8	-0.15	-0.98	15.702	16.035	15.874	100735.97	103446.8	83507.15	1.86
2014-12-05	16.1	16.19	15.35	15.2	121534.55	-0.75	-4.66	15.894	16.098	15.923	96657.15	98961.67	84044.97	2.23
2014-12-04	15.88	16.19	16.1	15.82	79199.8	0.24	1.51	16.102	16.146	15.993	84566.72	91618.04	81134.9	1.46
2014-12-03	15.98	15.98	15.86	15.66	99692.17	-0.14	-0.88	16.154	16.135	16.028	86033.39	90637.96	81423.89	1.83
2014-12-02	16.25	16.37	16.0	15.95	101945.54	-0.16	-0.99	16.264	16.125	16.084	101253.1	84202.39	78779.95	1.87
2014-12-01	16.52	16.78	16.16	16.15	80913.71	-0.23	-1.4	16.368	16.116	16.134	106157.63	77893.9	76194.43	1.49
2014-11-28	16.37	16.53	16.39	16.18	61082.37	0.03	0.18	16.302	16.079	16.185	101266.19	75742.3	75986.83	1.12
2014-11-27	16.35	16.43	16.36	16.22	86533.17	-0.05	-0.3	16.19	15.987	16.225	98669.35	75034.38	82205.64	1.59
2014-11-26	16.88	16.88	16.41	16.13	175790.72	-0.11	-0.67	16.116	15.88	16.295	95242.53	73631.45	89126.85	3.23
2014-11-25	15.95	16.57	16.52	15.82	126468.2	0.69	4.36	15.986	15.815	16.36	67151.68	62580.21	89450.4	2.32
2014-11-24	15.88	16.0	15.83	15.66	56456.48	0.0	0.0	15.864	15.712	16.37	49630.18	63567.51	90997.91	1.04
2014-11-21	15.72	16.1	15.83	15.72	48098.2	-0.16	-1.0	15.856	15.747	16.426	50218.4	69128.26	90863.14	0.88
2014-11-20	15.75	16.16	15.99	15.66	69399.04	0.23	1.46	15.784	15.839	16.476	51399.41	70651.76	94028.6	1.28
2014-11-19	15.85	15.93	15.76	15.69	35336.47	-0.15	-0.94	15.644	15.92	16.539	52020.37	72209.81	94794.18	0.65
2014-11-18	15.78	15.93	15.91	15.62	38860.69	0.12	0.76	15.644	16.043	16.63	58008.74	73357.51	101053.47	0.71
2014-11-17	15.47	15.94	15.79	15.4	59397.62	0.32	2.07	15.56	16.152	16.714	77504.84	74494.95	105778.07	1.09
2014-11-14	15.25	15.53	15.47	14.98	54003.23	0.18	1.18	15.638	16.291	16.759	88038.11	76231.36	107882.29	0.99
2014-11-13	15.73	15.75	15.29	15.17	72503.82	-0.47	-2.98	15.894	16.462	16.806	89904.12	89376.9	113317.13	1.33
2014-11-12	15.42	15.82	15.76	15.32	65278.32	0.27	1.74	16.196	16.71	16.891	92399.26	104622.26	120439.63	1.2
2014-11-11	16.19	16.39	15.49	15.15	136341.19	-0.69	-4.26	16.442	16.904	16.974	88706.29	116320.6	128773.45	2.51
2014-11-10	16.63	16.85	16.18	16.12	112064.01	-0.57	-3.4	16.744	17.027	17.037	71485.06	118428.32	129574.99	2.06
2014-11-07	16.83	17.03	16.75	16.58	63333.24	-0.05	-0.3	16.944	17.104	17.064	64424.6	112598.03	130529.47	1.16
2014-11-06	16.9	17.08	16.8	16.56	84979.56	-0.19	-1.12	17.03	17.113	17.049	88849.68	117405.43	135108.14	1.56
2014-11-05	16.91	17.16	16.99	16.89	46813.44	-0.01	-0.06	17.224	17.157	17.0	116845.26	117378.55	138670.32	0.86
2014-11-04	17.2	17.2	17.0	16.84	50235.07	-0.18	-1.05	17.366	17.217	16.898	143934.91	128749.43	142427.77	0.92
2014-11-03	17.05	17.3	17.18	16.91	76761.69	0.0	0.0	17.31	17.275	16.794	165371.57	137061.18	148532.9	1.41
2014-10-31	17.7	17.73	17.18	16.79	185458.64	-0.59	-3.32	17.264	17.227	16.679	160771.46	139533.22	153522.45	3.41
2014-10-30	17.7	18.53	17.77	17.6	224957.45	0.07	0.4	17.196	17.149	16.536	145961.19	137257.37	151400.61	4.14
2014-10-29	16.8	17.75	17.7	16.73	182261.7	0.98	5.86	17.09	17.071	16.36	117911.84	136257.0	144831.8	3.35
2014-10-28	17.01	17.12	16.72	16.47	157418.36	-0.23	-1.36	17.068	17.043	16.183	113563.94	141226.3	140900.34	2.89
2014-10-27	16.81	17.01	16.95	16.68	53761.14	0.11	0.65	17.24	17.046	16.059	108750.8	140721.66	143305.96	0.99
2014-10-24	17.21	17.38	16.84	16.64	111407.29	-0.4	-2.32	17.19	17.024	15.894	118294.97	148460.91	149672.27	2.05
2014-10-23	17.4	17.85	17.24	17.1	84710.71	-0.35	-1.99	17.102	16.984	15.744	128553.55	152810.85	149826.21	1.56
2014-10-22	17.51	17.93	17.59	17.09	160522.2	0.01	0.06	17.052	16.842	15.57	154602.16	159962.09	153822.86	2.95
2014-10-21	16.7	17.7	17.58	16.67	133352.66	0.88	5.27	17.018	16.578	15.371	168888.66	156106.12	155061.21	2.45
2014-10-20	16.59	17.0	16.7	16.21	101482.01	0.3	1.83	16.852	16.312	15.156	172692.52	160004.61	152324.13	1.87
2014-10-17	16.68	17.2	16.4	16.13	162700.17	-0.59	-3.47	16.858	16.13	14.99	178626.85	167511.68	150710.82	2.99
2014-10-16	17.5	17.5	16.99	16.03	214953.75	-0.43	-2.47	16.866	15.922	14.84	177068.14	165543.84	147941.83	3.95
2014-10-09	16.74	17.58	17.42	16.71	231954.73	0.67	4.0	16.632	15.648	14.653	165322.03	153406.59	140699.88	4.26
2014-10-08	16.6	16.95	16.75	16.3	152371.95	0.02	0.12	16.138	15.322	14.444	143323.57	140574.38	133137.58	2.8
2014-09-30	16.46	16.94	16.73	16.2	131153.66	0.29	1.76	15.772	15.072	14.268	147316.7	145890.25	130118.5	2.41
2014-09-29	15.82	16.65	16.44	15.78	154906.62	0.62	3.92	15.402	14.764	14.08	156396.51	150883.63	125563.64	2.85
2014-09-26	14.81	16.13	15.82	14.8	156223.17	0.87	5.82	14.978	14.504	13.901	154019.54	146841.58	119943.14	2.87
2014-09-25	14.93	15.17	14.95	14.78	121962.45	0.03	0.2	14.664	14.298	13.739	141491.16	147683.63	114127.35	2.24
2014-09-24	14.92	15.26	14.92	14.77	172337.58	0.04	0.27	14.506	14.164	13.629	137825.19	154016.3	110119.24	3.17
2014-09-23	14.35	15.02	14.88	14.32	176552.73	0.56	3.91	14.372	14.0	13.518	144463.81	144643.66	105730.35	3.25
2014-09-22	14.26	14.78	14.32	14.18	143021.78	0.07	0.49	14.126	13.849	13.431	145370.75	133909.96	99875.75	2.63
2014-09-19	14.15	14.31	14.25	14.03	93581.25	0.09	0.64	14.03	13.757	13.373	139663.62	130339.82	95060.51	1.72
2014-09-18	14.11	14.28	14.16	14.03	103632.6	-0.09	-0.63	13.932	13.658	13.315	153876.11	127993.17	94015.25	1.9
2014-09-17	13.66	14.25	14.25	13.43	205530.67	0.6	4.4	13.822	13.566	13.265	170207.41	125700.78	94205.7	3.78
2014-09-16	13.88	14.19	13.65	13.63	181087.45	-0.19	-1.37	13.628	13.463	13.219	144823.51	114346.75	88002.68	3.33
2014-09-15	13.66	13.97	13.84	13.65	114486.13	0.08	0.58	13.572	13.396	13.205	122449.18	100243.65	85109.19	2.1
2014-09-12	13.79	13.94	13.76	13.56	164643.69	0.15	1.1	13.484	13.298	13.179	121016.03	93044.69	87010.51	3.03
2014-09-11	13.28	13.94	13.61	13.28	185289.09	0.33	2.48	13.384	13.179	13.151	102110.22	80571.07	84716.6	3.41
2014-09-10	13.31	13.32	13.28	13.17	78611.2	-0.09	-0.67	13.31	13.094	13.134	81194.16	66222.18	80846.11	1.45
2014-09-09	13.39	13.48	13.37	13.24	69215.78	-0.03	-0.22	13.298	13.035	13.139	83869.99	66817.04	84384.13	1.27
2014-09-05	13.27	13.52	13.4	13.22	107320.38	0.14	1.06	13.22	13.013	13.157	78038.11	65841.54	94501.73	1.97
2014-09-04	13.24	13.28	13.26	13.12	70114.67	0.02	0.15	13.112	12.988	13.177	65073.35	59781.2	97037.6	1.29
2014-09-03	13.22	13.3	13.24	13.11	80708.76	0.02	0.15	12.974	12.971	13.184	59031.91	60037.34	98996.13	1.48
2014-09-02	13.02	13.25	13.22	13.02	91990.34	0.24	1.85	12.878	12.963	13.198	51250.21	62710.61	101144.84	1.69
2014-09-01	12.86	12.99	12.98	12.8	40056.41	0.12	0.93	12.772	12.974	13.197	49764.09	61658.62	101906.45	0.74
2014-08-29	12.58	12.88	12.86	12.58	42496.59	0.29	2.31	12.806	13.013	13.183	53644.96	69974.74	101810.5	0.78
2014-08-28	12.76	12.8	12.57	12.51	39907.47	-0.19	-1.49	12.864	13.06	13.169	54489.05	80976.33	102888.59	0.73
2014-08-27	12.69	12.83	12.76	12.61	41800.23	0.07	0.55	12.968	13.122	13.167	61042.76	88862.14	102808.37	0.77
2014-08-26	13.14	13.17	12.69	12.66	84559.77	-0.46	-3.5	13.048	13.174	13.153	74171.02	95470.04	103289.02	1.55
2014-08-25	13.12	13.25	13.15	13.12	59460.74	0.0	0.0	13.176	13.243	13.139	73553.14	101951.22	101772.44	1.09
2014-08-22	13.06	13.18	13.15	13.01	46717.06	0.06	0.46	13.22	13.301	13.096	86304.53	123161.93	102475.41	0.86
2014-08-21	13.14	13.21	13.09	12.95	72676.01	-0.07	-0.53	13.256	13.366	13.042	107463.6	134293.99	104445.94	1.34
2014-08-20	13.3	13.3	13.16	13.1	107441.51	-0.17	-1.27	13.276	13.397	13.0	116681.51	137954.92	103588.18	1.97
2014-08-19	13.33	13.37	13.33	13.21	81470.36	-0.04	-0.3	13.3	13.433	12.947	116769.07	139579.07	99967.85	1.5
2014-08-18	13.32	13.37	13.37	13.15	123217.7	0.04	0.3	13.31	13.419	12.887	130349.3	142154.29	98126.33	2.26
2014-08-15	13.12	13.57	13.33	12.93	152512.42	0.14	1.06	13.382	13.352	12.815	160019.33	133646.25	93824.46	2.8
2014-08-14	13.22	13.29	13.19	13.1	118765.58	-0.09	-0.68	13.476	13.278	12.743	161124.37	124800.85	88482.35	2.18
2014-08-13	13.38	13.44	13.28	13.1	107879.29	-0.1	-0.75	13.518	13.212	12.682	159228.33	116754.6	84839.4	1.98
2014-08-12	13.57	13.79	13.38	13.28	149371.5	-0.35	-2.55	13.566	13.132	12.629	162389.07	111107.99	81076.66	2.75
2014-08-11	13.75	14.37	13.73	13.42	271567.84	-0.07	-0.51	13.528	13.034	12.585	153959.29	101593.66	75688.79	4.99
2014-08-08	13.47	14.42	13.8	13.3	158037.66	0.4	2.98	13.322	12.891	12.536	107273.18	81788.89	63172.14	2.91
2014-08-07	13.47	13.83	13.4	13.28	109285.35	-0.12	-0.89	13.08	12.717	12.475	88477.33	74597.89	56331.22	2.01
2014-08-06	13.19	13.59	13.52	12.93	123682.99	0.33	2.5	12.906	12.603	12.432	74280.88	69221.43	51758.42	2.27
2014-08-05	12.73	13.44	13.19	12.73	107222.6	0.49	3.86	12.698	12.46	12.39	59826.91	60356.62	46938.12	1.97
2014-08-04	12.65	12.72	12.7	12.52	38137.28	0.11	0.87	12.54	12.355	12.368	49228.04	54098.36	42742.65	0.7
2014-08-01	12.53	12.75	12.59	12.5	64058.41	0.06	0.48	12.46	12.277	12.374	56304.61	54002.67	41868.45	1.18
2014-07-31	12.5	12.57	12.53	12.44	38303.11	0.05	0.4	12.354	12.207	12.393	60718.45	52163.86	39505.84	0.7
2014-07-30	12.41	12.53	12.48	12.31	51413.17	0.08	0.65	12.3	12.151	12.422	64161.98	52924.2	38704.79	0.95
2014-07-29	12.4	12.42	12.4	12.29	54228.22	0.1	0.81	12.222	12.126	12.452	60886.33	51045.32	37218.25	1.0
2014-07-28	12.07	12.31	12.3	12.06	73520.14	0.24	1.99	12.17	12.136	12.486	58968.68	49783.92	36002.34	1.35
2014-07-25	12.24	12.45	12.06	11.91	86127.61	-0.2	-1.63	12.094	12.18	12.515	51700.73	44555.38	33103.94	1.58
2014-07-24	12.11	12.57	12.26	11.91	55520.78	0.17	1.41	12.06	12.233	12.556	43609.26	38064.55	29770.16	1.02
2014-07-23	12.13	12.2	12.09	11.96	35034.91	-0.05	-0.41	12.002	12.261	12.587	41686.41	34295.4	27721.33	0.64
2014-07-22	11.92	12.14	12.14	11.86	44639.96	0.22	1.85	12.03	12.32	12.622	41204.31	33519.62	26956.75	0.82
2014-07-21	11.88	11.96	11.92	11.8	37180.37	0.03	0.25	12.102	12.381	12.649	40599.16	31386.95	25583.03	0.68
2014-07-18	11.97	12.0	11.89	11.74	45670.28	-0.08	-0.67	12.266	12.47	12.693	37410.04	29734.22	24774.03	0.84
2014-07-17	12.3	12.32	11.97	11.91	45906.54	-0.26	-2.13	12.406	12.578	12.746	32519.84	26847.83	22995.18	0.84
2014-07-16	12.45	12.5	12.23	12.2	32624.42	-0.27	-2.16	12.52	12.693	12.797	26904.39	24485.38	21678.07	0.6
2014-07-15	12.71	12.75	12.5	12.38	41614.19	-0.24	-1.88	12.61	12.778	12.842	25834.92	23391.18	21610.1	0.76
2014-07-14	12.59	12.78	12.74	12.59	21234.78	0.15	1.19	12.66	12.836	12.878	22174.73	22220.76	20224.37	0.39
2014-07-11	12.51	12.66	12.59	12.49	21219.29	0.05	0.4	12.674	12.85	12.906	22058.41	21652.49	19778.78	0.39
2014-07-10	12.65	12.66	12.54	12.5	17829.28	-0.14	-1.1	12.75	12.879	12.942	21175.81	21475.77	19591.27	0.33
2014-07-09	12.73	12.73	12.68	12.56	27277.06	-0.07	-0.55	12.866	12.912	12.977	22066.37	21147.26	19387.98	0.5
2014-07-08	12.76	12.81	12.75	12.65	23313.24	-0.06	-0.47	12.946	12.923	13.011	20947.44	20393.88	19173.56	0.43
2014-07-07	12.97	12.97	12.81	12.73	20653.16	-0.16	-1.23	13.012	12.917	13.064	22266.79	19779.12	18515.65	0.38
2014-07-04	13.12	13.15	12.97	12.95	16806.3	-0.15	-1.14	13.026	12.916	13.115	21246.57	19813.83	17993.91	0.31
2014-07-03	13.09	13.18	13.12	12.99	22282.1	0.04	0.31	13.008	12.913	13.157	21775.72	19142.54	17790.51	0.41
2014-07-02	13.02	13.15	13.08	12.97	21682.41	0.0	0.0	12.958	12.901	13.199	20228.15	18870.77	17097.32	0.4
2014-07-01	12.87	13.09	13.08	12.77	29910.0	0.2	1.55	12.9	12.906	13.237	19840.31	19829.02	16578.15	0.55
2014-06-30	12.88	12.94	12.88	12.79	15552.05	0.0	0.0	12.822	12.919	13.276	17291.45	18227.98	15552.37	0.29
2014-06-27	12.88	12.98	12.88	12.8	19452.05	0.01	0.08	12.806	12.961	13.326	18381.08	17905.07	15642.67	0.36
2014-06-26	12.79	12.98	12.87	12.79	14544.23	0.08	0.62	12.818	13.004	13.379	16509.35	17706.77	15757.44	0.27
2014-06-25	12.7	12.87	12.79	12.7	19743.22	0.1	0.79	12.844	13.041	13.444	17513.39	17628.71	16332.77	0.36
2014-06-24	12.81	12.81	12.69	12.66	17165.72	-0.11	-0.86	12.912	13.098	13.51	19817.73	17953.24	16180.97	0.32
2014-06-23	12.95	12.95	12.8	12.73	21000.19	-0.14	-1.08	13.016	13.211	13.593	19164.51	17252.18	17047.32	0.39
2014-06-20	12.92	13.05	12.94	12.84	10093.38	-0.06	-0.46	13.116	13.314	13.683	17429.06	16173.98	18623.28	0.19
2014-06-19	13.07	13.2	13.0	12.77	19564.42	-0.13	-0.99	13.19	13.401	13.745	18904.19	16438.49	19453.11	0.36
2014-06-18	13.21	13.31	13.13	12.76	31264.96	-0.08	-0.61	13.238	13.496	13.815	17744.03	15323.88	19662.62	0.57
2014-06-17	13.32	13.32	13.21	13.13	13899.58	-0.09	-0.68	13.284	13.568	13.885	16088.74	13327.28	20157.62	0.26
2014-06-16	13.31	13.35	13.3	13.24	12322.94	-0.01	-0.07	13.406	13.633	13.923	15339.86	12876.75	20019.5	0.23
2014-06-13	13.2	13.37	13.31	13.19	17469.06	0.07	0.53	13.512	13.691	13.958	14918.91	13380.27	20313.08	0.32
2014-06-12	13.31	13.38	13.24	13.21	13763.59	-0.12	-0.9	13.612	13.753	13.992	13972.79	13808.1	21314.41	0.25
2014-06-11	13.78	13.78	13.36	13.27	22988.55	-0.46	-3.33	13.754	13.847	14.063	12903.73	15036.83	23159.49	0.42
2014-06-10	13.82	13.87	13.82	13.62	10155.16	-0.01	-0.07	13.852	13.922	14.115	10565.81	14408.71	24159.14	0.19
2014-06-09	13.77	13.99	13.83	13.7	10218.19	0.02	0.14	13.86	13.974	14.142	10413.65	16842.45	28563.24	0.19
2014-06-06	13.97	13.97	13.81	13.58	12738.47	-0.14	-1.0	13.87	14.051	14.104	11841.62	21072.59	28600.37	0.23
2014-06-05	13.73	13.97	13.95	13.73	8418.3	0.1	0.72	13.894	14.088	14.056	13643.41	22467.73	29005.94	0.15
2014-06-04	13.85	13.9	13.85	13.62	11298.94	-0.01	-0.07	13.94	14.134	14.023	17169.93	24001.36	29332.5	0.21
2014-06-03	13.82	13.94	13.86	13.8	9394.34	-0.02	-0.14	13.992	14.201	13.992	18251.61	26987.96	29554.08	0.17
2014-05-30	13.95	14.05	13.88	13.7	17358.06	-0.05	-0.36	14.088	14.212	13.967	23271.25	27162.24	30046.28	0.32
2014-05-29	14.13	14.13	13.93	13.76	21747.42	-0.25	-1.76	14.232	14.224	13.943	30303.55	27245.89	29864.47	0.4
2014-05-28	14.11	14.21	14.18	13.99	26050.87	0.07	0.5	14.282	14.231	13.928	31292.06	28820.72	29668.86	0.48
2014-05-27	14.34	14.34	14.11	14.1	16707.35	-0.23	-1.6	14.328	14.279	13.87	30832.8	31282.14	29226.62	0.31
2014-05-26	14.65	14.86	14.34	14.26	34492.54	-0.26	-1.78	14.41	14.307	13.823	35724.31	33909.58	29271.79	0.63
2014-05-23	14.16	15.02	14.6	13.99	52519.58	0.42	2.96	14.336	14.31	13.768	31053.24	40284.02	29362.54	0.97
2014-05-22	14.43	14.5	14.18	13.98	26689.94	-0.23	-1.6	14.216	14.157	13.738	24188.23	36128.14	28739.23	0.49
2014-05-21	14.52	14.58	14.41	14.18	23754.59	-0.11	-0.76	14.18	14.023	13.766	26349.37	35544.15	29232.71	0.44
2014-05-20	13.95	15.0	14.52	13.9	41164.91	0.55	3.94	14.23	13.911	13.774	31731.49	34663.63	30415.92	0.76
2014-05-19	13.98	13.99	13.97	13.58	11137.17	-0.03	-0.21	14.204	13.782	13.774	32094.84	32120.2	30148.32	0.2
2014-05-16	14.0	14.15	14.0	13.55	18194.54	0.0	0.0	14.284	13.722	13.804	49514.81	32930.31	30865.74	0.33
2014-05-15	14.16	14.36	14.0	13.54	37495.66	-0.16	-1.13	14.098	13.662	13.812	48068.06	32483.05	31070.25	0.69
2014-05-14	14.38	14.79	14.66	14.31	50665.15	0.27	1.88	13.866	13.625	13.807	44738.92	30517.01	31039.7	0.93
2014-05-13	14.35	14.47	14.39	13.98	42981.68	0.02	0.14	13.592	13.46	13.791	37595.77	27171.11	29852.57	0.79
2014-05-12	13.8	14.37	14.37	13.38	98237.02	1.3	9.95	13.36	13.339	13.766	32145.56	24634.01	29764.69	1.81
2014-03-21	12.7	13.13	13.07	12.65	10960.78	0.23	1.79	13.16	13.225	13.759	16345.81	18441.06	26541.88	0.25
2014-03-20	13.3	13.32	12.84	12.8	20849.99	-0.45	-3.39	13.226	13.319	13.798	16898.04	21350.31	27628.93	0.47
2014-03-19	13.16	13.3	13.29	13.09	14949.4	0.06	0.45	13.384	13.509	13.86	16295.1	22921.27	28163.21	0.34
2014-03-18	13.37	13.45	13.23	13.18	15730.59	-0.14	-1.05	13.328	13.636	13.922	16746.44	26168.21	28757.63	0.36
2014-03-17	13.49	13.6	13.37	13.08	19238.31	-0.03	-0.22	13.318	13.765	13.991	17122.46	28176.44	29958.34	0.44
2014-03-14	13.5	13.73	13.4	13.28	13721.91	-0.23	-1.69	13.29	13.885	14.062	20536.31	28801.17	30955.88	0.31
2014-03-13	13.05	13.65	13.63	13.05	17835.31	0.62	4.77	13.412	13.961	14.128	25802.59	29657.46	31627.33	0.4
2014-03-12	13.15	13.34	13.01	12.71	17206.06	-0.17	-1.29	13.634	13.989	14.181	29547.43	31562.39	33228.22	0.39
2014-03-11	13.01	13.34	13.18	13.01	17610.69	-0.05	-0.38	13.944	14.121	14.289	35589.98	32534.03	34840.31	0.4
2014-03-10	13.86	13.93	13.23	13.12	36307.56	-0.78	-5.57	14.212	14.193	14.364	39230.43	34895.37	35948.56	0.82
2014-03-07	14.74	14.83	14.01	13.97	40053.32	-0.73	-4.95	14.48	14.293	14.436	37066.03	34642.7	36250.86	0.91
2014-03-06	14.6	14.85	14.74	14.45	36559.5	0.18	1.24	14.51	14.276	14.435	33512.32	33907.54	35461.56	0.83
2014-03-05	14.63	14.88	14.56	14.48	47418.81	0.04	0.28	14.344	14.21	14.396	33577.35	33405.16	34635.51	1.08
2014-03-04	14.57	14.78	14.52	14.2	35812.96	-0.05	-0.34	14.298	14.208	14.373	29478.08	31347.05	33268.11	0.81
2014-03-03	14.2	14.8	14.57	14.11	25485.54	0.41	2.9	14.174	14.216	14.348	30560.31	31740.24	33296.79	0.58
2014-02-28	13.83	14.2	14.16	13.55	22284.81	0.25	1.8	14.106	14.238	14.344	32219.38	33110.6	34134.83	0.51
2014-02-27	14.36	14.66	13.91	13.91	36884.64	-0.42	-2.93	14.042	14.294	14.361	34302.76	33597.2	37492.69	0.84
2014-02-26	13.9	14.37	14.33	13.5	26922.47	0.43	3.09	14.076	14.372	14.368	33232.98	34894.06	37815.47	0.61
2014-02-25	14.2	14.43	13.9	13.78	41224.07	-0.33	-2.32	14.118	14.457	14.34	33216.01	37146.59	38788.87	0.93
2014-02-24	13.8	14.25	14.23	13.72	33780.92	0.39	2.82	14.258	14.535	14.328	32920.18	37001.75	38573.86	0.77
2014-02-21	14.07	14.15	13.84	13.7	32701.7	-0.24	-1.71	14.37	14.579	14.279	34001.82	37859.01	38054.38	0.74
2014-02-20	14.54	14.6	14.08	14.02	31535.72	-0.46	-3.16	14.546	14.593	14.224	32891.64	37015.58	37264.12	0.72
2014-02-19	14.5	14.66	14.54	14.29	26837.65	-0.06	-0.41	14.668	14.582	14.167	36555.14	35865.86	36658.61	0.61
2014-02-18	14.81	14.88	14.6	14.45	39744.91	-0.19	-1.28	14.796	14.538	14.098	41077.17	35189.17	36824.07	0.9
2014-02-17	14.73	14.94	14.79	14.65	39189.11	0.07	0.48	14.812	14.479	14.023	41083.31	34853.34	36054.64	0.89
2014-02-14	14.69	14.99	14.72	14.58	27150.83	0.03	0.2	14.788	14.45	13.915	41716.2	35159.07	35250.86	0.62
2014-02-13	15.18	15.5	14.69	14.69	49853.19	-0.49	-3.23	14.64	14.428	13.792	41139.52	41388.17	35345.98	1.13
2014-02-12	14.7	15.33	15.18	14.51	49447.79	0.5	3.41	14.496	14.363	13.7	35176.58	40736.89	33857.79	1.12
2014-02-11	14.7	14.93	14.68	14.38	39775.65	0.01	0.07	14.28	14.223	13.587	29301.17	40431.16	32701.75	0.9
2014-02-10	14.03	14.74	14.67	14.0	42353.56	0.69	4.94	14.146	14.12	13.508	28623.37	40145.98	32055.58	0.96
2014-02-07	13.81	14.18	13.98	13.61	24267.41	0.01	0.07	14.112	13.979	13.448	28601.93	38249.74	31298.35	0.55
2014-01-30	14.0	14.38	13.97	13.77	20038.51	-0.13	-0.92	14.216	13.854	13.419	41636.83	37512.65	31686.18	0.45
2014-01-29	14.0	14.35	14.1	13.9	20070.71	0.09	0.64	14.23	13.751	13.413	46297.19	37451.36	31970.43	0.46
2014-01-28	14.45	14.5	14.01	14.01	36386.66	-0.49	-3.38	14.166	13.657	13.397	51561.14	38458.97	32756.88	0.83
2014-01-27	14.4	14.55	14.5	14.14	42246.38	0.0	0.0	14.094	13.566	13.397	51668.59	37255.95	33347.99	0.96
2014-01-24	13.9	14.56	14.5	13.9	89441.88	0.46	3.28	13.846	13.38	13.343	47897.55	35342.65	32956.74	2.03
2014-01-23	13.68	14.12	14.04	13.61	43340.33	0.26	1.89	13.492	13.155	13.282	33388.47	29303.79	30302.68	0.98
2014-01-22	13.57	14.01	13.78	13.35	46390.47	0.13	0.95	13.272	13.036	13.253	28605.54	26978.7	29889.61	1.05
2014-01-21	13.26	13.87	13.65	13.17	36923.9	0.39	2.94	13.148	12.951	13.221	25356.79	24972.34	28740.93	0.84
2014-01-20	12.68	13.33	13.26	12.52	23391.19	0.53	4.16	13.038	12.896	13.184	22843.3	23965.18	28082.14	0.53
2014-01-17	12.96	13.04	12.73	12.67	16896.48	-0.21	-1.62	12.914	12.916	13.149	22787.74	24346.95	27863.92	0.38
2014-01-16	13.12	13.35	12.94	12.9	19425.64	-0.22	-1.67	12.818	12.984	13.154	25219.11	25859.72	27743.77	0.44
2014-01-15	13.01	13.42	13.16	13.01	30146.75	0.06	0.46	12.8	13.075	13.155	25351.86	26489.49	27410.51	0.68
2014-01-14	12.53	13.11	13.1	12.53	24356.44	0.46	3.64	12.754	13.137	13.145	24587.88	27054.78	27139.35	0.55
2014-01-13	12.3	12.69	12.64	12.21	23113.37	0.39	3.18	12.754	13.227	13.153	25087.06	29440.03	27479.53	0.52
2014-01-10	12.83	12.84	12.25	12.24	29053.33	-0.6	-4.67	12.918	13.305	13.18	25906.16	30570.84	27624.6	0.66
2014-01-09	12.85	13.05	12.85	12.84	20089.41	-0.08	-0.62	13.15	13.408	13.229	26500.33	31301.57	28160.47	0.46
2014-01-08	13.08	13.37	12.93	12.87	26326.85	-0.17	-1.3	13.35	13.469	13.258	27627.12	32800.52	30463.44	0.6
2014-01-07	13.3	13.45	13.1	13.04	26852.34	-0.36	-2.67	13.52	13.491	13.28	29521.69	32509.52	32351.28	0.61
2014-01-06	13.45	13.57	13.46	13.29	27208.87	0.05	0.37	13.7	13.471	13.268	33793.0	32199.09	32801.96	0.62
2014-01-03	13.75	13.84	13.41	13.32	32024.17	-0.44	-3.18	13.692	13.382	13.227	35235.51	31380.89	33030.85	0.73
2014-01-02	13.73	13.93	13.85	13.6	25723.38	0.07	0.51	13.666	13.323	13.184	36102.81	29627.82	32753.58	0.58
2013-12-31	13.98	14.19	13.78	13.65	35799.67	-0.22	-1.57	13.588	13.234	13.119	37973.93	28331.54	33371.64	0.81
2013-12-30	13.45	14.0	14.0	13.4	48208.93	0.58	4.32	13.462	13.152	13.046	35497.35	27223.92	33361.07	1.09
2013-12-27	13.17	13.49	13.42	13.15	34421.4	0.14	1.05	13.242	13.079	12.946	30605.19	25519.02	33072.36	0.78
2013-12-26	13.49	13.6	13.28	13.13	36360.66	-0.18	-1.34	13.072	13.055	12.901	27526.27	24678.37	32687.85	0.82
2013-12-25	13.15	13.46	13.46	13.04	35078.97	0.31	2.36	12.98	13.05	12.868	23152.84	25019.37	32359.67	0.8
2013-12-24	12.89	13.21	13.15	12.85	23416.78	0.25	1.94	12.88	13.047	12.825	18689.15	28126.36	32048.91	0.53
2013-12-23	12.63	12.98	12.9	12.26	23748.12	0.33	2.62	12.842	13.068	12.795	18950.49	32193.04	32071.97	0.54
2013-12-20	12.82	12.95	12.57	12.49	19026.8	-0.25	-1.95	12.916	13.064	12.767	20432.85	33404.82	32447.49	0.43
2013-12-19	12.96	13.11	12.82	12.82	14493.52	-0.14	-1.08	13.038	13.072	12.767	21830.47	34680.81	33396.48	0.33
2013-12-18	12.9	13.08	12.96	12.85	12760.54	0.0	0.0	13.12	13.045	12.772	26885.9	35879.34	34962.46	0.29
2013-12-17	13.26	13.34	12.96	12.8	24723.46	-0.31	-2.34	13.214	13.004	12.753	37563.57	38411.74	35945.09	0.56
2013-12-16	13.19	13.39	13.27	13.08	31159.95	0.09	0.68	13.294	12.939	12.736	45435.59	39498.21	36139.12	0.71
2013-12-13	13.2	13.31	13.18	13.02	26014.87	-0.05	-0.38	13.212	12.812	12.7	46376.8	40625.71	37064.66	0.59
2013-12-12	13.36	13.52	13.23	13.21	39770.66	-0.2	-1.49	13.106	12.746	12.646	47531.15	40697.33	37570.4	0.9
2013-12-11	13.36	13.54	13.43	13.15	66148.89	0.07	0.52	12.97	12.686	12.576	44872.78	39699.97	37046.17	1.5
2013-12-10	12.9	13.38	13.36	12.74	64083.58	0.5	3.89	12.794	12.603	12.49	39259.92	35971.46	36107.38	1.45
2013-12-09	12.74	12.93	12.86	12.61	35865.98	0.21	1.66	12.584	12.521	12.441	33560.84	31950.9	34312.7	0.81
2013-12-06	12.55	12.82	12.65	12.5	31786.65	0.1	0.8	12.412	12.469	12.411	34874.62	31490.15	34707.78	0.72
2013-12-05	12.56	12.64	12.55	12.46	26478.78	0.0	0.0	12.386	12.461	12.389	33863.5	32112.15	35008.68	0.6
2013-12-04	12.31	12.65	12.55	12.27	38084.62	0.24	1.95	12.402	12.499	12.4	34527.15	34045.57	35285.33	0.86
2013-12-03	12.01	12.54	12.31	12.01	35588.16	0.31	2.58	12.412	12.501	12.433	32683.01	33478.44	35354.15	0.81
2013-12-02	12.1	12.48	12.0	11.73	42434.9	-0.52	-4.15	12.458	12.533	12.497	30340.96	32780.03	35847.33	0.96
2013-11-29	12.62	12.63	12.52	12.46	26731.03	-0.11	-0.87	12.526	12.587	12.56	28105.67	33503.6	35465.04	0.61
2013-11-28	12.56	12.76	12.63	12.56	29797.06	0.03	0.24	12.536	12.546	12.591	30360.81	34443.48	35517.0	0.68
2013-11-27	12.56	12.7	12.6	12.44	28863.89	0.06	0.48	12.596	12.466	12.614	33564.0	34392.37	36100.68	0.65
2013-11-26	12.26	12.58	12.54	12.26	23877.9	0.2	1.62	12.59	12.376	12.659	34273.88	36243.3	37346.27	0.54
2013-11-25	12.49	12.63	12.34	12.34	31258.47	-0.23	-1.83	12.608	12.361	12.685	35219.1	36674.51	40746.26	0.71
2013-11-22	12.85	13.09	12.57	12.5	38006.72	-0.36	-2.78	12.648	12.353	12.743	38901.54	37925.41	42521.15	0.86
2013-11-21	12.5	12.98	12.93	12.42	45813.0	0.36	2.86	12.556	12.316	12.828	38526.15	37905.2	42866.52	1.04
2013-11-20	12.69	12.69	12.57	12.36	32413.3	-0.06	-0.47	12.336	12.3	12.909	35220.75	36525.09	42933.23	0.74
2013-11-19	12.54	12.72	12.63	12.46	28604.01	0.09	0.72	12.162	12.365	13.004	38212.72	37229.86	46842.72	0.65
2013-11-18	12.18	12.54	12.54	12.11	49670.65	0.43	3.55	12.114	12.461	13.165	38129.91	38914.64	53928.53	1.13
2013-11-15	11.84	12.33	12.11	11.81	36129.78	0.28	2.37	12.058	12.532	13.353	36949.29	37426.47	59733.91	0.82
2013-11-14	11.68	11.96	11.83	11.51	29285.99	0.13	1.11	12.076	12.635	13.489	37284.25	36590.53	66469.32	0.66
2013-11-13	12.3	12.3	11.7	11.67	47373.17	-0.69	-5.57	12.264	12.762	13.637	37829.43	37808.99	69269.99	1.07
2013-11-12	12.22	12.53	12.39	12.08	28189.98	0.13	1.06	12.568	12.942	13.786	36246.99	38449.25	71305.47	0.64
2013-11-11	12.22	12.39	12.26	12.03	43767.52	0.06	0.49	12.808	13.008	13.927	39699.36	44818.02	76974.84	0.99
2013-11-08	12.58	12.73	12.2	12.04	37804.57	-0.57	-4.46	13.006	13.132	14.087	37903.65	47116.9	84510.59	0.86
2013-11-07	13.13	13.2	12.77	12.76	32011.91	-0.45	-3.4	13.194	13.34	14.198	35896.81	47827.85	91749.17	0.73
2013-11-06	13.42	13.66	13.22	13.08	39460.99	-0.37	-2.72	13.26	13.518	14.252	37788.56	49341.38	94899.9	0.89
2013-11-05	13.25	13.79	13.59	12.9	45451.82	0.34	2.57	13.316	13.643	14.29	40651.5	56455.58	99700.67	1.03
2013-11-04	13.17	13.52	13.25	13.0	34788.98	0.11	0.84	13.208	13.868	14.295	49936.67	68942.43	104236.23	0.79
2013-11-01	13.0	13.29	13.14	12.89	27770.36	0.04	0.3	13.258	14.174	14.312	56330.14	82041.35	113570.28	0.63
2013-10-31	13.45	13.45	13.1	12.89	41470.65	-0.4	-2.96	13.486	14.343	14.39	59758.89	96348.11	126575.29	0.94
2013-10-30	12.99	13.53	13.5	12.81	53775.69	0.45	3.45	13.776	14.511	14.451	60894.2	100730.98	135140.03	1.22
2013-10-29	13.61	13.76	13.05	12.57	91877.66	-0.45	-3.33	13.97	14.629	14.427	72259.66	104161.7	143926.22	2.08
2013-10-28	14.2	14.3	13.5	13.4	66756.34	-0.78	-5.46	14.528	14.846	14.367	87948.19	109131.66	143882.71	1.51
2013-10-25	14.46	14.74	14.28	14.1	44914.1	-0.27	-1.86	15.09	15.042	14.27	107752.56	121904.28	144470.88	1.02
2013-10-24	14.48	14.67	14.55	14.18	47147.19	0.08	0.55	15.2	15.055	14.106	132937.33	135670.48	145052.4	1.07
2013-10-23	15.6	15.8	14.47	14.3	110603.03	-1.37	-8.65	15.246	14.986	13.942	140567.75	140458.42	144524.11	2.51
2013-10-22	16.4	16.78	15.84	15.58	170320.31	-0.47	-2.88	15.288	14.937	13.787	136063.73	142945.76	142035.43	3.86
2013-10-21	14.7	16.31	16.31	14.5	165778.16	1.48	9.98	15.164	14.722	13.561	130315.13	139530.02	135636.87	3.76
2013-10-18	15.8	16.09	14.83	14.79	170837.98	0.05	0.34	14.994	14.45	13.306	136056.0	145099.22	129260.6	3.87
2013-10-16	14.6	15.5	14.78	14.29	85299.29	0.1	0.68	14.91	14.437	13.13	138403.63	156802.47	124701.52	1.93
2013-10-15	15.25	15.25	14.68	14.6	88082.91	-0.54	-3.55	14.726	14.391	12.937	140349.09	169549.09	121974.61	2.0
2013-10-14	15.41	15.8	15.22	14.82	141577.3	-0.24	-1.55	14.586	14.225	12.739	149827.79	183690.75	118827.56	3.21
2013-10-11	14.47	15.62	15.46	14.1	194482.5	1.05	7.29	14.28	13.887	12.522	148744.91	178633.77	112366.37	4.41
2013-10-10	13.8	14.76	14.41	13.71	182576.16	0.55	3.97	13.906	13.498	12.296	154142.44	167037.47	103540.56	4.14
2013-10-09	13.9	13.91	13.86	13.56	95026.58	-0.12	-0.86	13.964	13.156	12.125	175201.31	154434.32	95415.24	2.15
2013-10-08	13.49	14.2	13.98	13.49	135476.41	0.29	2.12	14.056	12.898	11.975	198749.09	148589.79	91285.26	3.07
2013-09-30	13.59	13.89	13.69	13.38	136162.91	0.1	0.74	13.864	12.637	11.814	217553.72	141125.1	85560.04	3.09
2013-09-27	14.46	14.7	13.59	13.23	221470.12	-1.11	-7.55	13.494	12.4	11.672	208522.62	131743.73	79678.15	5.02
2013-09-26	15.6	15.75	14.7	14.61	287870.53	0.38	2.65	13.09	12.161	11.533	179932.51	113421.99	70252.86	6.53
2013-09-25	13.44	14.32	14.32	13.18	212765.47	1.3	9.98	12.348	11.822	11.346	133667.34	92600.58	58431.35	4.83
2013-09-24	11.94	13.02	13.02	11.8	229499.55	1.18	9.97	11.74	11.483	11.163	98430.5	74400.13	49356.83	5.2
2013-09-23	11.57	11.87	11.84	11.38	91007.44	0.27	2.33	11.41	11.253	11.037	64696.47	53964.37	39557.12	2.06
2013-09-18	11.01	11.6	11.57	10.95	78519.57	0.58	5.28	11.306	11.156	10.984	54964.83	46098.97	35740.6	1.78
2013-09-17	11.28	11.29	10.99	10.95	56544.65	-0.29	-2.57	11.232	11.094	10.95	46911.48	40043.64	32515.28	1.28
2013-09-16	11.38	11.45	11.28	11.15	36581.27	-0.09	-0.79	11.296	11.094	10.953	51533.81	36396.15	30475.43	0.83
2013-09-13	11.29	11.58	11.37	11.22	60829.44	0.05	0.44	11.226	11.051	10.935	50369.77	33980.73	29148.17	1.38
2013-09-12	11.24	11.39	11.32	11.15	42349.24	0.12	1.07	11.096	10.991	10.905	43232.26	29994.99	27250.58	0.96
2013-09-11	11.29	11.29	11.2	11.12	38252.78	-0.11	-0.97	11.006	10.944	10.889	37233.11	27612.57	26137.78	0.87
2013-09-10	11.02	11.31	11.31	11.02	79656.34	0.38	3.48	10.956	10.904	10.894	33175.8	27083.72	25731.08	1.81
2013-09-09	10.73	10.93	10.93	10.73	30761.06	0.21	1.96	10.892	10.87	10.904	21258.48	24262.12	22895.23	0.7
2013-09-06	10.85	10.91	10.72	10.69	25141.89	-0.15	-1.38	10.876	10.842	10.922	17591.69	24313.52	22790.09	0.57
2013-09-05	10.86	11.0	10.87	10.86	12353.49	-0.08	-0.73	10.886	10.821	10.935	16757.71	25149.87	22272.01	0.28
2013-09-04	10.99	10.99	10.95	10.83	17966.24	-0.04	-0.36	10.882	10.811	10.932	17992.03	25382.23	22107.57	0.41
2013-09-03	10.85	11.06	10.99	10.85	20069.72	0.14	1.29	10.852	10.806	10.931	20991.64	24986.93	21952.79	0.46
2013-09-02	10.75	10.87	10.85	10.7	12427.12	0.08	0.74	10.848	10.812	10.929	27265.77	24554.71	21825.92	0.28
2013-08-30	10.86	10.9	10.77	10.72	20971.98	-0.08	-0.74	10.808	10.819	10.928	31035.34	24315.61	21653.44	0.48
2013-08-29	10.81	10.95	10.85	10.76	18525.09	0.05	0.46	10.756	10.819	10.922	33542.04	24506.18	21221.91	0.42
2013-08-28	10.99	11.0	10.8	10.79	32964.27	-0.17	-1.55	10.74	10.834	10.919	32772.43	24662.98	21084.31	0.75
2013-08-27	10.65	10.99	10.97	10.62	51440.37	0.32	3.0	10.76	10.884	10.901	28982.22	24378.44	19883.21	1.17
2013-08-26	10.66	10.67	10.65	10.53	31275.0	0.14	1.33	10.776	10.937	10.87	21843.65	21528.34	17736.62	0.71
2013-08-23	10.78	10.87	10.51	10.43	33505.46	-0.26	-2.41	10.83	11.002	10.86	17595.89	21266.66	17022.64	0.76
2013-08-22	10.85	10.91	10.77	10.73	14677.03	-0.13	-1.19	10.882	11.049	10.862	15470.31	19394.15	15893.67	0.33
2013-08-21	10.98	11.04	10.9	10.84	14013.22	-0.15	-1.36	10.928	11.053	10.857	16553.54	18832.92	15720.66	0.32
2013-08-20	10.92	11.07	11.05	10.82	15747.52	0.13	1.19	11.008	11.055	10.857	19774.66	18918.65	15756.3	0.36
2013-08-19	10.72	10.93	10.92	10.61	10036.2	0.15	1.39	11.098	11.046	10.847	21213.03	19097.13	15756.76	0.23
2013-08-16	11.0	11.11	10.77	10.77	22877.6	-0.23	-2.09	11.174	11.036	10.843	24937.43	18991.27	16074.57	0.52
2013-08-15	11.32	11.32	11.0	10.96	20093.17	-0.3	-2.65	11.216	11.024	10.847	23317.99	17937.65	15674.39	0.46
2013-08-14	11.51	11.65	11.3	11.15	30118.8	-0.2	-1.74	11.178	11.003	10.838	21112.3	17505.64	15398.22	0.68
2013-08-13	11.3	11.6	11.5	11.21	22939.4	0.2	1.77	11.102	10.918	10.807	18062.65	15387.98	14416.85	0.52
2013-08-12	10.99	11.4	11.3	10.96	28658.18	0.32	2.91	10.994	10.802	10.757	16981.23	13944.9	13808.1	0.65
2013-08-09	10.89	11.05	10.98	10.84	14780.42	0.17	1.57	10.898	10.717	10.715	13045.11	12778.61	12665.78	0.34
2013-08-08	10.89	10.95	10.81	10.78	9064.69	-0.11	-1.01	10.832	10.675	10.693	12557.31	12393.19	12489.56	0.21
2013-08-07	10.89	11.1	10.92	10.84	14870.56	-0.04	-0.36	10.828	10.661	10.683	13898.98	12608.4	12800.91	0.34
2013-08-06	10.82	10.96	10.96	10.7	17532.32	0.14	1.29	10.734	10.659	10.659	12713.31	12593.95	12593.95	0.4
2013-08-05	10.66	10.83	10.82	10.65	8977.57	0.17	1.6	10.61	10.626	10.626	10908.56	12045.24	12045.24	0.2
2013-08-02	10.75	10.81	10.65	10.65	12341.42	-0.14	-1.3	10.536	10.601	10.601	12512.11	12428.7	12428.7	0.28
2013-08-01	10.55	10.82	10.79	10.43	15773.02	0.34	3.25	10.518	10.594	10.594	12229.07	12441.17	12441.17	0.36
2013-07-31	10.35	10.62	10.45	10.35	8942.2	0.11	1.06	10.494	10.562	10.562	11317.81	11885.86	11885.86	0.2
2013-07-30	10.38	10.44	10.34	10.18	8508.58	-0.11	-1.05	10.584	10.584	10.584	12474.59	12474.59	12474.59	0.19
2013-07-29	10.54	10.65	10.45	10.1	16995.34	-0.11	-1.04	10.645	10.645	10.645	13466.09	13466.09	13466.09	0.39
2013-07-26	10.67	10.67	10.56	10.5	10926.21	-0.11	-1.03	10.71	10.71	10.71	12289.68	12289.68	12289.68	0.25
2013-07-25	10.89	10.9	10.67	10.64	11216.73	-0.23	-2.11	10.785	10.785	10.785	12971.41	12971.41	12971.41	0.25
2013-07-24	10.84	10.97	10.9	10.7	14726.09	0.07	0.65	10.9	10.9	10.9	14726.09	14726.09	14726.09	0.33
