             open   high  close    low     volume  price_change  p_change  \
date                                                                        
2016-07-22  13.62  14.10  13.73  13.51  112662.57          0.20      1.48   
2016-07-21  13.60  13.66  13.53  13.43   60296.34         -0.03     -0.22   
2016-07-20  13.53  13.67  13.56  13.37   67091.42         -0.03     -0.22   
2016-07-19  13.05  13.60  13.59  13.00   98997.66          0.51      3.90   
2016-07-18  13.21  13.22  13.08  13.00   67343.46         -0.17     -1.28   
2016-07-15  13.51  13.51  13.25  13.20   63454.37         -0.26     -1.93   
2016-07-14  13.59  13.59  13.51  13.41   52351.24         -0.07     -0.52   
2016-07-13  13.46  13.68  13.58  13.42   91097.90          0.16      1.19   
2016-07-12  13.49  13.49  13.42  13.00   94271.16          0.00      0.00   
2016-07-11  13.85  13.92  13.57  13.50  104037.97         -0.19     -1.38   
2016-07-08  13.39  13.94  13.76  13.31  153597.94          0.38      2.84   
2016-07-07  13.26  13.52  13.38  13.12  136985.70          0.12      0.91   
2016-07-06  13.21  13.35  13.26  13.10   88652.75          0.07      0.53   
2016-07-05  13.00  13.36  13.19  12.96  147327.89          0.23      1.77   
2016-07-04  12.78  13.08  12.96  12.78  124672.75          0.11      0.86   
2016-07-01  13.00  13.17  12.85  12.75   71415.27         -0.12     -0.93   
2016-06-30  12.82  13.08  12.97  12.81   67760.44          0.10      0.78   
2016-06-29  13.13  13.25  12.87  12.85  105735.04         -0.31     -2.35   
2016-06-28  13.20  13.53  13.18  12.92  139433.77         -0.05     -0.38   
2016-06-27  12.98  13.39  13.23  12.79  163060.12          0.06      0.46   
2016-06-24  12.47  13.51  13.17  12.20  301979.59          0.72      5.78   
2016-06-23  12.14  12.45  12.45  12.01   84019.15          0.30      2.47   
2016-06-22  11.87  12.15  12.15  11.85   53588.98          0.24      2.02   
2016-06-21  12.16  12.26  11.91  11.85   67648.78         -0.15     -1.24   
2016-06-20  11.94  12.08  12.06  11.83   53819.69          0.14      1.17   
2016-06-17  11.85  12.03  11.92  11.81   54310.43          0.12      1.02   
2016-06-16  11.89  12.07  11.80  11.76   57280.22         -0.18     -1.50   
2016-06-15  11.43  12.04  11.98  11.40   84288.06          0.35      3.01   
2016-06-14  11.52  11.70  11.63  11.52   45768.49         -0.02     -0.17   
2016-06-13  11.96  12.07  11.65  11.65   84031.72         -0.56     -4.59   
...           ...    ...    ...    ...        ...           ...       ...   
2013-09-03  10.85  11.06  10.99  10.85   20069.72          0.14      1.29   
2013-09-02  10.75  10.87  10.85  10.70   12427.12          0.08      0.74   
2013-08-30  10.86  10.90  10.77  10.72   20971.98         -0.08     -0.74   
2013-08-29  10.81  10.95  10.85  10.76   18525.09          0.05      0.46   
2013-08-28  10.99  11.00  10.80  10.79   32964.27         -0.17     -1.55   
2013-08-27  10.65  10.99  10.97  10.62   51440.37          0.32      3.00   
2013-08-26  10.66  10.67  10.65  10.53   31275.00          0.14      1.33   
2013-08-23  10.78  10.87  10.51  10.43   33505.46         -0.26     -2.41   
2013-08-22  10.85  10.91  10.77  10.73   14677.03         -0.13     -1.19   
2013-08-21  10.98  11.04  10.90  10.84   14013.22         -0.15     -1.36   
2013-08-20  10.92  11.07  11.05  10.82   15747.52          0.13      1.19   
2013-08-19  10.72  10.93  10.92  10.61   10036.20          0.15      1.39   
2013-08-16  11.00  11.11  10.77  10.77   22877.60         -0.23     -2.09   
2013-08-15  11.32  11.32  11.00  10.96   20093.17         -0.30     -2.65   
2013-08-14  11.51  11.65  11.30  11.15   30118.80         -0.20     -1.74   
2013-08-13  11.30  11.60  11.50  11.21   22939.40          0.20      1.77   
2013-08-12  10.99  11.40  11.30  10.96   28658.18          0.32      2.91   
2013-08-09  10.89  11.05  10.98  10.84   14780.42          0.17      1.57   
2013-08-08  10.89  10.95  10.81  10.78    9064.69         -0.11     -1.01   
2013-08-07  10.89  11.10  10.92  10.84   14870.56         -0.04     -0.36   
2013-08-06  10.82  10.96  10.96  10.70   17532.32          0.14      1.29   
2013-08-05  10.66  10.83  10.82  10.65    8977.57          0.17      1.60   
2013-08-02  10.75  10.81  10.65  10.65   12341.42         -0.14     -1.30   
2013-08-01  10.55  10.82  10.79  10.43   15773.02          0.34      3.25   
2013-07-31  10.35  10.62  10.45  10.35    8942.20          0.11      1.06   
2013-07-30  10.38  10.44  10.34  10.18    8508.58         -0.11     -1.05   
2013-07-29  10.54  10.65  10.45  10.10   16995.34         -0.11     -1.04   
2013-07-26  10.67  10.67  10.56  10.50   10926.21         -0.11     -1.03   
2013-07-25  10.89  10.90  10.67  10.64   11216.73         -0.23     -2.11   
2013-07-24  10.84  10.97  10.90  10.70   14726.09          0.07      0.65   

               ma5    ma10    ma20      v_ma5     v_ma10     v_ma20  turnover  
date                                                                           
2016-07-22  13.498  13.482  13.324   81278.29   81160.41  100512.29      1.71  
2016-07-21  13.402  13.485  13.296   71436.65   85253.95  109978.14      0.92  
2016-07-20  13.398  13.470  13.242   69847.63   92922.88  111164.28      1.02  
2016-07-19  13.402  13.440  13.171   74648.93   95079.01  110489.16      1.51  
2016-07-18  13.368  13.400  13.087   73703.63   99912.04  108921.71      1.02  
2016-07-15  13.466  13.388  13.036   81042.53  105644.97  108245.53      0.97  
2016-07-14  13.568  13.348  12.970   99071.24  106441.06  107788.33      0.80  
2016-07-13  13.542  13.294  12.884  115998.13  107981.98  108034.78      1.39  
2016-07-12  13.478  13.223  12.804  115509.10  109445.69  107694.29      1.43  
2016-07-11  13.432  13.199  12.715  126120.45  113961.95  105269.15      1.58  
2016-07-08  13.310  13.165  12.619  130247.41  119864.17  104268.84      2.34  
2016-07-07  13.128  13.106  12.541  113810.87  134702.33  100449.44      2.08  
2016-07-06  13.046  13.013  12.490   99965.82  129405.68   99865.69      1.35  
2016-07-05  12.968  12.902  12.425  103382.28  125899.30   98019.36      2.24  
2016-07-04  12.966  12.774  12.363  101803.45  117931.39   95768.96      1.90  
2016-07-01  13.020  12.684  12.318  109480.93  110846.08   92587.18      1.09  
2016-06-30  13.084  12.591  12.279  155593.79  109135.60   92680.68      1.03  
2016-06-29  12.980  12.474  12.230  158845.53  108087.58   95176.68      1.61  
2016-06-28  12.836  12.385  12.153  148416.32  105942.88   91295.09      2.12  
2016-06-27  12.582  12.230  12.063  134059.32   96576.35   86003.39      2.48  
2016-06-24  12.348  12.072  11.968  112211.24   88673.51   79773.75      4.59  
2016-06-23  12.098  11.976  11.877   62677.41   66196.55   66625.09      1.28  
2016-06-22  11.968  11.966  11.820   57329.62   70325.71   64051.78      0.82  
2016-06-21  11.934  11.948  11.789   63469.44   70139.43   63573.60      1.03  
2016-06-20  11.878  11.951  11.767   59093.38   73606.53   62019.94      0.82  
2016-06-17  11.796  11.952  11.731   65135.78   74328.28   61467.62      0.83  
2016-06-16  11.854  11.967  11.694   69715.69   76225.77   61314.11      0.87  
2016-06-15  11.964  11.986  11.677   83321.80   82265.78   60683.59      1.28  
2016-06-14  11.962  11.921  11.658   76809.42   76647.31   58410.54      0.70  
2016-06-13  12.024  11.895  11.651   88119.68   75430.43   59153.92      1.28  
...            ...     ...     ...        ...        ...        ...       ...  
2013-09-03  10.852  10.806  10.931   20991.64   24986.93   21952.79      0.46  
2013-09-02  10.848  10.812  10.929   27265.77   24554.71   21825.92      0.28  
2013-08-30  10.808  10.819  10.928   31035.34   24315.61   21653.44      0.48  
2013-08-29  10.756  10.819  10.922   33542.04   24506.18   21221.91      0.42  
2013-08-28  10.740  10.834  10.919   32772.43   24662.98   21084.31      0.75  
2013-08-27  10.760  10.884  10.901   28982.22   24378.44   19883.21      1.17  
2013-08-26  10.776  10.937  10.870   21843.65   21528.34   17736.62      0.71  
2013-08-23  10.830  11.002  10.860   17595.89   21266.66   17022.64      0.76  
2013-08-22  10.882  11.049  10.862   15470.31   19394.15   15893.67      0.33  
2013-08-21  10.928  11.053  10.857   16553.54   18832.92   15720.66      0.32  
2013-08-20  11.008  11.055  10.857   19774.66   18918.65   15756.30      0.36  
2013-08-19  11.098  11.046  10.847   21213.03   19097.13   15756.76      0.23  
2013-08-16  11.174  11.036  10.843   24937.43   18991.27   16074.57      0.52  
2013-08-15  11.216  11.024  10.847   23317.99   17937.65   15674.39      0.46  
2013-08-14  11.178  11.003  10.838   21112.30   17505.64   15398.22      0.68  
2013-08-13  11.102  10.918  10.807   18062.65   15387.98   14416.85      0.52  
2013-08-12  10.994  10.802  10.757   16981.23   13944.90   13808.10      0.65  
2013-08-09  10.898  10.717  10.715   13045.11   12778.61   12665.78      0.34  
2013-08-08  10.832  10.675  10.693   12557.31   12393.19   12489.56      0.21  
2013-08-07  10.828  10.661  10.683   13898.98   12608.40   12800.91      0.34  
2013-08-06  10.734  10.659  10.659   12713.31   12593.95   12593.95      0.40  
2013-08-05  10.610  10.626  10.626   10908.56   12045.24   12045.24      0.20  
2013-08-02  10.536  10.601  10.601   12512.11   12428.70   12428.70      0.28  
2013-08-01  10.518  10.594  10.594   12229.07   12441.17   12441.17      0.36  
2013-07-31  10.494  10.562  10.562   11317.81   11885.86   11885.86      0.20  
2013-07-30  10.584  10.584  10.584   12474.59   12474.59   12474.59      0.19  
2013-07-29  10.645  10.645  10.645   13466.09   13466.09   13466.09      0.39  
2013-07-26  10.710  10.710  10.710   12289.68   12289.68   12289.68      0.25  
2013-07-25  10.785  10.785  10.785   12971.41   12971.41   12971.41      0.25  
2013-07-24  10.900  10.900  10.900   14726.09   14726.09   14726.09      0.33  

[682 rows x 14 columns]