             open   high  close    low     volume  price_change  p_change  \
date                                                                        
2016-07-25  24.33  24.47  23.72  23.06  398250.00         -1.12     -4.51   
2016-07-22  25.78  25.86  24.84  24.68  355905.78         -0.35     -1.39   
2016-07-21  24.60  25.38  25.19  24.32  412270.12          0.13      0.52   
2016-07-20  27.09  27.10  25.06  25.04  590101.50         -1.91     -7.08   
2016-07-19  26.80  27.29  26.97  26.47  373371.88         -0.38     -1.39   
2016-07-18  27.00  28.09  27.35  26.52  555970.50         -0.45     -1.62   
2016-07-15  26.94  28.87  27.80  26.69  695150.44          0.75      2.77   
2016-07-14  28.10  28.28  27.05  27.00  595145.00         -1.45     -5.09   
2016-07-13  25.30  28.80  28.50  25.26  770537.00          2.23      8.49   
2016-07-12  26.41  27.73  26.27  25.75  618556.56         -0.98     -3.60   
2016-07-11  27.57  29.00  27.25  27.25  806284.50          0.70      2.64   
2016-07-08  26.52  27.30  26.55  26.33  548791.88         -0.50     -1.85   
2016-07-07  27.48  28.85  27.05  26.75  851051.88          0.70      2.66   
2016-07-06  23.75  26.35  26.35  23.50  543946.19          2.40     10.02   
2016-07-05  22.10  23.95  23.95  21.30  724366.19          2.18     10.01   
2016-07-04  21.55  21.77  21.77  20.60  305946.00          1.98     10.01   
2016-07-01  19.00  20.43  19.79  18.90  441787.19          1.19      6.40   
2016-06-30  18.70  19.57  18.60  18.55  338492.22         -0.44     -2.31   
2016-06-29  18.02  19.43  19.04  17.80  438547.38          0.92      5.08   
2016-06-28  17.88  18.58  18.12  17.42  420244.22          0.17      0.95   
2016-06-27  17.89  18.35  17.95  17.63  420060.66         -0.48     -2.60   
2016-06-24  17.30  18.59  18.43  16.81  719177.50          1.53      9.05   
2016-06-23  16.72  17.13  16.90  16.53  290383.66          0.14      0.83   
2016-06-22  16.43  16.95  16.76  16.21  255827.31         -0.15     -0.89   
2016-06-21  17.50  18.00  16.96  16.51  426835.12         -0.56     -3.20   
2016-06-20  17.79  18.38  17.52  17.04  355350.97         -0.24     -1.35   
2016-06-17  17.15  18.63  17.76  17.01  619984.81         -0.01     -0.06   
2016-06-16  16.52  17.77  17.77  16.05  553061.75          1.62     10.03   
2016-06-15  15.00  16.37  16.15  15.00  377975.25          0.91      5.97   
2016-06-14  15.40  15.68  15.24  14.90  326810.91         -0.49     -3.12   
...           ...    ...    ...    ...        ...           ...       ...   
2014-03-17  24.50  24.95  24.82  24.22   52257.76          0.23      0.94   
2014-03-14  24.78  25.51  24.59  24.31   58963.51         -0.36     -1.44   
2014-03-13  25.69  25.87  24.95  24.82   63777.82         -0.56     -2.19   
2014-03-12  25.01  26.13  25.51  24.18   91984.94          0.09      0.35   
2014-03-11  25.81  26.40  25.42  24.61   94207.27         -0.18     -0.70   
2014-03-10  26.80  27.35  25.60  25.50  108139.71         -2.40     -8.57   
2014-03-07  29.60  29.98  28.00  27.42  157655.61         -2.45     -8.05   
2014-03-06  28.30  31.49  30.45  28.08  214128.56          1.23      4.21   
2014-03-05  27.59  29.46  29.22  26.62  191932.30          0.63      2.20   
2014-03-04  30.42  32.20  28.59  28.02  253360.09         -1.24     -4.16   
2014-03-03  28.00  29.83  29.83  27.12  249656.38          2.71      9.99   
2014-02-28  24.00  27.12  27.12  23.70  209675.75          2.47     10.02   
2014-02-27  25.00  26.48  24.65  24.50  129719.86         -1.45     -5.56   
2014-02-26  23.38  26.33  26.10  22.29  148137.05          1.97      8.16   
2014-02-25  26.20  26.50  24.13  23.53  145313.52         -1.29     -5.08   
2014-02-24  25.20  26.23  25.42  25.07   93068.15         -0.36     -1.40   
2014-02-21  25.80  27.40  25.78  24.98  146574.41         -0.43     -1.64   
2014-02-20  25.76  28.48  26.21  25.01  189408.02         -0.17     -0.64   
2014-02-19  25.80  26.71  26.38  24.35  190924.88         -0.20     -0.75   
2014-02-18  25.00  26.83  26.58  24.51  249785.56          2.19      8.98   
2014-02-17  22.50  24.39  24.39  22.48  192137.12          2.22     10.01   
2014-02-14  20.61  22.17  22.17  20.60  247778.77          2.02     10.03   
2014-02-13  20.86  20.99  20.15  19.83  127962.57         -1.07     -5.04   
2014-02-12  20.22  22.13  21.22  19.71  241325.92          1.01      5.00   
2014-02-11  18.80  20.60  20.21  18.80  233157.66          1.41      7.50   
2014-02-10  17.48  19.04  18.80  17.48  140677.44          1.43      8.23   
2014-02-07  17.02  17.46  17.37  16.96   71168.47          0.18      1.05   
2014-01-30  17.96  17.98  17.19  16.88  150173.44         -1.57     -8.37   
2014-01-29  21.77  21.80  18.76  18.60  300434.59         -1.91     -9.24   
2014-01-28  17.22  20.67  20.67  17.22   36995.70          6.32     44.04   

               ma5    ma10    ma20      v_ma5     v_ma10     v_ma20  turnover  
date                                                                           
2016-07-25  25.156  26.275  24.561  425979.86  536525.88  539235.82     13.82  
2016-07-22  25.882  26.628  24.273  457523.96  577329.33  540326.35     12.35  
2016-07-21  26.474  26.799  23.952  525372.89  596617.94  558489.94     14.31  
2016-07-20  26.846  26.985  23.538  561947.86  640496.11  552395.62     20.48  
2016-07-19  27.534  27.114  23.123  598034.96  635880.58  535681.91     12.96  
2016-07-18  27.394  26.812  22.622  647071.90  670980.01  538355.07     19.30  
2016-07-15  27.374  26.254  22.131  697134.70  645977.56  528324.09     24.13  
2016-07-14  27.124  25.453  21.629  667862.99  620641.24  524565.81     20.66  
2016-07-13  27.124  24.608  21.165  719044.36  594975.96  522461.65     26.75  
2016-07-12  26.694  23.662  20.547  673726.20  561777.00  502833.56     21.47  
2016-07-11  26.230  22.847  19.996  694888.13  541945.76  488246.28     27.99  
2016-07-08  25.134  21.917  19.420  594820.43  503323.38  476613.82     19.05  
2016-07-07  23.782  21.105  18.860  573419.49  520361.94  466837.80     29.54  
2016-07-06  22.092  20.090  18.243  470907.56  464295.12  433033.40     18.88  
2016-07-05  20.630  19.131  17.672  449827.80  435483.23  421178.07     25.14  
2016-07-04  19.464  18.432  17.198  389003.40  405730.13  393957.08     10.62  
2016-07-01  18.700  18.007  16.833  411826.33  410670.62  389452.99     15.33  
2016-06-30  18.428  17.804  16.562  467304.40  428490.38  378576.68     11.75  
2016-06-29  18.088  17.721  16.332  457682.68  449947.34  370036.62     15.22  
2016-06-28  17.632  17.432  16.053  421138.67  443890.13  354244.41     14.59  
2016-06-27  17.400  17.144  15.842  422456.85  434546.79  341389.40     14.58  
2016-06-24  17.314  16.922  15.642  409514.91  449904.27  329499.38     24.96  
2016-06-23  17.180  16.614  15.393  389676.37  413313.66  301459.07     10.08  
2016-06-22  17.354  16.395  15.240  442211.99  401771.69  296424.20      8.88  
2016-06-21  17.232  16.212  15.116  466641.58  406872.91  290836.80     14.82  
2016-06-20  16.888  15.963  14.979  446636.74  382184.03  278686.11     12.33  
2016-06-17  16.530  15.658  14.829  490293.62  368235.37  271683.36     21.52  
2016-06-16  16.048  15.320  14.663  436950.94  328662.97  252019.40     19.20  
2016-06-15  15.436  14.942  14.524  361331.38  290125.90  239794.24     13.12  
2016-06-14  15.192  14.673  14.473  347104.25  264598.69  237434.69     11.34  
...            ...     ...     ...        ...        ...        ...       ...  
2014-03-17  25.058  26.715  26.468   72238.26  128640.76  151933.56      9.14  
2014-03-14  25.214  27.216  26.446   83414.65  148380.62  158927.53     10.31  
2014-03-13  25.896  27.469  26.325  103153.07  163451.84  168368.29     11.15  
2014-03-12  26.996  27.439  26.085  133223.22  170046.05  171577.53     16.08  
2014-03-11  27.738  27.498  25.871  153212.69  175661.26  179044.58     16.47  
2014-03-10  28.372  27.369  25.610  185043.25  180771.88  185992.09     18.91  
2014-03-07  29.218  27.351  25.270  213346.59  179264.73  187618.98     27.57  
2014-03-06  29.042  27.129  24.739  223750.62  178156.61  183294.62     37.44  
2014-03-05  27.882  26.705  24.076  206868.88  175684.55  180096.87     33.56  
2014-03-04  27.258  26.421  23.553  198109.83  175583.81  185521.98     44.30  
2014-03-03  26.366  26.220  23.157  176500.51  175226.36  174703.76     43.65  
2014-02-28  25.484  25.676  22.805  145182.87  169474.43  170758.89     36.66  
2014-02-27  25.216  25.181  22.566  132562.60  173284.73  168596.84     22.68  
2014-02-26  25.528  24.731  22.443  144500.23  173109.01  170883.72     25.90  
2014-02-25  25.584  24.243  22.214  153057.80  182427.89  172305.39     25.41  
2014-02-24  26.074  23.851  22.087  173952.20  191212.31  174104.85     16.27  
2014-02-21  25.868  23.189  21.849  193766.00  195973.24  179893.18     25.63  
2014-02-20  25.146  22.348  21.546  214006.87  188432.64  182456.16     33.12  
2014-02-19  23.934  21.446  21.158  201717.78  184509.18  181876.84     33.38  
2014-02-18  22.902  20.684  20.683  211797.99  195460.15  181054.29     43.67  
2014-02-17  21.628  20.093  20.093  208472.41  174181.17  174181.17     33.60  
2014-02-14  20.510  19.616  19.616  198180.47  172186.06  172186.06     43.32  
2014-02-13  19.550  19.296  19.296  162858.41  162736.97  162736.97     22.37  
2014-02-12  18.958  19.174  19.174  167300.59  167704.75  167704.75     42.20  
2014-02-11  18.466  18.833  18.833  179122.32  155434.55  155434.55     40.77  
2014-02-10  18.558  18.558  18.558  139889.93  139889.93  139889.93     24.60  
2014-02-07  18.498  18.498  18.498  139693.05  139693.05  139693.05     12.44  
2014-01-30  18.873  18.873  18.873  162534.58  162534.58  162534.58     26.26  
2014-01-29  19.715  19.715  19.715  168715.15  168715.15  168715.15     52.53  
2014-01-28  20.670  20.670  20.670   36995.70   36995.70   36995.70      6.47  

[517 rows x 14 columns]