date	open	high	close	low	volume	price_change	p_change	ma5	ma10	ma20	v_ma5	v_ma10	v_ma20	turnover
2016-07-22	14.53	14.97	14.56	14.5	72441.18	-0.13	-0.89	14.288	14.266	14.256	46567.56	41499.76	40017.1	2.31
2016-07-21	14.03	14.8	14.69	14.03	101016.64	0.65	4.63	14.196	14.221	14.209	38463.67	36680.66	38310.42	3.23
2016-07-20	14.09	14.12	14.04	13.98	15059.0	-0.05	-0.35	14.128	14.175	14.18	24048.78	31043.34	35602.87	0.48
2016-07-19	14.0	14.13	14.09	13.99	20215.3	0.03	0.21	14.204	14.201	14.17	30857.87	33406.8	35874.89	0.65
2016-07-18	14.06	14.18	14.06	13.98	24105.67	-0.04	-0.28	14.216	14.232	14.148	34557.56	35558.28	36123.64	0.77
2016-07-15	14.28	14.28	14.1	14.06	31921.75	-0.25	-1.74	14.244	14.266	14.137	36431.96	38150.49	36134.44	1.02
2016-07-14	14.33	14.42	14.35	14.22	28942.2	-0.07	-0.48	14.246	14.287	14.135	34897.64	39363.94	35936.65	0.92
2016-07-13	14.15	14.42	14.42	14.08	49104.45	0.27	1.91	14.222	14.28	14.121	38037.89	39506.87	35887.65	1.57
2016-07-12	14.23	14.25	14.15	13.81	38713.72	-0.05	-0.35	14.198	14.264	14.108	35955.73	38582.27	35343.55	1.24
2016-07-11	14.16	14.29	14.2	14.03	33477.69	0.09	0.64	14.248	14.272	14.07	36559.0	38952.71	34333.59	1.07
2016-07-08	14.18	14.23	14.11	14.0	24250.16	-0.12	-0.84	14.288	14.246	14.027	39869.01	38534.43	34133.1	0.77
2016-07-07	14.22	14.31	14.23	14.0	44643.41	-0.07	-0.49	14.328	14.196	14.021	43830.24	39940.18	34272.57	1.43
2016-07-06	14.28	14.5	14.3	14.19	38693.68	-0.1	-0.69	14.338	14.184	14.015	40975.86	40162.41	33143.68	1.24
2016-07-05	14.4	14.53	14.4	14.26	41730.08	0.0	0.0	14.33	14.139	14.008	41208.81	38342.97	32802.74	1.33
2016-07-04	14.3	14.48	14.4	14.1	50027.71	0.09	0.63	14.296	14.064	13.991	41346.41	36688.99	32489.33	1.6
2016-07-01	14.27	14.61	14.31	14.11	44056.34	0.03	0.21	14.204	14.008	13.976	37199.86	34118.4	31767.15	1.41
2016-06-30	14.31	14.51	14.28	14.2	30371.47	0.02	0.14	14.064	13.982	13.971	36050.11	32509.36	31955.1	0.97
2016-06-29	14.21	14.38	14.26	14.1	39858.46	0.03	0.21	14.03	13.962	13.968	39348.97	32268.43	34129.97	1.27
2016-06-28	13.84	14.27	14.23	13.8	42418.07	0.29	2.08	13.948	13.952	13.945	35477.13	32104.83	36820.35	1.35
2016-06-27	13.5	14.0	13.94	13.45	29294.94	0.33	2.42	13.832	13.867	13.889	32031.58	29714.47	36216.36	0.94
2016-06-24	13.96	14.08	13.61	13.0	38307.62	-0.5	-3.54	13.812	13.808	13.85	31036.94	29731.76	37991.9	1.22
2016-06-23	13.85	14.29	14.11	13.51	46865.75	0.26	1.88	13.9	13.845	13.824	28968.61	28604.97	37717.24	1.5
2016-06-22	13.6	13.92	13.85	13.58	20499.26	0.2	1.47	13.894	13.845	13.783	25187.89	26124.95	36968.15	0.65
2016-06-21	13.97	14.04	13.65	13.59	25190.32	-0.19	-1.37	13.956	13.877	13.755	28732.53	27262.52	37733.44	0.8
2016-06-20	13.96	14.14	13.84	13.75	24321.73	-0.21	-1.5	13.902	13.918	13.74	27397.37	28289.66	39023.88	0.78
2016-06-17	14.22	14.24	14.05	13.78	27965.99	-0.03	-0.21	13.804	13.944	13.707	28426.58	29415.91	41761.64	0.89
2016-06-16	14.17	14.3	14.08	14.0	27962.17	-0.08	-0.56	13.79	13.96	13.633	28241.33	31400.85	42561.21	0.89
2016-06-15	13.31	14.72	14.16	13.22	38222.45	0.78	5.83	13.796	13.974	13.553	27062.02	35991.5	42769.71	1.22
2016-06-14	13.53	13.53	13.38	13.23	18514.49	0.03	0.23	13.798	13.938	13.469	25792.5	41535.87	42124.79	0.59
2016-06-13	13.79	14.11	13.35	13.35	29467.8	-0.63	-4.51	13.934	13.91	13.424	29181.96	42718.25	42598.31	0.94
2016-06-08	14.2	14.2	13.98	13.8	27039.74	-0.13	-0.92	14.084	13.892	13.381	30405.23	46252.03	42926.58	0.86
2016-06-07	14.09	14.19	14.11	13.96	22065.6	-0.06	-0.42	14.13	13.802	13.292	34560.36	46829.51	44154.55	0.7
2016-06-06	14.1	14.43	14.17	14.08	31874.88	0.11	0.78	14.152	13.721	13.199	44920.98	47811.35	45398.25	1.02
2016-06-03	14.12	14.2	14.06	13.92	35461.78	-0.04	-0.28	14.078	13.633	13.116	57279.23	48204.37	47517.85	1.13
2016-06-02	14.11	14.4	14.1	13.98	35584.15	-0.11	-0.77	13.886	13.562	13.108	56254.53	49758.1	48090.84	1.14
2016-06-01	14.33	14.55	14.21	14.1	47815.41	-0.01	-0.07	13.7	13.47	13.13	62098.84	54107.37	48012.0	1.53
2016-05-31	14.1	14.29	14.22	13.81	73868.7	0.42	3.04	13.474	13.306	13.146	59098.66	53721.57	48077.37	2.36
2016-05-30	12.78	14.23	13.8	12.65	93666.11	0.7	5.34	13.29	13.132	13.177	50701.71	49547.92	48318.11	2.99
2016-05-27	13.17	13.38	13.1	13.09	30338.28	-0.07	-0.53	13.188	13.0	13.193	39129.51	42713.72	46065.87	0.97
2016-05-26	12.93	13.2	13.17	12.31	64805.68	0.09	0.69	13.238	12.938	13.252	43261.68	42478.38	47132.68	2.07
2016-05-25	13.38	13.52	13.08	13.03	32814.54	-0.22	-1.65	13.24	12.869	13.33	46115.91	39601.13	45309.61	1.05
2016-05-24	13.35	13.4	13.3	12.95	31883.93	0.01	0.07	13.138	12.781	13.424	48344.48	41479.58	45850.82	1.02
2016-05-23	13.32	13.63	13.29	13.19	35805.13	-0.06	-0.45	12.974	12.677	13.502	48394.13	42985.15	45995.99	1.14
2016-05-20	13.11	13.51	13.35	12.8	50999.11	0.17	1.29	12.812	12.599	13.583	46297.93	46831.34	46149.84	1.63
2016-05-19	12.57	13.43	13.18	12.45	79076.82	0.61	4.85	12.638	12.654	13.643	41695.08	46423.58	47814.83	2.53
2016-05-18	12.45	12.78	12.57	12.3	43957.4	0.09	0.72	12.498	12.79	13.724	33086.35	41916.64	48797.95	1.4
2016-05-17	12.48	12.64	12.48	12.38	32132.21	0.0	0.0	12.424	12.985	13.912	34614.68	42433.16	48482.99	1.03
2016-05-16	12.21	12.54	12.48	12.21	25324.09	0.0	0.0	12.38	13.221	14.117	37576.16	47088.31	49409.03	0.81
2016-05-13	12.3	12.58	12.48	12.21	27984.89	0.0	0.0	12.386	13.385	14.352	47364.75	49418.02	52952.77	0.89
2016-05-12	12.04	12.62	12.48	11.78	36033.14	0.28	2.29	12.67	13.565	14.56	51152.07	51786.98	53620.57	1.15
2016-05-11	12.39	12.44	12.2	11.99	51599.08	-0.06	-0.49	13.082	13.79	14.76	50746.93	51018.09	54542.84	1.65
2016-05-10	12.18	12.51	12.26	11.89	46939.59	-0.25	-2.0	13.546	14.067	14.968	50251.65	50222.06	53798.54	1.5
2016-05-09	13.76	13.76	12.51	12.51	74267.05	-1.39	-10.0	14.062	14.327	15.175	56600.45	49006.84	54986.94	2.37
2016-05-06	14.54	14.68	13.9	13.8	46921.48	-0.6	-4.14	14.384	14.566	15.37	51471.28	45468.35	54862.77	1.5
2016-05-05	14.52	14.54	14.54	14.24	34007.44	0.02	0.14	14.46	14.632	15.485	52421.9	49206.09	56418.64	1.09
2016-05-04	14.73	14.77	14.52	14.46	49122.67	-0.32	-2.16	14.498	14.658	15.584	51289.26	55679.26	66877.41	1.57
2016-05-03	14.1	14.94	14.84	14.01	78683.63	0.72	5.1	14.588	14.838	15.729	50192.48	54532.81	69745.34	2.51
2016-04-29	14.21	14.36	14.12	13.89	48621.2	-0.16	-1.12	14.592	15.012	15.861	41413.22	51729.75	71848.45	1.55
2016-04-28	14.73	14.8	14.28	14.0	51674.54	-0.45	-3.06	14.748	15.319	16.0	39465.41	56487.52	75329.94	1.65
2016-04-27	14.89	15.02	14.73	14.71	28344.25	-0.24	-1.6	14.804	15.554	16.097	45990.29	55454.17	76010.44	0.91
2016-04-26	14.79	14.99	14.97	14.51	43638.77	0.11	0.74	14.818	15.729	16.149	60069.26	58067.59	77387.98	1.39
2016-04-25	14.53	15.2	14.86	14.41	34787.36	-0.04	-0.27	15.088	15.869	16.186	58873.13	57375.03	78121.54	1.11
2016-04-22	14.63	14.97	14.9	14.26	38882.11	0.34	2.33	15.432	16.023	16.237	62046.27	60967.05	79327.75	1.24
2016-04-21	14.86	15.24	14.56	14.36	84298.95	-0.24	-1.62	15.89	16.173	16.284	73509.63	64257.19	82502.31	2.69
2016-04-20	16.31	16.52	14.8	14.69	98739.11	-1.52	-9.31	16.304	16.337	16.391	64918.04	63631.19	82426.82	3.15
2016-04-19	16.6	16.85	16.32	16.1	37658.14	-0.26	-1.57	16.64	16.509	16.493	56065.92	78075.57	84038.12	1.2
2016-04-18	17.15	17.15	16.58	16.49	50653.03	-0.61	-3.55	16.65	16.619	16.466	55876.92	84957.88	88332.4	1.62
2016-04-15	16.76	17.55	17.19	16.57	96198.94	0.56	3.37	16.614	16.709	16.427	59887.83	91967.15	92532.08	3.07
2016-04-14	16.55	16.68	16.63	16.18	41340.99	0.15	0.91	16.456	16.68	16.295	55004.74	94172.36	91257.73	1.32
2016-04-13	16.51	16.76	16.48	16.32	54478.48	0.11	0.67	16.37	16.64	16.161	62344.35	96566.71	91596.92	1.74
2016-04-12	16.26	16.55	16.37	16.08	36713.15	-0.03	-0.18	16.378	16.569	16.046	100085.23	96708.37	91063.48	1.17
2016-04-11	16.39	16.8	16.4	16.2	70707.61	0.0	0.0	16.588	16.502	15.939	114038.85	98868.05	91949.04	2.26
2016-04-08	16.0	16.69	16.4	15.65	71783.46	0.2	1.24	16.804	16.451	15.801	124046.47	97688.45	89522.13	2.29
2016-04-07	16.24	16.59	16.2	16.12	78039.03	-0.32	-1.94	16.904	16.394	15.655	133339.98	100747.44	87577.26	2.49
2016-04-06	17.25	17.36	16.52	15.89	243182.88	-0.9	-5.17	16.91	16.444	15.529	130789.07	101222.44	85743.47	7.77
2016-04-05	17.47	17.89	17.42	16.86	106481.26	-0.06	-0.34	16.76	16.476	15.419	93331.51	90000.67	76779.53	3.4
2016-04-01	16.89	17.54	17.48	16.44	120745.72	0.58	3.43	16.416	16.313	15.26	83697.26	91706.92	74809.85	3.86
2016-03-31	16.2	17.12	16.9	16.19	118251.01	0.67	4.13	16.098	16.144	15.066	71330.43	93097.0	71606.2	3.78
2016-03-30	15.8	16.42	16.23	15.8	65284.48	0.46	2.92	15.884	15.909	14.91	68154.9	88343.09	70490.51	2.09
2016-03-29	15.7	16.03	15.77	15.55	55895.07	0.07	0.45	15.978	15.682	14.782	71655.82	86627.13	71313.27	1.79
2016-03-28	15.89	16.19	15.7	15.62	58310.02	-0.19	-1.2	16.192	15.522	14.615	86669.82	85418.59	70789.9	1.86
2016-03-25	16.01	16.12	15.89	15.36	58911.56	0.06	0.38	16.21	15.375	14.427	99716.57	85030.02	70674.75	1.88
2016-03-24	16.5	16.68	15.83	15.7	102373.39	-0.87	-5.21	16.19	15.15	14.296	114863.57	81355.82	69788.34	3.27
2016-03-23	16.65	17.09	16.7	16.45	82789.04	-0.14	-0.83	15.934	14.915	14.144	108531.28	74407.08	69373.04	2.64
2016-03-22	15.6	17.15	16.84	15.28	130965.1	1.05	6.65	15.386	14.614	14.008	101598.45	70264.5	68524.22	4.18
2016-03-21	15.81	16.4	15.79	15.46	123543.76	0.0	0.0	14.852	14.361	13.859	84167.36	63558.39	64647.99	3.95
2016-03-18	14.8	16.0	15.79	14.68	134646.58	1.24	8.52	14.54	14.207	13.772	70343.47	57912.78	63438.45	4.3
2016-03-17	13.96	14.66	14.55	13.96	70711.93	0.59	4.23	14.11	13.987	13.649	47848.06	50115.41	60802.69	2.26
2016-03-16	14.38	14.4	13.96	13.82	48124.87	-0.21	-1.48	13.896	13.91	13.56	40282.87	52637.92	62228.7	1.54
2016-03-15	14.16	14.44	14.17	14.09	43809.68	-0.06	-0.42	13.842	13.881	13.489	38930.56	55999.41	63907.62	1.4
2016-03-14	13.69	14.56	14.23	13.69	54424.28	0.59	4.33	13.87	13.707	13.413	42949.42	56161.2	67634.94	1.74
2016-03-11	13.38	13.75	13.64	13.16	22169.55	0.16	1.19	13.874	13.478	13.289	45482.08	56319.47	69498.18	0.71
2016-03-10	13.88	13.99	13.48	13.37	32885.99	-0.21	-1.53	13.864	13.441	13.14	52382.75	58220.87	69192.09	1.05
2016-03-09	14.0	14.03	13.69	13.65	41363.29	-0.62	-4.33	13.924	13.373	13.006	64992.96	64339.01	69321.16	1.32
2016-03-08	14.2	14.39	14.31	13.61	63903.97	0.06	0.42	13.92	13.402	12.851	73068.26	66783.95	68483.24	2.04
2016-03-07	13.89	14.38	14.25	13.66	67087.62	0.66	4.86	13.544	13.356	12.657	69372.99	65737.59	66625.34	2.14
2016-03-04	13.93	13.99	13.59	13.07	56672.89	-0.19	-1.38	13.082	13.337	12.449	67156.86	68964.13	64166.58	1.81
2016-03-03	13.73	14.4	13.78	13.73	95937.03	0.11	0.81	13.018	13.31	12.275	64058.98	71489.96	62569.15	3.06
2016-03-02	12.53	13.67	13.67	12.45	81739.77	1.24	9.98	12.822	13.21	12.071	63685.06	71819.48	58666.52	2.61
2016-03-01	12.08	12.58	12.43	11.9	45427.63	0.49	4.1	12.884	13.096	11.886	60499.63	71815.84	56331.13	1.45
2016-02-29	13.13	13.13	11.94	11.94	56007.0	-1.33	-10.02	13.168	13.119	11.77	62102.2	79108.68	56121.97	1.79
2016-02-26	13.5	13.5	13.27	12.61	41183.48	0.47	3.67	13.592	13.099	11.735	70771.39	82676.89	54433.89	1.32
2016-02-25	13.98	14.15	12.8	12.58	94067.41	-1.18	-8.44	13.602	12.839	11.631	78920.95	80163.31	53809.16	3.0
2016-02-24	13.9	14.47	13.98	13.7	65812.65	0.13	0.94	13.598	12.638	11.55	79953.9	74303.3	50709.34	2.1
2016-02-23	13.78	14.1	13.85	13.6	53440.44	-0.21	-1.49	13.308	12.3	11.424	83132.04	70182.53	49527.74	1.71
2016-02-22	13.55	14.37	14.06	13.55	99352.95	0.74	5.56	13.07	11.958	11.297	96115.16	67513.09	48791.77	3.17
2016-02-19	12.78	13.58	13.32	12.57	81931.28	0.54	4.22	12.606	11.561	11.145	94582.39	59369.03	45231.22	2.62
2016-02-18	12.79	13.15	12.78	12.41	99232.2	0.25	2.0	12.076	11.239	11.019	81405.67	53648.34	42565.93	3.17
2016-02-17	12.39	12.77	12.53	12.22	81703.31	-0.13	-1.03	11.678	10.932	10.943	68652.7	45513.55	39233.4	2.61
2016-02-16	12.01	12.9	12.66	12.01	118356.06	0.92	7.84	11.292	10.676	10.849	57233.03	40846.42	36874.59	3.78
2016-02-15	10.8	11.74	11.74	10.51	91689.1	1.07	10.03	10.846	10.421	10.759	38911.02	33135.26	32719.12	2.93
2016-02-05	10.8	10.8	10.67	10.6	16047.66	-0.12	-1.11	10.516	10.37	10.703	24155.67	26190.89	30441.9	0.51
2016-02-04	10.99	11.24	10.79	10.63	35467.39	0.19	1.79	10.402	10.422	10.76	25891.01	27455.02	32957.46	1.13
2016-02-03	10.33	10.6	10.6	10.21	24604.93	0.17	1.63	10.186	10.462	10.808	22374.4	27115.37	31841.32	0.79
2016-02-02	10.09	10.43	10.43	10.09	26746.03	0.34	3.37	10.06	10.547	10.932	24459.81	28872.95	32502.71	0.85
2016-02-01	10.18	10.18	10.09	9.88	17912.35	-0.01	-0.1	9.996	10.636	11.041	27359.49	30070.45	34241.87	0.57
2016-01-29	9.79	10.18	10.1	9.72	24724.33	0.39	4.02	10.224	10.729	11.192	28226.11	31093.4	35803.72	0.79
2016-01-28	9.97	10.11	9.71	9.6	17884.35	-0.26	-2.61	10.442	10.799	11.415	29019.03	31483.52	38609.13	0.57
2016-01-27	10.62	10.62	9.97	9.53	35031.97	-0.14	-1.39	10.738	10.953	11.685	31856.35	32953.24	43371.7	1.12
2016-01-26	11.2	11.21	10.11	10.11	41244.47	-1.12	-9.97	11.034	11.021	11.915	33286.1	32902.77	43381.78	1.32
2016-01-25	11.22	11.45	11.23	11.12	22245.42	0.04	0.36	11.276	11.097	12.142	32781.4	32302.98	44207.91	0.71
2016-01-22	11.23	11.34	11.19	10.44	28688.92	0.0	0.0	11.234	11.036	12.321	33960.69	34692.9	45973.37	0.92
2016-01-21	11.18	11.57	11.19	11.04	32070.95	-0.26	-2.27	11.156	11.097	12.496	33948.02	38459.9	46706.06	1.02
2016-01-20	11.33	11.68	11.45	11.28	42180.74	0.13	1.15	11.168	11.154	12.665	34050.13	36567.27	48019.13	1.35
2016-01-19	10.96	11.38	11.32	10.96	38720.96	0.3	2.72	11.008	11.316	12.841	32519.43	36132.47	48969.49	1.24
2016-01-18	10.6	11.2	11.02	10.57	28141.9	0.22	2.04	10.918	11.445	13.027	31824.56	38413.3	51408.52	0.9
2016-01-15	11.1	11.29	10.8	10.77	28625.53	-0.45	-4.0	10.838	11.654	13.21	35425.11	40514.04	53911.57	0.91
2016-01-14	10.54	11.27	11.25	10.36	32581.53	0.6	5.63	11.038	12.031	13.411	42971.79	45734.73	56342.23	1.04
2016-01-13	11.02	11.15	10.65	10.5	34527.25	-0.22	-2.02	11.14	12.416	13.569	39084.41	53790.15	58894.42	1.1
2016-01-12	10.7	10.97	10.87	10.34	35246.6	0.25	2.35	11.624	12.809	13.753	39745.5	53860.8	60535.76	1.13
2016-01-11	11.5	11.59	10.62	10.62	46144.66	-1.18	-10.0	11.972	13.186	13.907	45002.04	56112.84	61466.7	1.47
2016-01-08	12.35	12.35	11.8	10.58	66358.9	0.04	0.34	12.47	13.605	14.056	45602.96	57253.83	62747.57	2.12
2016-01-07	12.89	12.89	11.76	11.76	13144.62	-1.31	-10.02	13.024	13.895	14.177	48497.68	54952.21	64862.46	0.42
2016-01-06	12.7	13.2	13.07	12.7	37832.74	0.46	3.65	13.692	14.175	14.287	68495.9	59470.99	70543.21	1.21
2016-01-05	11.88	13.1	12.61	11.88	61529.27	-0.5	-3.81	13.994	14.365	14.374	67976.09	61806.51	78102.17	1.97
2016-01-04	14.48	14.48	13.11	13.11	49149.29	-1.46	-10.02	14.4	14.609	14.454	67223.64	64403.74	78740.08	1.57
2015-12-31	14.99	15.21	14.57	14.5	80832.47	-0.53	-3.51	14.74	14.765	14.498	68904.69	67309.11	81754.2	2.58
2015-12-30	14.6	15.19	15.1	14.51	113135.71	0.52	3.57	14.766	14.79	14.436	61406.75	66949.72	79572.27	3.61
2015-12-29	14.6	14.62	14.58	14.32	35233.71	-0.06	-0.41	14.658	14.722	14.334	50446.08	63998.69	75401.42	1.13
2015-12-28	14.75	14.85	14.64	14.38	57767.04	-0.17	-1.15	14.736	14.697	14.261	55636.93	67210.72	75665.34	1.84
2015-12-25	14.78	14.84	14.81	14.35	57554.52	0.11	0.75	14.818	14.627	14.18	61583.84	66820.56	75581.67	1.84
2015-12-24	14.55	14.87	14.7	14.5	43342.76	0.14	0.96	14.79	14.506	14.08	65713.53	68241.31	77644.97	1.38
2015-12-23	14.95	15.07	14.56	14.5	58332.35	-0.41	-2.74	14.814	14.459	14.052	72492.7	74772.7	79295.5	1.86
2015-12-22	15.09	15.25	14.97	14.81	61188.0	-0.08	-0.53	14.786	14.398	14.059	77551.3	81615.43	79785.45	1.95
2015-12-21	14.69	15.1	15.05	14.53	87501.58	0.38	2.59	14.658	14.383	14.045	78784.5	94397.83	79367.55	2.79
2015-12-18	14.9	14.9	14.67	14.4	78202.94	-0.15	-1.01	14.436	14.298	14.019	72057.27	93076.41	78941.8	2.5
2015-12-17	14.42	14.93	14.82	14.42	77238.62	0.4	2.77	14.222	14.231	14.003	70769.1	96199.3	78805.51	2.47
2015-12-16	14.32	14.94	14.42	14.3	83625.34	0.09	0.63	14.104	14.082	13.976	77052.7	92194.82	77497.85	2.67
2015-12-15	13.86	14.5	14.33	13.86	67354.01	0.39	2.8	14.01	13.945	13.95	85679.56	86804.14	76557.94	2.15
2015-12-14	13.5	14.0	13.94	13.32	53865.45	0.34	2.5	14.108	13.825	13.946	110011.17	84119.97	79004.75	1.72
2015-12-11	14.11	14.2	13.6	13.48	71762.07	-0.63	-4.43	14.16	13.733	13.985	114095.54	84342.78	79937.85	2.29
2015-12-10	13.78	14.41	14.23	13.76	108656.65	0.28	2.01	14.24	13.653	14.005	121629.5	87048.63	80548.75	3.47
2015-12-09	14.4	14.5	13.95	13.72	126759.64	-0.87	-5.87	14.06	13.645	14.018	107336.93	83818.3	80727.42	4.05
2015-12-08	14.49	15.09	14.82	14.2	189012.03	0.62	4.37	13.88	13.72	14.069	87928.73	77955.47	79661.22	6.04
2015-12-07	13.8	14.2	14.2	13.75	74287.32	0.2	1.43	13.542	13.707	14.094	58228.77	64337.27	78683.23	2.37
2015-12-04	13.63	14.5	14.0	13.6	109431.84	0.67	5.03	13.306	13.739	14.106	54590.03	64807.19	82255.83	3.49
2015-12-03	13.1	13.34	13.33	13.08	37193.83	0.28	2.15	13.066	13.775	14.105	52467.77	61411.73	81594.91	1.19
2015-12-02	13.15	13.15	13.05	12.64	29718.61	-0.08	-0.61	13.23	13.869	14.123	60299.67	62800.88	86519.35	0.95
2015-12-01	13.02	13.27	13.13	12.86	40512.26	0.11	0.84	13.56	13.955	14.165	67982.21	66311.73	91405.07	1.29
2015-11-30	12.81	13.1	13.02	12.33	56093.6	0.22	1.72	13.872	14.066	14.168	70445.76	73889.53	94135.09	1.79
2015-11-27	14.15	14.15	12.8	12.79	98820.55	-1.35	-9.54	14.172	14.236	14.154	75024.34	75532.91	97027.6	3.16
2015-11-26	14.75	14.78	14.15	14.11	76353.35	-0.55	-3.74	14.484	14.356	14.196	70355.69	74048.87	100004.39	2.44
2015-11-25	14.7	14.79	14.7	14.48	68131.31	0.01	0.07	14.508	14.391	14.203	65302.09	77636.53	110889.3	2.18
2015-11-24	14.48	14.71	14.69	14.16	52830.01	0.17	1.17	14.35	14.418	14.148	64641.25	81366.98	112148.3	1.69
2015-11-23	14.34	14.73	14.52	14.16	78986.5	0.16	1.11	14.26	14.48	14.031	77333.3	93029.2	112346.08	2.52
2015-11-20	14.0	14.54	14.36	13.95	75477.27	0.09	0.63	14.3	14.472	13.916	76041.48	99704.48	111973.17	2.41
2015-11-19	13.93	14.29	14.27	13.9	51085.36	0.36	2.59	14.228	14.435	13.814	77742.05	101778.09	112142.92	1.63
2015-11-18	14.18	14.56	13.91	13.8	64827.13	-0.33	-2.32	14.274	14.376	13.688	89970.98	110237.81	112052.99	2.07
2015-11-17	14.72	15.03	14.24	14.2	116290.23	-0.48	-3.26	14.486	14.375	13.563	98092.71	116498.4	112278.22	3.71
2015-11-16	13.75	14.72	14.72	13.7	72527.41	0.72	5.14	14.7	14.269	13.479	108725.09	114380.65	109818.09	2.32
2015-11-13	14.39	14.39	14.0	13.95	83980.13	-0.5	-3.45	14.644	14.071	13.36	123367.48	118522.28	109814.07	2.68
2015-11-12	15.0	15.13	14.5	14.43	112229.98	-0.47	-3.14	14.642	14.035	13.287	125814.13	125959.92	110389.97	3.58
2015-11-11	15.16	15.16	14.97	14.72	105435.78	-0.34	-2.22	14.478	14.015	13.187	130504.65	144142.08	108881.34	3.37
2015-11-10	14.39	15.57	15.31	14.17	169452.16	0.87	6.03	14.264	13.877	13.043	134904.09	142929.63	109041.89	5.41
2015-11-09	13.87	14.6	14.44	13.73	145739.36	0.45	3.22	13.838	13.581	12.866	120036.21	131662.96	103378.76	4.65
2015-11-06	13.6	14.11	13.99	13.5	96213.37	0.31	2.27	13.498	13.359	12.724	113677.08	124241.85	99352.04	3.07
2015-11-05	13.81	13.97	13.68	13.38	135682.59	-0.22	-1.58	13.428	13.193	12.579	126105.71	122507.75	96256.8	4.33
2015-11-04	13.14	13.96	13.9	13.07	127432.96	0.72	5.46	13.552	12.999	12.442	157779.5	113868.17	90969.02	4.07
2015-11-03	12.78	13.35	13.18	12.66	95112.77	0.44	3.45	13.49	12.751	12.274	150955.17	108058.04	84638.89	3.04
2015-11-02	13.0	13.39	12.74	12.69	113943.71	-0.9	-6.6	13.324	12.688	12.14	143289.71	105255.53	80622.09	3.64
2015-10-30	13.92	13.96	13.64	13.31	158356.5	-0.66	-4.62	13.22	12.649	12.024	134806.63	101105.86	75917.61	5.06
2015-10-29	13.99	14.93	14.3	13.81	294051.56	0.71	5.22	12.958	12.539	11.88	118909.79	94820.02	69134.0	9.39
2015-10-28	12.65	13.59	13.59	12.65	93311.29	1.24	10.04	12.446	12.359	11.699	69956.84	73620.61	56853.0	2.98
2015-10-27	12.23	12.38	12.35	11.68	56785.48	0.13	1.06	12.012	12.209	11.588	65160.91	75154.16	55044.19	1.81
2015-10-26	12.45	12.45	12.22	12.08	71528.31	-0.11	-0.89	12.052	12.151	11.525	67221.35	75094.56	55884.45	2.28
2015-10-23	11.76	12.58	12.33	11.75	78872.32	0.59	5.03	12.078	12.089	11.46	67405.1	74462.23	54938.86	2.52
2015-10-22	11.36	11.8	11.74	11.21	49286.78	0.32	2.8	12.12	11.965	11.379	70730.26	70005.85	52812.95	1.57
2015-10-21	12.46	12.61	11.42	11.36	69331.67	-1.13	-9.0	12.272	11.884	11.312	77284.37	68069.86	51962.05	2.21
2015-10-20	12.3	12.58	12.55	12.11	67087.65	0.2	1.62	12.406	11.797	11.262	85147.41	61219.74	51102.14	2.14
2015-10-19	12.36	12.56	12.35	12.0	72447.06	-0.19	-1.51	12.25	11.591	11.156	82967.77	55988.66	49797.29	2.31
2015-10-16	12.68	13.0	12.54	12.22	95498.12	0.04	0.32	12.1	11.398	11.019	81519.36	50729.35	48660.76	3.05
2015-10-15	12.12	12.57	12.5	11.9	82057.37	0.41	3.39	11.81	11.221	10.926	69281.43	43447.97	46523.65	2.62
2015-10-14	11.73	12.77	12.09	11.7	108646.84	0.32	2.72	11.496	11.039	10.893	58855.35	40085.39	44822.62	3.47
2015-10-13	11.5	11.91	11.77	11.38	56189.47	0.17	1.47	11.188	10.966	10.857	37292.07	34934.22	41881.56	1.79
2015-10-12	11.09	11.66	11.6	11.0	65205.01	0.51	4.6	10.932	10.899	10.857	29009.54	36674.33	42942.74	2.08
2015-10-09	11.0	11.19	11.09	10.86	34308.48	0.16	1.46	10.696	10.831	10.849	19939.34	35415.49	42204.22	1.1
2015-10-08	10.85	10.99	10.93	10.68	29926.96	0.44	4.19	10.632	10.793	10.818	17614.51	35620.06	41881.79	0.96
2015-10-07	10.7	10.72	10.55	10.55	830.41	0.06	0.57	10.582	10.739	10.766	21315.44	35854.24	41912.52	0.03
2015-09-30	10.63	10.73	10.49	10.41	14776.86	0.07	0.67	10.744	10.726	10.748	32576.37	40984.55	43782.75	0.47
2015-09-29	10.5	10.67	10.42	10.3	19854.01	-0.35	-3.25	10.866	10.721	10.777	44339.12	43605.93	46407.35	0.63
2015-09-28	10.65	10.8	10.77	10.29	22684.31	0.09	0.84	10.966	10.64	10.829	50891.64	46592.17	49223.26	0.72
2015-09-25	11.3	11.31	10.68	10.58	48431.6	-0.68	-5.99	10.954	10.63	10.812	53625.62	49599.33	50193.2	1.55
2015-09-24	10.99	11.37	11.36	10.93	57135.07	0.26	2.34	10.896	10.747	10.777	50393.05	49559.84	51788.94	1.82
2015-09-23	10.75	11.3	11.1	10.56	73590.63	0.18	1.65	10.708	10.747	10.746	49392.72	48828.9	51314.04	2.35
2015-09-22	10.75	11.1	10.92	10.67	52616.6	0.21	1.96	10.576	10.815	10.788	42872.73	49211.14	49798.46	1.68
2015-09-21	10.3	10.8	10.71	10.15	36354.19	0.32	3.08	10.314	10.866	10.905	42292.69	48992.94	50537.37	1.16
2015-09-18	10.4	10.69	10.39	10.25	32268.74	-0.03	-0.29	10.306	10.843	11.092	45573.04	48143.52	54616.53	1.87
2015-09-17	10.38	10.99	10.42	10.15	52133.46	-0.02	-0.19	10.598	10.792	11.332	48726.64	47970.8	60041.35	3.03
2015-09-16	9.88	10.57	10.44	9.7	40990.68	0.83	8.64	10.786	10.769	11.513	48265.08	46580.95	64591.94	2.38
2015-09-15	10.31	10.45	9.61	9.6	49716.38	-1.06	-9.93	11.054	10.832	11.771	55549.55	49208.77	71361.7	2.89
2015-09-14	11.9	12.0	10.67	10.67	52755.95	-1.18	-9.96	11.418	11.018	12.015	55693.19	51854.35	75509.39	3.06
2015-09-11	11.3	11.85	11.85	11.16	48036.71	0.49	4.31	11.38	10.994	12.185	50714.0	50787.08	76469.95	2.79
2015-09-10	11.5	11.97	11.36	11.29	49825.66	-0.42	-3.56	10.986	10.807	12.292	47214.96	54018.04	78101.2	2.89
2015-09-09	11.52	12.18	11.78	11.35	77413.04	0.35	3.06	10.752	10.745	12.414	44896.83	53799.17	79483.76	4.5
2015-09-08	10.7	11.52	11.43	10.21	50434.6	0.95	9.06	10.61	10.76	12.506	42868.0	50385.78	79662.83	2.93
2015-09-07	10.06	10.55	10.48	10.06	27860.0	0.6	6.07	10.618	10.943	12.589	48015.51	52081.8	79611.52	1.62
2015-09-02	9.7	10.53	9.88	9.51	30541.48	-0.31	-3.04	10.608	11.341	12.699	50860.15	61089.54	79739.71	1.77
2015-09-01	11.0	11.07	10.19	10.0	38235.04	-0.88	-7.95	10.628	11.871	12.847	60821.13	72111.9	80348.36	2.22
2015-08-31	11.47	11.5	11.07	11.0	67268.87	-0.4	-3.49	10.738	12.256	12.999	62701.51	82602.92	81042.47	3.91
2015-08-28	10.6	11.47	11.47	10.48	76172.14	1.04	9.97	10.91	12.709	13.067	57903.55	93514.62	79605.72	4.42
2015-08-27	10.11	10.68	10.43	9.72	42083.24	0.45	4.51	11.268	13.011	13.124	56148.09	99164.43	77326.93	2.44
2015-08-26	10.74	11.2	9.98	9.9	80346.35	-0.76	-7.08	12.074	13.376	13.252	71318.93	102152.82	77522.54	4.67
2015-08-25	10.75	11.0	10.74	10.74	47636.97	-1.19	-9.97	13.114	13.777	13.412	83402.66	102184.37	75724.09	2.77
2015-08-24	12.33	12.94	11.93	11.93	43279.07	-1.33	-10.03	13.774	14.082	13.496	102504.33	105168.34	77304.32	2.51
2015-08-21	14.06	14.18	13.26	13.2	67394.82	-1.2	-8.3	14.508	14.251	13.544	129125.69	108939.88	78344.77	3.91
2015-08-20	14.9	15.39	14.46	14.42	117937.44	-0.72	-4.74	14.754	14.234	13.598	142180.77	107141.25	80277.2	6.85
2015-08-19	13.45	15.37	15.18	13.28	140765.02	1.14	8.12	14.678	14.056	13.594	132986.71	98389.89	78905.69	8.18
2015-08-18	15.6	15.7	14.04	14.04	143145.28	-1.56	-10.0	14.44	13.823	13.536	120966.07	88584.83	75252.01	8.31
2015-08-17	14.5	15.69	15.6	14.07	176385.88	1.11	7.66	14.39	13.742	13.536	107832.36	79482.02	71596.5	10.25
2015-08-14	14.12	14.87	14.49	13.85	132670.22	0.41	2.91	13.994	13.425	13.446	88754.08	65696.82	66328.92	7.71
2015-08-13	13.97	14.1	14.08	13.5	71967.16	0.09	0.64	13.714	13.236	13.403	72101.73	55489.43	62754.74	4.18
2015-08-12	13.62	14.24	13.99	13.5	80661.79	0.2	1.45	13.434	13.128	13.344	63793.06	52892.25	62863.76	4.69
2015-08-11	13.58	13.96	13.79	13.44	77476.75	0.17	1.25	13.206	13.046	13.263	56203.59	49263.82	64177.69	4.5
2015-08-10	13.26	13.86	13.62	13.15	80994.46	0.53	4.05	13.094	12.909	13.26	51131.67	49440.29	68364.75	4.7
2015-08-07	12.86	13.24	13.09	12.86	49408.5	0.41	3.23	12.856	12.837	13.262	42639.57	47749.66	69459.96	2.87
2015-08-06	12.5	13.0	12.68	12.39	30423.79	-0.17	-1.32	12.758	12.961	13.228	38877.13	53413.15	70214.04	1.77
2015-08-05	13.25	13.37	12.85	12.81	42714.44	-0.38	-2.87	12.822	13.131	13.159	41991.44	59421.49	72990.52	2.48
2015-08-04	12.3	13.34	13.23	12.3	52117.16	0.8	6.44	12.886	13.248	13.029	42324.05	61919.2	80186.54	3.03
2015-08-03	12.58	12.7	12.43	12.0	38533.96	-0.17	-1.35	12.724	13.329	12.864	47748.91	63710.97	81300.73	2.24
2015-07-31	12.73	12.99	12.6	12.36	30596.3	-0.4	-3.08	12.818	13.466	12.793	52859.76	66961.02	85435.6	1.78
2015-07-30	13.11	13.28	13.0	12.6	45995.34	-0.17	-1.29	13.164	13.57	12.74	67949.17	70020.05	88871.01	2.67
2015-07-29	12.5	13.2	13.17	12.1	44377.47	0.75	6.04	13.44	13.56	12.73	76851.54	72835.27	91509.26	2.58
2015-07-28	11.65	12.99	12.42	11.63	79241.5	-0.48	-3.72	13.61	13.479	12.779	81514.34	79091.56	93826.37	4.6
2015-07-27	14.0	14.29	12.9	12.9	64088.19	-1.43	-9.98	13.934	13.61	12.917	79673.04	87289.2	95459.44	3.72
2015-07-24	14.41	14.5	14.33	13.81	106043.35	-0.05	-0.35	14.114	13.686	12.997	81062.27	91170.25	97583.86	6.16
2015-07-23	13.72	14.5	14.38	13.72	90507.17	0.36	2.57	13.976	13.495	13.086	72090.93	87014.94	96443.51	5.26
2015-07-22	14.0	14.14	14.02	13.52	67691.51	-0.02	-0.14	13.68	13.186	13.262	68819.01	86559.56	95907.82	3.93
2015-07-21	13.5	14.05	14.04	13.36	70034.96	0.24	1.74	13.348	12.81	13.496	76668.77	98453.89	97437.55	4.07
2015-07-20	13.65	14.11	13.8	13.36	71034.38	0.16	1.17	13.286	12.398	13.704	94905.36	98890.49	99438.17	4.13
2015-07-17	12.92	13.98	13.64	12.92	61186.62	0.74	5.74	13.258	12.12	13.954	101278.23	103910.18	102789.83	3.55
2015-07-16	12.36	13.2	12.9	11.45	74147.57	0.54	4.37	13.014	11.909	14.299	101938.95	107721.97	107023.97	4.31
2015-07-15	13.5	13.55	12.36	12.36	106940.33	-1.37	-9.98	12.692	11.899	14.695	104300.1	110183.25	110339.47	6.21
2015-07-14	14.05	14.65	13.73	13.31	161217.91	0.07	0.51	12.272	12.079	15.107	120239.0	108561.19	112576.14	9.36
2015-07-13	13.4	13.66	13.66	13.0	102898.73	1.24	9.98	11.51	12.223	15.455	102875.62	103629.67	111646.43	5.98
2015-07-10	12.0	12.42	12.42	12.0	64490.2	1.13	10.01	10.982	12.307	15.842	106542.12	103997.47	116452.14	3.75
2015-07-09	10.0	11.29	11.29	9.5	85953.34	1.03	10.04	10.804	12.676	16.269	113505.0	105872.09	120725.24	4.99
2015-07-08	8.93	10.48	10.26	8.93	186634.84	0.34	3.43	11.106	13.337	16.74	116066.39	105256.09	124436.83	10.84
2015-07-07	10.75	10.75	9.92	9.92	74400.98	-1.1	-9.98	11.886	14.181	17.25	96883.38	96421.22	121631.98	4.32
2015-07-06	12.68	12.68	11.02	10.46	121231.25	-0.51	-4.42	12.936	15.01	17.787	104383.72	99985.85	128952.89	7.04
2015-07-03	12.4	12.92	11.53	11.52	99304.59	-1.27	-9.92	13.632	15.788	18.3	101452.82	101669.49	138726.94	5.77
2015-07-02	14.09	14.29	12.8	12.74	98760.31	-1.36	-9.61	14.548	16.689	18.69	98239.18	106325.96	140233.89	5.74
2015-07-01	15.12	15.78	14.16	13.84	90719.76	-1.01	-6.66	15.568	17.491	19.027	94445.78	110495.69	144978.23	5.27
2015-06-30	14.07	15.3	15.17	13.05	111902.71	0.67	4.62	16.476	18.134	19.305	95959.06	116591.1	150579.66	6.5
2015-06-29	16.59	16.7	14.5	14.5	106576.74	-1.61	-9.99	17.084	18.687	19.469	95587.98	119663.18	151790.89	6.19
2015-06-26	17.2	17.53	16.11	16.11	83236.37	-1.79	-10.0	17.944	19.377	19.63	101886.15	128906.81	155532.32	4.83
2015-06-25	18.7	18.95	17.9	17.0	79793.3	-0.8	-4.28	18.83	19.862	19.739	114412.74	135578.38	162955.86	4.63
2015-06-24	18.06	18.81	18.7	18.06	98286.19	0.49	2.69	19.414	20.143	19.846	126545.61	143617.57	171125.22	5.71
2015-06-23	18.81	19.0	18.21	17.0	110047.29	-0.59	-3.14	19.792	20.318	19.891	137223.13	146842.74	176158.97	6.39
2015-06-19	20.0	20.1	18.8	18.49	138067.61	-1.74	-8.47	20.29	20.564	19.927	143738.38	157919.92	180471.94	8.02
2015-06-18	20.8	21.6	20.54	20.38	145869.31	-0.28	-1.34	20.81	20.811	19.909	155927.47	175784.38	185365.05	8.47
2015-06-17	20.49	20.9	20.82	19.71	140457.64	0.23	1.12	20.894	20.691	19.825	156744.03	174141.81	189159.23	8.16
2015-06-16	20.3	20.7	20.59	19.3	151673.8	-0.11	-0.53	20.872	20.562	19.668	160689.54	179460.77	193208.2	8.81
2015-06-15	21.3	21.79	20.7	20.6	142623.55	-0.7	-3.27	20.844	20.476	19.501	156462.34	184568.23	194002.56	8.28
2015-06-12	21.08	21.88	21.4	20.71	199013.03	0.44	2.1	20.838	20.251	19.319	172101.46	183918.6	197177.09	11.56
2015-06-11	20.81	20.98	20.96	20.28	149952.12	0.25	1.21	20.812	19.883	19.071	195641.3	182157.84	196082.6	8.71
2015-06-10	20.45	21.16	20.71	19.7	160185.19	0.26	1.27	20.488	19.615	18.846	191539.6	190333.33	195365.15	9.3
2015-06-09	20.42	21.12	20.45	20.29	130537.82	-0.22	-1.06	20.252	19.549	18.611	198232.01	198632.86	193054.63	7.58
2015-06-08	21.9	21.9	20.67	20.5	220819.12	-0.6	-2.82	20.108	19.464	18.401	212674.11	205475.2	192959.9	12.83
2015-06-05	19.4	21.27	21.27	19.4	316712.25	1.93	9.98	19.664	19.29	18.16	195735.74	203023.95	187292.77	18.4
2015-06-04	19.53	19.73	19.34	18.0	129443.62	-0.19	-0.97	18.954	19.006	17.868	168674.38	194945.72	176761.44	7.52
2015-06-03	20.15	20.16	19.53	19.0	193647.23	-0.2	-1.01	18.742	18.958	17.648	189127.07	204176.65	175915.76	11.25
2015-06-02	18.45	20.15	19.73	18.21	202748.34	1.28	6.94	18.846	18.773	17.479	199033.72	206955.63	172810.21	11.78
2015-06-01	17.83	18.57	18.45	17.54	136127.27	0.73	4.12	18.82	18.525	17.348	198276.29	203436.9	171206.07	7.91
2015-05-29	18.1	18.6	17.72	17.0	181405.42	-0.56	-3.06	18.916	18.387	17.267	210312.16	210435.58	170528.58	10.54
2015-05-28	19.9	20.25	18.28	18.05	231707.08	-1.77	-8.83	19.058	18.258	17.229	221217.06	210007.36	168768.4	13.46
2015-05-27	19.6	20.21	20.05	19.0	243180.47	0.45	2.3	19.174	18.076	17.764	219226.23	200396.96	159177.87	14.13
2015-05-26	18.94	19.75	19.6	18.61	198961.19	0.67	3.54	18.7	17.672	18.207	214877.55	187476.39	150044.21	11.56
2015-05-25	18.22	19.03	18.93	17.99	196306.66	0.5	2.71	18.23	17.337	18.719	208597.52	180444.6	143719.97	11.4
2015-05-22	19.13	19.22	18.43	18.01	235929.91	-0.43	-2.28	17.858	17.03	19.282	210558.99	171561.59	139634.25	13.7
2015-05-21	17.68	18.96	18.86	17.39	221752.94	1.18	6.67	17.458	16.729	19.796	198797.67	158577.16	130915.19	12.88
2015-05-20	17.26	18.02	17.68	17.0	221437.05	0.43	2.49	16.978	16.337	20.307	181567.69	147654.87	123713.29	12.86
2015-05-19	17.08	17.48	17.25	16.7	167561.02	0.18	1.05	16.644	16.185	20.877	160075.23	138664.8	116096.35	9.73
2015-05-18	16.43	17.35	17.07	16.28	206114.02	0.64	3.9	16.444	16.17	21.441	152291.68	138975.23	112482.21	11.97
2015-05-15	16.35	17.13	16.43	16.23	177123.3	-0.03	-0.18	16.202	16.146	21.978	132564.18	130621.59	104207.4	10.29
2015-05-14	15.96	16.48	16.46	15.84	135603.06	0.45	2.81	16.0	16.2	22.538	118356.66	127529.44	97197.24	7.88
2015-05-13	16.01	16.27	16.01	15.86	113974.75	-0.24	-1.48	15.696	17.452	23.095	113742.04	117958.78	92674.15	6.62
2015-05-12	16.0	16.3	16.25	15.75	128643.26	0.39	2.46	15.726	18.742	23.75	117254.36	112612.03	90240.2	7.47
2015-05-11	15.73	15.94	15.86	15.3	107476.54	0.44	2.85	15.896	20.1	24.382	125658.79	106995.34	87144.88	6.24
2015-05-08	15.03	15.54	15.42	14.9	106085.67	0.48	3.21	16.09	21.534	25.006	128679.0	107706.91	84208.14	6.16
2015-05-07	16.17	16.33	14.94	14.8	112530.0	-1.22	-7.55	16.4	22.862	25.622	136702.23	103253.22	82230.02	6.54
2015-05-06	17.18	17.19	16.16	16.1	131536.34	-0.94	-5.5	19.208	24.277	26.316	122175.51	99771.72	80002.76	7.64
2015-05-05	16.83	17.33	17.1	16.67	170665.38	0.27	1.6	21.758	25.569	26.989	107969.69	93527.91	77015.0	9.91
2015-05-04	16.97	17.44	16.83	16.58	122577.61	-0.14	-0.82	24.304	26.712	27.609	88331.89	85989.18	73139.85	7.12
2015-04-30	16.06	17.51	16.97	15.7	146201.8	0.91	5.67	26.978	27.809	28.183	86734.81	77793.21	70664.57	8.49
2015-04-29	28.9	29.28	28.98	27.9	39896.41	0.07	0.24	29.324	28.875	28.698	69804.2	66865.05	66563.87	4.17
2015-04-28	29.85	30.0	28.91	28.3	60507.25	-0.92	-3.08	29.346	28.737	28.582	77367.93	67389.52	67732.91	6.33
2015-04-27	30.18	30.88	29.83	29.53	72476.37	-0.37	-1.23	29.38	28.758	28.499	79086.12	67868.38	69180.7	7.58
2015-04-24	28.79	30.65	30.2	28.58	114592.22	1.5	5.23	29.12	28.664	28.337	83646.47	67294.42	67628.76	11.98
2015-04-23	29.01	29.09	28.7	28.61	61548.77	-0.39	-1.34	28.64	28.477	28.147	68851.61	60709.38	66494.09	6.44
2015-04-22	29.38	29.53	29.09	28.95	77715.04	0.01	0.03	28.426	28.381	28.094	63925.89	61206.82	69142.74	8.13
2015-04-21	28.51	29.23	29.08	28.1	69098.21	0.55	1.93	28.128	28.354	27.929	57411.12	60233.81	71064.25	7.22
2015-04-20	27.96	29.3	28.53	27.3	95278.13	0.73	2.63	28.136	28.409	27.715	56650.64	60502.09	71290.73	9.96
2015-04-17	28.1	28.2	27.8	27.48	40617.92	0.17	0.61	28.208	28.506	27.497	50942.36	60290.52	69277.03	4.25
2015-04-16	27.0	28.18	27.63	26.55	36920.15	0.03	0.11	28.314	28.556	27.316	52567.14	63535.93	70875.2	3.86
2015-04-15	29.12	29.14	27.6	27.3	45141.17	-1.52	-5.22	28.336	28.52	27.127	58487.75	66262.69	72326.31	4.72
2015-04-14	28.88	29.38	29.12	28.4	65295.83	0.23	0.8	28.58	28.427	26.916	63056.5	68076.29	73566.02	6.83
2015-04-13	28.38	29.48	28.89	27.87	66736.75	0.56	1.98	28.682	28.239	26.616	64353.55	70493.01	73034.01	6.98
2015-04-10	27.5	28.49	28.33	27.31	48741.82	0.59	2.13	28.804	28.01	26.299	69638.68	67963.1	70696.69	5.1
2015-04-09	28.86	29.0	27.74	26.7	66523.17	-1.08	-3.75	28.798	27.816	25.999	74504.72	72278.8	69739.71	6.96
2015-04-08	29.66	30.03	28.82	28.42	67984.94	-0.81	-2.73	28.704	27.806	25.73	74037.64	77078.66	68258.73	7.11
2015-04-07	29.45	30.43	29.63	29.01	71781.06	0.13	0.44	28.274	27.503	25.434	73096.08	81894.69	66696.98	7.51
2015-04-03	28.0	30.68	29.5	27.51	93162.41	1.2	4.24	27.796	27.021	25.11	76632.48	82079.37	65901.89	9.74
2015-04-02	27.28	28.35	28.3	27.18	73072.04	1.03	3.78	27.216	26.488	24.778	66287.52	78263.53	64047.13	7.64
2015-04-01	26.73	27.51	27.27	26.33	64187.74	0.6	2.25	26.834	26.076	24.476	70052.87	78214.46	62137.33	6.71
2015-03-31	27.24	27.36	26.67	26.65	63277.17	-0.57	-2.09	26.908	25.733	24.245	80119.68	78389.93	60707.23	6.62
2015-03-30	27.1	28.39	27.24	27.05	89463.02	0.64	2.41	26.732	25.404	24.04	90693.29	79055.75	60204.81	9.35
2015-03-27	26.37	26.7	26.6	26.31	41437.64	0.21	0.8	26.246	24.993	23.814	87526.25	75575.02	59504.16	4.33
2015-03-26	27.38	27.38	26.39	26.21	91898.77	-1.25	-4.52	25.76	24.587	23.572	90239.54	73430.28	59165.25	9.61
2015-03-25	27.0	28.37	27.64	26.01	114521.81	1.85	7.17	25.318	24.181	23.34	86376.05	67200.62	56070.87	11.97
2015-03-24	24.85	25.94	25.79	24.51	116145.21	0.98	3.95	24.558	23.653	23.04	76660.18	59438.8	52161.98	12.14
2015-03-23	24.48	24.85	24.81	24.13	73627.84	0.64	2.65	24.076	23.364	22.818	67418.21	51499.27	46388.57	7.7
2015-03-20	24.1	24.33	24.17	23.8	55004.06	-0.01	-0.04	23.74	23.199	22.644	63623.78	49724.42	43676.01	5.75
2015-03-19	23.78	24.33	24.18	23.51	72581.35	0.34	1.43	23.414	23.067	22.499	56621.02	49830.72	42172.31	7.59
2015-03-18	23.38	23.97	23.84	23.06	65942.46	0.46	1.97	23.044	22.875	22.354	48025.19	46060.2	40188.49	6.89
2015-03-17	23.15	23.72	23.38	23.0	69935.34	0.25	1.08	22.748	22.756	22.204	42217.42	43024.53	38089.66	7.31
2015-03-16	22.58	23.19	23.13	22.58	54655.68	0.59	2.62	22.652	22.675	22.054	35580.34	41353.86	35156.86	5.71
2015-03-13	22.57	22.68	22.54	22.32	19990.26	0.21	0.94	22.658	22.634	21.914	35825.06	43433.31	33175.6	2.09
2015-03-12	22.5	22.9	22.33	22.26	29602.23	-0.03	-0.13	22.72	22.557	21.804	43040.42	44900.22	32668.63	3.1
2015-03-11	22.85	23.07	22.36	22.32	36903.57	-0.54	-2.36	22.706	22.499	21.705	44095.2	44941.12	31995.64	3.86
2015-03-10	22.9	23.2	22.9	22.71	36749.95	-0.26	-1.12	22.764	22.426	21.612	43831.64	44885.16	31115.12	3.84
2015-03-09	22.53	23.21	23.16	22.51	55879.31	0.31	1.36	22.698	22.271	21.514	47127.38	41277.87	30142.74	5.84
2015-03-06	22.27	22.89	22.85	22.02	56067.05	0.59	2.65	22.61	22.088	21.399	51041.55	37627.6	28006.87	5.86
2015-03-05	22.68	22.68	22.26	22.2	34876.13	-0.39	-1.72	22.394	21.931	21.289	46760.01	34513.91	25989.24	3.65
2015-03-04	22.65	22.88	22.65	22.3	35585.75	0.08	0.35	22.292	21.833	21.223	45787.04	34316.78	25152.32	3.72
2015-03-03	22.31	23.0	22.57	22.3	53228.68	-0.15	-0.66	22.088	21.652	21.145	45938.69	33154.8	24229.24	5.57
2015-03-02	21.81	23.14	22.72	21.81	75450.12	0.95	4.36	21.844	21.432	21.083	35428.35	28959.87	23107.41	7.89
2015-02-27	21.79	22.15	21.77	21.74	34659.38	0.02	0.09	21.566	21.194	21.021	24213.65	22917.89	21743.72	3.62
2015-02-26	21.49	21.97	21.75	21.48	30011.28	0.12	0.56	21.468	21.05	20.985	22267.8	20437.05	21273.88	3.14
2015-02-25	21.4	21.8	21.63	21.22	36343.98	0.3	1.41	21.374	20.911	20.942	22846.52	19050.17	21145.99	3.8
2015-02-24	21.26	21.4	21.35	21.26	677.0	0.02	0.09	21.216	20.798	20.919	20370.91	17345.07	20968.57	0.07
2015-02-17	21.4	21.4	21.33	21.14	19376.59	0.05	0.23	21.02	20.756	20.905	22491.38	19007.61	22609.83	2.03
2015-02-16	21.4	21.41	21.28	21.1	24930.17	0.0	0.0	20.822	20.71	20.869	21622.14	18386.14	23222.14	2.61
2015-02-13	20.98	21.36	21.28	20.89	32904.88	0.44	2.11	20.632	20.647	20.802	18606.29	17464.56	23478.55	3.44
2015-02-12	20.4	20.98	20.84	20.39	23965.92	0.47	2.31	20.448	20.613	20.76	15253.81	15987.86	22957.76	2.51
2015-02-11	20.3	20.44	20.37	20.24	11279.34	0.03	0.15	20.38	20.637	20.736	14319.24	15303.68	22533.95	1.18
2015-02-10	20.34	20.44	20.34	20.19	15030.37	0.01	0.05	20.492	20.734	20.723	15523.83	17254.94	22888.04	1.57
2015-02-09	20.22	20.49	20.33	20.19	9850.94	-0.03	-0.15	20.598	20.847	20.727	15150.15	20569.54	23035.03	1.03
2015-02-06	20.5	20.73	20.36	20.3	16142.49	-0.14	-0.68	20.662	20.92	20.722	16322.84	22110.7	23773.75	1.69
2015-02-05	21.1	21.17	20.5	20.5	19293.04	-0.43	-2.05	20.778	20.973	20.756	16721.91	23241.82	24345.69	2.02
2015-02-04	21.1	21.21	20.93	20.9	17302.33	0.06	0.29	20.894	21.04	20.809	16288.12	24592.07	25337.84	1.81
2015-02-03	20.65	20.94	20.87	20.62	13161.93	0.22	1.06	20.976	21.053	20.83	18986.05	26212.06	25940.73	1.38
2015-02-02	20.9	20.9	20.65	20.49	15714.39	-0.29	-1.39	21.096	21.028	20.871	25988.94	28058.14	28154.46	1.64
2015-01-30	21.08	21.26	20.94	20.92	18137.84	-0.14	-0.66	21.178	20.956	20.88	27898.57	29492.53	29246.55	1.9
2015-01-29	21.02	21.24	21.08	20.96	17124.1	-0.26	-1.22	21.168	20.907	20.863	29761.73	29927.66	29369.91	1.79
2015-01-28	21.4	21.6	21.34	21.26	30792.01	-0.13	-0.6	21.186	20.834	20.837	32896.01	29764.22	30053.92	3.22
2015-01-27	21.06	21.5	21.47	20.79	48176.35	0.41	1.95	21.13	20.711	20.839	33438.07	28521.14	31975.56	5.04
2015-01-26	20.75	21.15	21.06	20.75	25262.56	0.17	0.81	20.96	20.606	20.777	30127.35	25500.51	31457.98	2.64
2015-01-23	21.17	21.36	20.89	20.81	27453.61	-0.28	-1.32	20.734	20.523	20.759	31086.5	25436.79	31840.73	2.87
2015-01-22	21.2	21.24	21.17	20.79	32795.53	0.11	0.52	20.646	20.539	20.762	30093.59	25449.57	32733.27	3.43
2015-01-21	20.68	21.1	21.06	20.61	33502.28	0.44	2.13	20.482	20.577	20.703	26632.43	26083.62	33090.5	3.5
2015-01-20	19.93	20.65	20.62	19.93	31622.77	0.69	3.46	20.292	20.606	20.645	23604.21	25669.4	35363.62	3.31
2015-01-19	19.84	20.35	19.93	19.51	30058.29	-0.52	-2.54	20.252	20.714	20.717	20873.67	28250.78	38966.8	3.14
2015-01-16	20.37	20.51	20.45	20.1	22489.08	0.1	0.49	20.312	20.804	20.93	19787.08	29000.56	47555.74	2.35
2015-01-15	20.17	20.47	20.35	20.17	15489.74	0.24	1.19	20.432	20.818	21.172	20805.56	28812.15	50427.44	1.62
2015-01-14	20.36	20.59	20.11	20.01	18361.17	-0.31	-1.52	20.672	20.839	21.382	25534.81	30343.63	51261.22	1.92
2015-01-13	20.6	20.6	20.42	20.21	17970.06	0.19	0.94	20.92	20.966	21.625	27734.6	35429.99	52940.21	1.88
2015-01-12	21.05	21.05	20.23	20.2	24625.37	-0.82	-3.9	21.176	20.948	21.844	35627.89	37415.45	54853.99	2.57
2015-01-09	21.55	21.75	21.05	21.05	27581.44	-0.5	-2.32	21.296	20.995	22.04	38214.04	38244.67	55475.31	2.88
2015-01-08	21.36	21.98	21.55	21.36	39135.99	0.2	0.94	21.204	20.984	22.189	36818.75	40016.97	56628.06	4.09
2015-01-07	21.65	21.65	21.35	21.0	29360.13	-0.35	-1.61	21.006	20.829	22.352	35152.44	40097.38	59422.69	3.07
2015-01-06	20.97	22.3	21.7	20.97	57436.5	0.87	4.18	21.012	20.684	22.492	43125.38	45057.83	60295.09	6.01
2015-01-05	20.59	20.99	20.83	20.2	37556.13	0.24	1.17	20.72	20.72	22.621	39203.0	49682.82	61737.34	3.93
2014-12-31	20.47	20.96	20.59	20.18	20605.01	0.03	0.15	20.694	21.055	22.84	38275.31	66110.91	66758.26	2.15
2014-12-30	21.15	21.36	20.56	20.46	30804.45	-0.82	-3.83	20.764	21.525	23.0	43215.19	72042.73	69900.59	3.22
2014-12-29	19.81	22.19	21.38	19.8	69224.82	1.14	5.63	20.652	21.925	23.154	45042.32	72178.83	70197.02	7.24
2014-12-26	20.8	20.85	20.24	20.03	37824.61	-0.46	-2.22	20.356	22.284	23.233	46990.27	70450.43	68274.62	3.95
2014-12-25	21.34	21.36	20.7	20.5	32917.66	-0.24	-1.15	20.72	22.739	23.379	60162.64	72292.54	68591.57	3.44
2014-12-24	20.3	21.31	20.94	20.25	45304.4	0.94	4.7	21.416	23.084	23.522	93946.52	72705.94	69249.23	4.74
2014-12-23	19.61	20.48	20.0	19.5	39940.11	0.1	0.5	22.286	23.393	23.65	100870.27	73239.16	69560.16	4.18
2014-12-22	22.1	22.38	19.9	19.85	78964.58	-2.16	-9.79	23.198	23.875	23.832	99315.33	78748.0	72952.46	8.26
2014-12-19	24.13	24.15	22.06	21.88	103686.45	-2.12	-8.77	24.212	24.299	24.01	93910.59	75532.35	72392.69	10.84
2014-12-18	26.0	26.7	24.18	23.77	201837.05	-1.11	-4.39	24.758	24.522	24.046	84422.44	73791.86	68375.97	21.1
2014-11-21	24.56	25.58	25.29	24.55	79923.18	0.73	2.97	24.752	24.624	23.944	51465.36	67405.61	58995.1	8.36
2014-11-20	24.76	24.81	24.56	24.51	32165.39	-0.41	-1.64	24.5	24.474	23.776	45608.04	67758.44	55837.57	3.36
2014-11-19	24.8	25.05	24.97	24.44	51940.9	0.18	0.73	24.552	24.383	23.639	58180.67	68215.21	55793.67	5.43
2014-11-18	24.15	24.9	24.79	24.01	56245.68	0.64	2.65	24.386	24.182	23.517	57154.11	66098.81	54644.28	5.88
2014-11-17	24.11	24.32	24.15	23.79	37051.64	0.12	0.5	24.286	24.019	23.42	63161.29	64890.61	52954.2	3.87
2014-11-14	24.67	24.67	24.03	23.9	50636.58	-0.79	-3.18	24.496	23.959	23.36	83345.87	65792.52	52360.24	5.29
2014-11-13	24.09	24.98	24.82	23.78	95028.54	0.68	2.82	24.448	23.906	23.283	89908.85	65881.16	51773.97	9.94
2014-11-12	24.25	24.48	24.14	23.71	46808.1	-0.15	-0.62	24.214	23.789	23.192	78249.74	67156.93	48989.38	4.89
2014-11-11	24.91	25.13	24.29	23.86	86281.58	-0.91	-3.61	23.978	23.72	23.157	75043.5	69253.03	48796.81	9.02
2014-11-10	24.5	25.97	25.2	24.3	137974.56	1.41	5.93	23.752	23.57	23.124	66619.93	62960.08	47695.56	14.43
2014-11-07	23.65	24.22	23.79	23.5	83451.46	0.14	0.59	23.422	23.263	23.079	48239.17	50584.58	43664.36	8.73
2014-11-06	22.98	23.75	23.65	22.75	36733.02	0.69	3.0	23.364	23.078	23.104	41853.47	43916.7	43945.34	3.84
2014-11-05	23.2	23.28	22.96	22.82	30776.89	-0.2	-0.86	23.364	22.895	23.136	56064.11	43372.14	48393.01	3.22
2014-11-04	23.64	23.98	23.16	22.9	44163.72	-0.39	-1.66	23.462	22.851	23.152	63462.55	43189.76	50001.87	4.62
2014-11-03	23.49	23.89	23.55	23.41	46070.76	0.05	0.21	23.388	22.82	23.156	59300.22	41017.8	52772.95	4.82
2014-10-31	23.64	24.0	23.5	23.28	51522.94	-0.15	-0.63	23.104	22.761	23.101	52929.99	38927.96	53059.3	5.39
2014-10-30	23.22	24.15	23.65	23.22	107786.23	0.2	0.85	22.792	22.66	23.04	45979.92	37666.79	52605.27	11.27
2014-10-29	22.79	23.46	23.45	22.59	67769.1	0.66	2.9	22.426	22.594	22.953	30680.17	30821.83	49856.47	7.09
2014-10-28	22.16	22.79	22.79	22.16	23352.08	0.66	2.98	22.24	22.593	22.896	22916.97	28340.59	49609.88	2.44
2014-10-27	21.9	22.25	22.13	21.61	14219.59	0.19	0.87	22.252	22.677	22.867	22735.37	32431.04	51676.36	1.49
2014-10-24	21.81	22.11	21.94	21.74	16772.62	0.12	0.55	22.418	22.894	22.86	24925.93	36744.14	53332.78	1.75
2014-10-23	22.53	22.73	21.82	21.7	31287.45	-0.7	-3.11	22.528	23.13	22.847	29353.66	43973.98	54090.28	3.27
2014-10-22	22.88	23.2	22.52	22.51	28953.12	-0.33	-1.44	22.762	23.376	22.826	30963.49	53413.89	54140.62	3.03
2014-10-21	23.07	23.2	22.85	22.8	22444.08	-0.11	-0.48	22.946	23.453	22.783	33764.22	56813.98	54669.41	2.35
2014-10-20	22.51	22.98	22.96	22.41	25172.39	0.47	2.09	23.102	23.491	22.718	42126.71	64528.09	57313.68	2.63
2014-10-17	22.9	23.15	22.49	22.1	38911.25	-0.5	-2.17	23.37	23.44	22.705	48562.34	67190.64	60565.31	4.07
2014-10-16	23.1	23.35	22.99	22.97	39336.59	-0.45	-1.92	23.732	23.419	22.705	58594.3	67543.74	64416.1	4.11
2014-10-15	23.63	23.86	23.44	22.99	42956.77	-0.19	-0.8	23.99	23.311	22.64	75864.29	68891.1	65768.24	4.49
2014-10-14	24.0	24.58	23.63	23.51	64256.55	-0.67	-2.76	23.96	23.199	22.557	79863.74	70879.17	65826.14	6.72
2014-10-13	24.29	24.36	24.3	23.76	57350.55	0.0	0.0	23.88	23.057	22.457	86929.48	70921.68	64374.54	6.0
2014-10-10	24.0	24.67	24.3	23.75	89071.05	0.02	0.08	23.51	22.825	22.321	85818.94	69921.42	63855.3	9.31
2014-10-09	23.29	24.8	24.28	22.95	125686.53	0.99	4.25	23.106	22.564	22.195	76493.18	64206.57	62370.44	13.14
2014-10-08	23.23	23.44	23.29	22.8	62954.04	0.06	0.26	22.632	22.276	22.063	61917.92	54867.35	58514.83	6.58
2014-09-30	22.46	23.96	23.23	22.38	99585.23	0.78	3.47	22.438	22.113	21.97	61894.59	52524.84	57267.28	10.41
2014-09-29	22.31	22.56	22.45	22.24	51797.83	0.17	0.76	22.234	21.945	21.862	54913.87	50099.27	53432.58	5.42
2014-09-26	21.85	22.35	22.28	21.65	42442.25	0.37	1.69	22.14	21.97	21.777	54023.91	53939.98	52367.04	4.44
2014-09-25	22.33	22.44	21.91	21.85	52810.24	-0.41	-1.84	22.022	21.991	21.706	51919.97	61288.46	53116.68	5.52
2014-09-24	22.14	22.48	22.32	21.85	62837.39	0.11	0.49	21.92	21.968	21.63	47816.78	62645.37	51793.01	6.82
2014-09-23	22.04	22.45	22.21	22.03	64681.64	0.23	1.05	21.788	21.915	21.54	43155.09	60773.11	50553.45	7.02
2014-09-22	21.5	22.06	21.98	21.45	47348.03	0.29	1.34	21.656	21.856	21.495	45284.67	57827.4	48834.53	5.14
2014-09-19	21.45	21.77	21.69	21.22	31922.54	0.29	1.35	21.8	21.816	21.478	53856.05	57789.18	48493.06	3.47
2014-09-18	21.57	21.6	21.4	21.22	32294.32	-0.26	-1.2	21.96	21.825	21.476	70656.95	60534.3	48814.44	3.51
2014-09-17	21.42	21.74	21.66	21.04	39528.91	0.11	0.51	22.016	21.85	21.494	77473.96	62162.3	49455.91	4.29
2014-09-16	22.87	22.88	21.55	21.5	75329.54	-1.15	-5.07	22.042	21.826	21.506	78391.14	62009.71	50859.42	8.18
2014-09-15	22.5	22.93	22.7	22.23	90204.94	0.21	0.93	22.056	21.779	21.499	70370.13	56765.88	48926.2	9.79
2014-09-12	21.75	22.85	22.49	21.6	115927.03	0.81	3.74	21.832	21.584	21.425	61722.3	50794.09	46243.67	12.58
2014-09-11	21.86	21.97	21.68	21.58	66379.38	-0.11	-0.51	21.69	21.421	21.359	50411.66	44944.9	43386.45	7.21
2014-09-10	21.62	21.79	21.79	21.41	44114.79	0.17	0.79	21.684	21.292	21.363	46850.64	40940.65	45859.47	4.79
2014-09-09	21.57	21.71	21.62	21.47	35224.53	0.04	0.18	21.61	21.165	21.355	45628.29	40333.78	47306.47	3.82
2014-09-05	21.78	21.85	21.58	21.46	46965.77	-0.2	-0.92	21.502	21.133	21.329	43161.63	39841.66	47262.78	5.1
2014-09-04	21.8	21.87	21.78	21.46	59373.81	0.13	0.6	21.336	21.14	21.302	39865.88	39196.95	46600.54	6.45
2014-09-03	21.45	21.84	21.65	21.4	48574.31	0.23	1.07	21.152	21.126	21.27	39478.14	37094.58	47307.33	5.27
2014-09-02	21.1	21.47	21.42	21.1	38003.02	0.34	1.61	20.9	21.138	21.233	35030.65	36749.52	46941.0	4.13
2014-09-01	20.7	21.09	21.08	20.56	22891.25	0.33	1.59	20.72	21.185	21.205	35039.28	39709.12	47011.34	2.48
2014-08-29	20.83	20.86	20.75	20.36	30487.02	-0.11	-0.53	20.764	21.218	21.197	36521.68	41086.51	47936.24	3.31
2014-08-28	20.39	21.95	20.86	20.3	57435.11	0.47	2.31	20.944	21.265	21.187	38528.01	41693.25	49809.74	6.23
2014-08-27	20.5	20.7	20.39	20.33	26336.86	-0.13	-0.63	21.1	21.297	21.203	34711.02	41828.0	52099.51	2.86
2014-08-26	21.47	21.64	20.52	20.37	38046.15	-0.78	-3.66	21.376	21.434	21.264	38468.38	50778.29	59787.69	4.13
2014-08-25	21.64	21.68	21.3	21.29	30303.28	-0.35	-1.62	21.65	21.545	21.221	44378.97	54279.15	59830.99	3.29
2014-08-22	21.64	21.93	21.65	21.45	40518.65	0.01	0.05	21.672	21.525	21.14	45651.34	54683.91	60621.13	4.4
2014-08-21	21.8	21.94	21.64	21.34	38350.16	-0.13	-0.6	21.586	21.463	21.006	44858.49	54004.13	59687.37	4.16
2014-08-20	22.0	22.02	21.77	21.66	45123.67	-0.12	-0.55	21.494	21.414	20.853	48944.99	57520.07	59294.64	4.9
2014-08-19	21.47	21.99	21.89	21.4	67599.08	0.48	2.24	21.492	21.328	20.713	63088.2	57132.47	58437.33	7.34
2014-08-18	21.13	21.48	21.41	21.13	36665.14	0.19	0.9	21.44	21.224	20.566	64179.33	54313.56	56915.95	3.98
2014-08-15	21.0	21.39	21.22	20.88	36554.41	0.04	0.19	21.378	21.176	20.445	63716.48	54785.97	57084.17	3.97
2014-08-14	21.51	21.55	21.18	21.16	58782.64	-0.58	-2.67	21.34	21.109	20.377	63149.78	57926.22	56396.83	6.38
2014-08-13	22.03	22.5	21.76	21.5	115839.74	0.13	0.6	21.334	21.108	20.321	66095.15	62371.01	54693.46	12.57
2014-08-12	21.11	21.75	21.63	20.72	73054.72	0.53	2.51	21.164	21.094	20.253	51176.75	68797.08	50770.5	7.93
2014-08-11	21.25	21.29	21.1	20.86	34350.89	0.07	0.33	21.008	20.896	20.171	44447.79	65382.83	48600.09	3.73
2014-08-08	20.96	21.31	21.03	20.83	33720.9	-0.12	-0.57	20.974	20.754	20.119	45855.45	66558.36	49017.84	3.66
2014-08-07	20.92	21.78	21.15	20.74	73509.5	0.24	1.15	20.878	20.549	20.079	52702.66	65370.6	49034.49	7.98
2014-08-06	20.9	21.26	20.91	20.75	41247.72	0.06	0.29	20.882	20.292	20.027	58646.87	61069.21	46525.78	4.48
2014-08-05	21.06	21.06	20.85	20.56	39409.92	-0.08	-0.38	21.024	20.097	19.984	86417.41	59742.2	46304.93	4.28
2014-08-04	20.43	20.96	20.93	20.38	41389.21	0.38	1.85	20.784	19.908	19.978	86317.88	59518.34	46185.82	4.49
2014-08-01	20.99	20.99	20.55	20.36	67956.97	-0.62	-2.93	20.534	19.714	19.95	87261.26	59382.37	46355.77	7.38
2014-07-31	21.58	21.58	21.17	20.89	103230.55	-0.45	-2.08	20.22	19.645	19.969	78038.53	54867.43	44711.54	11.21
2014-07-30	19.66	21.62	21.62	19.6	180100.42	1.97	10.03	19.702	19.533	19.951	63491.55	47015.9	41866.29	19.55
2014-07-29	19.74	19.8	19.65	19.46	38912.25	-0.03	-0.15	19.17	19.411	19.923	33066.98	32743.92	35269.33	4.22
2014-07-28	19.2	19.75	19.68	19.0	46106.11	0.7	3.69	19.032	19.446	20.007	32718.8	31817.34	35983.34	5.0
2014-07-25	18.58	19.0	18.98	18.5	21843.31	0.4	2.15	18.894	19.483	20.083	31503.48	31477.33	36015.08	2.37
2014-07-24	18.97	19.1	18.58	18.3	30495.68	-0.38	-2.0	19.07	19.609	20.197	31696.33	32698.38	37902.62	3.31
2014-07-23	18.85	19.4	18.96	18.82	27977.53	0.0	0.0	19.364	19.762	20.343	30540.25	31982.36	39946.92	3.04
2014-07-22	19.05	19.09	18.96	18.69	37171.36	-0.03	-0.16	19.652	19.871	20.462	32420.86	32867.66	41570.46	4.04
2014-07-21	19.8	19.81	18.99	18.77	40029.51	-0.87	-4.38	19.86	20.048	20.574	30915.88	32853.3	42807.24	4.35
2014-07-18	20.01	20.06	19.86	19.82	22807.59	-0.19	-0.95	20.072	20.186	20.666	31451.19	33329.18	43819.27	2.48
2014-07-17	20.38	20.38	20.05	20.0	24715.28	-0.35	-1.72	20.148	20.293	20.699	33700.43	34555.66	45767.57	2.68
2014-07-16	19.99	20.4	20.4	19.8	37380.56	0.4	2.0	20.16	20.369	20.714	33424.46	36716.68	50609.13	4.06
2014-07-15	20.13	20.34	20.0	19.91	29646.44	-0.05	-0.25	20.09	20.435	20.813	33314.47	37794.74	53512.85	3.22
2014-07-14	20.22	20.27	20.05	19.6	42706.07	-0.19	-0.94	20.236	20.568	20.988	34790.72	40149.34	57054.87	4.64
2014-07-11	20.27	20.64	20.24	20.03	34053.81	0.13	0.65	20.3	20.683	21.154	35207.17	40552.83	61445.84	3.7
2014-07-10	20.16	20.37	20.11	20.05	23335.4	0.06	0.3	20.438	20.784	21.3	35410.89	43106.85	66645.1	2.53
2014-07-09	20.72	20.88	20.05	20.05	36830.61	-0.68	-3.28	20.578	20.923	21.478	40008.9	47911.49	75319.38	4.0
2014-07-08	20.38	20.73	20.73	20.08	37027.73	0.36	1.77	20.78	21.053	21.637	42275.02	50273.26	79955.5	4.02
2014-07-07	20.86	20.88	20.37	20.2	44788.3	-0.56	-2.68	20.9	21.099	21.79	45507.95	52761.18	87331.82	4.86
2014-07-04	20.81	21.19	20.93	20.81	35072.39	0.12	0.58	21.066	21.145	21.914	45898.49	54309.37	94037.19	3.81
2014-07-03	21.06	21.06	20.81	20.72	46325.49	-0.25	-1.19	21.13	21.105	22.057	50802.82	56979.49	106828.97	5.03
2014-07-02	21.19	21.3	21.06	20.89	48161.2	-0.27	-1.27	21.268	21.058	22.223	55814.07	64501.58	115687.09	5.23
2014-07-01	21.0	21.8	21.33	21.0	53192.37	0.13	0.61	21.326	21.19	22.267	58271.51	69230.95	122403.28	5.77
2014-06-30	21.0	21.3	21.2	20.68	46741.01	-0.05	-0.23	21.298	21.407	22.305	60014.4	73960.4	132614.99	5.07
2014-06-27	21.51	21.63	21.25	20.83	59594.02	-0.25	-1.16	21.224	21.625	22.353	62720.24	82338.86	148805.22	6.47
2014-06-26	21.6	21.94	21.5	21.36	71381.73	0.15	0.7	21.08	21.815	22.297	63156.16	90183.35	155517.71	7.75
2014-06-25	21.26	21.66	21.35	21.05	60448.4	0.16	0.76	20.848	22.033	22.138	73189.1	102727.27	157222.83	6.56
2014-06-24	20.84	21.45	21.19	20.5	61906.84	0.36	1.73	21.054	22.22	21.996	80190.39	109637.73	161693.8	6.72
2014-06-23	20.61	20.95	20.83	20.6	60270.23	0.3	1.46	21.516	22.481	21.801	87906.4	121902.47	162277.78	6.54
2014-06-20	20.05	20.58	20.53	20.03	61773.61	0.19	0.93	22.026	22.682	22.517	101957.47	133765.02	161282.06	6.71
2014-06-19	22.38	22.38	20.34	20.14	121546.41	-2.04	-9.12	22.55	23.009	23.294	117210.54	156678.45	161832.8	13.19
2014-06-18	23.28	23.4	22.38	22.37	95454.86	-1.12	-4.77	23.218	23.388	24.016	132265.44	166872.6	158355.61	10.36
2014-06-17	23.15	23.78	23.5	22.8	100486.91	0.12	0.51	23.386	23.344	24.546	139085.07	175575.61	154308.15	10.91
2014-06-16	23.5	24.07	23.38	23.2	130525.55	0.23	0.99	23.446	23.203	24.979	155898.54	191269.59	149618.42	14.17
2014-06-13	23.2	23.36	23.15	22.8	138038.98	-0.53	-2.24	23.338	23.08	25.409	165572.57	215271.59	143458.78	14.98
2014-06-12	22.88	24.8	23.68	22.7	196820.91	0.46	1.98	23.468	22.779	25.862	196146.35	220852.07	137131.54	21.37
2014-06-11	23.5	23.5	23.22	22.75	129553.0	-0.58	-2.44	23.558	22.242	26.32	201479.75	211718.4	127735.94	14.06
2014-06-10	22.81	24.3	23.8	22.51	184554.27	0.96	4.2	23.302	21.771	26.827	212066.16	213749.87	122230.26	20.03
2014-06-09	23.0	23.47	22.84	22.33	178895.7	-0.96	-4.03	22.96	21.12	27.26	226640.63	202653.09	113581.32	19.42
2014-06-06	25.35	25.99	23.8	23.73	290907.88	-0.33	-1.37	22.822	22.351	27.732	264970.61	188799.1	104979.34	31.58
2014-06-05	21.78	24.13	24.13	21.46	223487.92	2.19	9.98	22.09	23.579	28.153	245557.79	166987.15	91135.38	24.26
2014-06-04	21.87	22.03	21.94	21.11	182485.02	-0.15	-0.68	20.926	24.643	28.541	221957.04	149838.63	80632.6	19.81
2014-06-03	22.61	22.8	22.09	21.45	257426.62	-0.06	-0.27	20.24	25.747	29.081	215433.59	133040.69	72330.6	27.94
2014-05-30	20.75	22.15	22.15	20.55	370545.59	2.01	9.98	19.28	26.754	29.536	178665.55	107967.25	59758.79	40.22
2014-05-29	18.4	20.14	20.14	18.32	193843.81	1.83	9.99	21.88	27.737	29.99	112627.6	71645.98	41621.81	21.04
2014-05-28	18.08	18.44	18.31	17.62	105484.17	-0.2	-1.08	25.068	28.945	30.544	88416.51	53411.01	32302.84	11.45
2014-05-27	17.35	18.89	18.51	17.33	149867.75	1.22	7.06	28.36	30.397	31.12	77720.21	43753.48	27376.19	16.27
2014-05-26	17.45	17.93	17.29	17.11	73586.42	-0.23	-1.31	31.254	31.883	31.738	50647.78	30710.65	20319.48	7.99
2014-05-23	35.96	36.0	35.15	34.31	40355.86	-0.93	-2.58	34.228	33.399	32.409	37268.95	24509.55	17010.33	8.76
2014-05-22	35.02	37.85	36.08	35.0	72788.36	1.31	3.77	33.594	33.112	32.219	30664.35	21159.57	15469.27	15.8
2014-05-21	33.24	35.89	34.77	33.2	52002.67	1.79	5.43	32.822	32.727	31.985	18405.5	15283.61	12935.0	11.29
2014-05-20	32.35	33.05	32.98	32.35	14505.61	0.82	2.55	32.434	32.438	31.875	9786.74	11426.57	11158.71	3.15
2014-05-19	32.0	32.3	32.16	31.58	6692.27	0.18	0.56	32.512	32.414	31.881	10773.52	11620.51	11506.77	1.45
2014-05-16	32.2	32.21	31.98	31.42	7332.83	-0.24	-0.74	32.57	32.318	31.973	11750.15	11550.33	13235.77	1.59
2014-05-15	32.83	33.12	32.22	32.2	11494.12	-0.61	-1.86	32.63	32.242	32.08	11654.8	11597.65	14598.46	2.5
2014-05-14	33.12	33.28	32.83	32.72	8908.88	-0.54	-1.62	32.632	32.143	32.128	12161.71	11194.68	15973.2	1.93
2014-05-13	32.61	33.6	33.37	32.41	19439.48	0.92	2.83	32.442	31.843	32.123	13066.39	10998.9	16493.3	4.22
2014-05-12	32.33	32.85	32.45	32.32	11575.44	0.26	0.81	32.316	31.593	31.998	12467.5	9928.31	15871.39	2.51
2014-05-09	32.03	32.58	32.28	31.55	6856.08	0.05	0.15	32.066	31.419	31.921	11350.51	9511.12	15735.54	1.49
2014-05-08	31.83	32.98	32.23	31.82	14028.69	0.35	1.1	31.854	31.326	31.828	11540.49	9778.96	15749.29	3.05
2014-05-07	32.7	32.7	31.88	31.88	13432.28	-0.86	-2.63	31.654	31.243	31.718	10227.64	10586.39	15437.16	2.92
2014-05-06	31.47	32.84	32.74	31.11	16445.01	1.54	4.94	31.244	31.311	31.599	8931.4	10890.85	15141.02	3.57
2014-05-05	31.22	31.23	31.2	30.6	5990.51	-0.02	-0.06	30.87	31.347	31.437	7389.12	11393.03	14517.39	1.3
2014-04-30	31.45	31.47	31.22	31.03	7805.98	-0.01	-0.03	30.772	31.628	31.362	7671.72	14921.2	14452.38	1.69
2014-04-29	29.81	31.45	31.23	29.81	7464.41	1.4	4.69	30.798	31.917	31.276	8017.42	17599.28	14397.38	1.62
2014-04-28	30.48	30.86	29.83	29.8	6951.1	-1.04	-3.37	30.832	32.113	31.172	10945.14	20751.73	14219.74	1.51
2014-04-25	30.51	31.54	30.87	30.51	8733.59	0.16	0.52	31.378	32.403	31.129	12850.3	21987.71	14304.8	1.9
2014-04-24	31.3	31.43	30.71	30.7	7403.52	-0.64	-2.04	31.824	32.403	31.088	15396.93	21814.47	14079.83	1.61
2014-04-23	31.11	31.54	31.35	30.91	9534.49	-0.05	-0.16	32.484	32.422	31.083	22170.68	21959.97	13874.57	2.07
2014-04-22	32.22	32.6	31.4	30.89	22102.99	-1.16	-3.56	33.036	32.329	31.043	27181.14	21719.62	13627.65	4.8
2014-04-21	32.56	33.25	32.56	32.45	16476.92	-0.54	-1.63	33.394	32.192	30.991	30558.32	20287.93	12774.0	3.58
2014-04-18	34.0	34.0	33.1	32.92	21466.74	-0.91	-2.68	33.428	31.886	30.898	31125.11	19391.19	12219.11	4.66
2014-04-17	36.0	36.0	34.01	34.0	41272.25	-0.1	-0.29	32.982	31.526	30.737	28232.0	17641.75	11397.36	8.96
2014-04-16	32.54	34.59	34.11	32.5	34586.8	0.92	2.77	32.36	31.095	30.565	21749.27	13983.55	9590.66	7.51
2014-04-15	32.9	34.67	33.19	32.51	38988.9	0.46	1.41	31.622	30.634	30.405	16258.09	11195.47	8120.97	8.46
2014-04-14	31.68	33.25	32.73	30.88	19310.85	1.86	6.03	30.99	30.23	30.296	10017.53	7687.75	6417.85	4.19
2014-04-11	30.95	30.95	30.87	30.51	7001.22	-0.03	-0.1	30.344	29.855	30.182	7657.26	6621.9	5666.77	1.52
2014-04-10	30.42	31.1	30.9	30.21	8858.56	0.48	1.58	30.07	29.773	30.171	7051.49	6345.2	5521.88	1.92
2014-04-09	30.03	30.88	30.42	29.91	7130.94	0.39	1.3	29.83	29.744	30.137	6217.84	5789.16	5414.08	1.55
2014-04-08	29.3	30.04	30.03	29.09	7786.09	0.53	1.8	29.646	29.758	30.151	6132.85	5535.68	5339.95	1.69
2014-04-04	29.52	29.65	29.5	28.99	7509.5	0.0	0.0	29.47	29.79	30.186	5357.97	5260.06	5340.47	1.63
2014-04-03	29.8	30.0	29.5	29.45	3972.35	-0.2	-0.67	29.366	29.91	30.307	5586.54	5047.04	5404.05	0.86
2014-04-02	29.45	29.99	29.7	29.27	4690.31	0.2	0.68	29.476	29.948	30.414	5638.91	5152.96	5488.49	1.02
2014-04-01	29.14	29.69	29.5	28.7	6706.0	0.35	1.2	29.658	30.034	30.509	5360.48	5197.77	5566.42	1.46
2014-03-31	28.72	29.47	29.15	28.7	3911.69	0.17	0.59	29.87	30.175	30.614	4938.5	5046.47	5655.28	0.85
2014-03-28	30.05	30.39	28.98	28.98	8652.37	-1.07	-3.56	30.11	30.361	30.769	5162.16	5147.95	5944.54	1.88
2014-03-27	30.42	30.78	30.05	30.05	4234.19	-0.56	-1.83	30.454	30.508	30.925	4507.54	4711.64	5977.35	0.92
2014-03-26	30.38	30.8	30.61	30.38	3298.16	0.05	0.16	30.42	30.569	30.962	4667.02	4698.56	6189.13	0.72
2014-03-25	30.31	30.99	30.56	30.13	4596.1	0.21	0.69	30.41	30.53	31.002	5035.07	5039.0	6511.35	1.0
2014-03-24	30.9	31.01	30.35	30.28	5029.97	-0.35	-1.14	30.48	30.544	31.023	5154.44	5144.22	7181.24	1.09
2014-03-21	29.9	30.78	30.7	29.8	5379.28	0.82	2.74	30.612	30.581	31.166	5133.74	5420.88	7411.4	1.17
2014-03-20	30.56	30.57	29.88	29.88	5031.57	-0.68	-2.23	30.562	30.703	31.276	4915.75	5761.06	8215.61	1.09
2014-03-19	30.91	30.91	30.56	30.27	5138.42	-0.35	-1.13	30.718	30.88	31.497	4730.11	5824.02	9826.54	1.12
2014-03-18	31.02	31.4	30.91	30.85	5192.97	-0.1	-0.32	30.65	30.984	31.646	5042.93	5935.06	10331.1	1.13
2014-03-17	30.7	31.04	31.01	30.48	4926.48	0.56	1.84	30.608	31.053	31.794	5134.0	6264.09	10988.27	1.07
2014-03-14	30.6	30.66	30.45	30.16	4289.31	-0.21	-0.69	30.55	31.176	31.964	5708.01	6741.14	11960.31	0.93
2014-03-13	30.25	30.78	30.66	30.1	4103.39	0.44	1.46	30.844	31.341	32.151	6606.37	7243.05	13083.07	0.89
2014-03-12	30.7	30.8	30.22	30.01	6702.51	-0.48	-1.56	31.042	31.355	32.279	6917.93	7679.7	14134.44	1.46
2014-03-11	30.85	31.17	30.7	30.5	5648.29	-0.02	-0.07	31.318	31.473	32.41	6827.2	7983.71	14693.46	1.23
2014-03-10	31.7	31.7	30.72	30.5	7796.53	-1.2	-3.76	31.498	31.501	32.517	7394.18	9218.25	15378.07	1.69
2014-03-07	31.55	32.56	31.92	31.55	8781.11	0.27	0.85	31.802	31.751	32.604	7774.26	9401.93	15839.72	1.91
2014-03-06	31.6	31.86	31.65	31.01	5661.21	0.05	0.16	31.838	31.849	32.569	7879.74	10670.17	15768.97	1.23
2014-03-05	31.65	31.96	31.6	31.49	6248.84	0.0	0.0	31.668	32.114	32.545	8441.47	13829.05	15773.44	1.36
2014-03-04	32.03	32.03	31.6	31.23	8483.2	-0.64	-1.99	31.628	32.307	32.542	9140.22	14727.14	15727.23	1.84
2014-03-03	32.1	32.48	32.24	31.7	9696.96	0.14	0.44	31.504	32.535	32.513	11042.33	15712.45	15650.76	2.11
2014-02-28	30.65	32.38	32.1	30.41	9308.48	1.3	4.22	31.7	32.751	32.466	11029.59	17179.49	15695.86	2.02
2014-02-27	31.7	31.84	30.8	30.8	8469.87	-0.6	-1.91	31.86	32.96	32.448	13460.61	18923.09	15816.85	1.84
2014-02-26	30.8	31.53	31.4	30.3	9742.57	0.42	1.36	32.56	33.203	32.474	19216.64	20589.19	15902.9	2.12
2014-02-25	33.22	33.42	30.98	30.17	17993.77	-2.24	-6.74	32.986	33.346	32.463	20314.07	21403.21	15867.39	3.91
2014-02-24	32.6	33.28	33.22	32.41	9633.27	0.32	0.97	33.566	33.532	32.438	20382.57	21537.88	15192.82	2.09
2014-02-21	34.3	34.49	32.9	32.78	21463.55	-1.4	-4.08	33.802	33.456	32.292	23329.39	22277.51	15067.04	4.66
2014-02-20	34.5	36.4	34.3	34.19	37250.02	0.77	2.3	34.06	33.289	32.203	24385.58	20867.76	14442.28	8.09
2014-02-19	33.8	34.1	33.53	33.13	15229.74	-0.35	-1.03	33.846	32.975	32.033	21961.74	17717.83	12888.23	3.31
2014-02-18	34.7	34.7	33.88	33.73	18336.29	-0.52	-1.51	33.706	32.777	31.896	22492.34	16727.31	12536.76	3.98
2014-02-17	34.6	34.81	34.4	33.88	24367.34	0.21	0.61	33.498	32.49	31.753	22693.19	15589.06	12152.03	5.29
2014-02-14	33.26	34.19	34.19	33.26	26744.51	0.96	2.89	33.11	32.18	31.531	21225.64	14212.22	11351.04	5.81
2014-02-13	32.83	33.66	33.23	32.83	25130.8	0.4	1.22	32.518	31.936	31.311	17349.94	12710.61	10671.15	5.46
2014-02-12	32.8	32.84	32.83	32.02	17882.77	-0.01	-0.03	32.104	31.744	31.194	13473.92	11216.62	10002.21	3.88
2014-02-11	32.49	33.19	32.84	31.97	19340.52	0.38	1.17	31.848	31.579	31.12	10962.28	10331.57	9639.14	4.2
2014-02-10	31.23	32.5	32.46	31.2	17029.6	1.23	3.94	31.482	31.344	31.028	8484.93	8847.76	9566.64	3.7
2014-02-07	30.99	31.25	31.23	30.11	7366.0	0.07	0.23	31.25	31.127	30.989	7198.81	7856.57	11268.82	1.6
2014-01-30	31.56	31.76	31.16	31.01	5750.71	-0.39	-1.24	31.354	31.116	31.167	8071.28	8016.79	12035.36	1.25
2014-01-29	31.06	31.56	31.55	31.06	5324.55	0.54	1.74	31.384	31.091	31.324	8959.31	8058.63	12508.13	1.16
2014-01-28	31.12	31.76	31.01	31.01	6953.78	-0.29	-0.93	31.31	31.014	31.401	9700.86	8346.22	12475.74	1.51
2014-01-27	31.52	32.04	31.3	31.28	10598.99	-0.45	-1.42	31.206	31.015	31.499	9210.58	8715.01	12455.59	2.3
2014-01-24	31.31	31.85	31.75	31.09	11728.36	0.44	1.41	31.004	30.881	31.572	8514.34	8489.87	12165.06	2.55
2014-01-23	31.22	31.47	31.31	31.03	10190.89	0.13	0.42	30.878	30.686	31.605	7962.31	8631.69	11987.9	2.21
2014-01-22	30.65	31.27	31.18	30.58	9032.28	0.69	2.26	30.798	30.643	31.707	7157.94	8787.8	11845.87	1.96
2014-01-21	30.29	30.82	30.49	30.28	4502.4	0.2	0.66	30.718	30.661	31.783	6991.58	8946.7	11803.34	0.98
2014-01-20	30.61	31.18	30.29	29.87	7117.75	-0.83	-2.67	30.824	30.712	31.872	8219.43	10285.52	11980.62	1.55
2014-01-17	30.96	31.45	31.12	30.7	8968.23	0.21	0.68	30.758	30.851	31.96	8465.39	14681.08	12312.49	1.95
2014-01-16	31.0	31.29	30.91	30.81	6169.03	0.13	0.42	30.494	31.218	32.091	9301.07	16053.92	12183.54	1.34
2014-01-15	31.02	31.41	30.78	30.71	8200.48	-0.24	-0.77	30.488	31.557	32.24	10417.66	16957.63	12244.46	1.78
2014-01-14	29.94	31.35	31.02	29.94	10641.67	1.06	3.54	30.604	31.787	32.391	10901.83	16605.26	12783.81	2.31
2014-01-13	29.82	30.38	29.96	29.7	8347.56	0.16	0.54	30.6	31.983	32.598	12351.61	16196.17	12615.99	1.81
2014-01-10	30.88	30.89	29.8	29.71	13146.61	-1.08	-3.5	30.944	32.263	32.893	20896.76	15840.25	12635.92	2.85
2014-01-09	31.36	31.68	30.88	30.81	11751.98	-0.48	-1.53	31.942	32.524	33.168	22806.76	15344.11	12356.04	2.55
2014-01-08	31.04	31.76	31.36	31.04	10621.34	0.36	1.16	32.626	32.77	33.385	23497.6	14903.94	12195.74	2.31
2014-01-07	31.3	31.68	31.0	30.2	17890.58	-0.68	-2.15	32.97	32.905	33.595	22308.69	14659.98	12160.71	3.88
2014-01-06	34.5	36.98	31.68	31.31	51073.28	-3.11	-8.94	33.366	33.031	33.845	20040.72	13675.71	11668.65	11.09
2014-01-03	34.04	35.0	34.79	33.51	22696.63	0.49	1.43	33.582	33.068	34.055	10783.75	9943.89	9440.71	4.93
2014-01-02	32.9	34.62	34.3	32.9	15206.15	1.22	3.69	33.106	32.963	34.091	7881.46	8313.17	8868.08	3.3
2013-12-31	32.79	33.2	33.08	32.63	4676.82	0.1	0.3	32.914	32.922	34.176	6310.27	7531.29	8728.82	1.02
2013-12-30	33.0	33.28	32.98	32.65	6550.71	0.22	0.67	32.84	32.994	34.321	7011.28	8962.36	9148.5	1.42
2013-12-27	32.73	33.08	32.76	32.32	4788.42	0.35	1.08	32.696	33.213	34.437	7310.7	9035.81	10121.9	1.04
2013-12-26	33.2	33.41	32.41	32.4	8185.2	-0.93	-2.79	32.554	33.522	34.697	9104.04	9431.59	10921.77	1.78
2013-12-25	32.89	33.35	33.34	32.5	7350.22	0.63	1.93	32.82	33.811	34.945	8744.89	9367.96	11386.55	1.6
2013-12-24	32.3	32.94	32.71	32.08	8181.83	0.45	1.4	32.93	34.0	35.148	8752.31	9487.54	11597.53	1.78
2013-12-23	32.25	32.39	32.26	31.03	8047.85	0.21	0.66	33.148	34.285	35.351	10913.45	9661.43	11963.04	1.75
2013-12-20	33.74	33.97	32.05	31.9	13755.11	-1.69	-5.01	33.73	34.659	35.605	10760.93	9661.59	12556.34	2.99
2013-12-19	34.0	34.41	33.74	33.68	6389.42	-0.15	-0.44	34.49	35.042	35.924	9759.13	8937.53	13677.56	1.39
2013-12-18	33.82	34.26	33.89	33.66	7387.35	0.09	0.27	34.802	35.218	36.112	9991.03	9422.98	14280.31	1.6
2013-12-17	35.25	35.25	33.8	33.61	18987.51	-1.37	-3.9	35.07	35.429	36.28	10222.76	9926.36	14819.01	4.12
2013-12-16	35.7	35.83	35.17	35.0	7285.24	-0.68	-1.9	35.422	35.648	36.476	8409.41	9334.64	15375.92	1.58
2013-12-13	35.31	35.96	35.85	35.08	8746.14	0.55	1.56	35.588	35.661	36.551	8562.26	11207.98	16088.37	1.9
2013-12-12	35.25	35.7	35.3	35.25	7548.92	0.07	0.2	35.594	35.871	36.57	8115.92	12411.96	16547.41	1.64
2013-12-11	35.5	35.53	35.23	35.0	8546.0	-0.33	-0.93	35.634	36.078	36.595	8854.94	13405.14	17159.63	1.86
2013-12-10	35.92	36.18	35.56	35.47	9920.74	-0.44	-1.22	35.788	36.295	36.613	9629.95	13707.51	18127.99	2.15
2013-12-09	36.26	36.26	36.0	35.66	8049.48	0.12	0.33	35.874	36.417	36.723	10259.88	14264.65	18658.69	1.75
2013-12-06	35.6	36.46	35.88	35.3	6514.47	0.38	1.07	35.734	36.55	36.797	13853.69	15451.1	19405.72	1.41
2013-12-05	35.8	36.31	35.5	35.39	11243.99	-0.5	-1.39	36.148	36.806	36.871	16708.0	18417.6	20795.25	2.44
2013-12-04	35.97	36.61	36.0	35.6	12421.06	0.01	0.03	36.522	37.006	37.021	17955.34	19137.64	21619.87	2.7
2013-12-03	34.8	36.21	35.99	34.6	13070.38	0.69	1.96	36.802	37.131	37.213	17785.08	19711.67	22358.5	2.84
2013-12-02	36.5	37.27	35.3	35.3	26018.57	-2.65	-6.98	36.96	37.304	37.361	18269.42	21417.2	22555.32	5.65
2013-11-29	37.37	38.0	37.95	36.94	20786.01	0.58	1.55	37.366	37.44	37.482	17048.5	20968.77	21883.91	4.51
2013-11-28	37.47	38.0	37.37	37.2	17480.68	-0.03	-0.08	37.464	37.268	37.478	20127.2	20682.85	21926.05	3.8
2013-11-27	36.75	37.47	37.4	36.5	11569.76	0.62	1.69	37.49	37.112	37.592	20319.94	20914.12	22130.42	2.51
2013-11-26	37.03	37.48	36.78	36.67	15492.08	-0.55	-1.47	37.46	36.93	37.775	21638.26	22548.46	22706.41	3.36
2013-11-25	38.0	38.2	37.33	37.23	19913.97	-1.11	-2.89	37.648	37.029	37.961	24564.97	23052.74	23815.76	4.32
2013-11-22	37.7	38.99	38.44	37.7	36179.49	0.94	2.51	37.514	37.044	38.166	24889.04	23360.35	24818.33	7.85
2013-11-21	37.18	37.51	37.5	36.7	18444.42	0.25	0.67	37.072	36.935	38.194	21238.5	23172.9	24345.03	4.0
2013-11-20	37.73	37.73	37.25	36.72	18161.33	-0.47	-1.25	36.734	37.035	38.219	21508.3	24102.1	24420.79	3.94
2013-11-19	36.9	37.89	37.72	36.68	30125.65	1.06	2.89	36.4	37.294	38.307	23458.67	25005.33	25101.95	6.54
2013-11-18	36.68	36.75	36.66	36.18	21534.3	0.43	1.19	36.41	37.418	38.434	21540.5	23693.44	26092.9	4.68
2013-11-15	35.7	36.7	36.23	35.7	17926.8	0.42	1.17	36.574	37.523	38.494	21831.67	22799.05	26753.84	3.89
2013-11-14	35.4	36.14	35.81	35.12	19793.43	0.23	0.65	36.798	37.688	38.552	25107.31	23169.26	28364.95	4.3
2013-11-13	37.31	37.31	35.58	35.55	27913.17	-2.19	-5.8	37.336	38.072	38.712	26695.91	23346.71	31300.41	6.06
2013-11-12	37.5	38.46	37.77	37.1	20534.82	0.29	0.77	38.188	38.62	38.955	26551.98	22864.36	31832.21	4.46
2013-11-11	37.35	38.24	37.48	36.42	22990.11	0.13	0.35	38.426	38.892	40.008	25846.37	24578.78	31545.19	4.99
2013-11-08	38.0	38.96	37.35	37.21	34305.01	-1.15	-2.99	38.472	39.288	41.117	23766.43	26276.3	31398.81	7.45
2013-11-07	39.4	40.14	38.5	38.33	27736.42	-1.34	-3.36	38.578	39.452	42.321	21231.21	25517.16	30311.07	6.02
2013-11-06	38.98	40.6	39.84	38.84	27193.56	0.88	2.26	38.808	39.403	43.486	19997.52	24739.48	29662.84	5.9
2013-11-05	37.91	39.08	38.96	37.91	17006.74	1.25	3.31	39.052	39.319	44.634	19176.73	25198.57	29543.16	3.69
2013-11-04	37.86	38.3	37.71	37.01	12590.42	-0.17	-0.45	39.358	39.449	45.634	23311.19	28492.37	29572.9	2.73
2013-11-01	39.65	40.2	37.88	37.6	21628.9	-1.77	-4.46	40.104	39.464	46.658	28786.17	30708.64	29940.63	4.7
2013-10-31	40.6	41.0	39.65	39.18	21567.96	-1.41	-3.43	40.326	39.416	47.538	29803.1	33560.63	29441.5	4.68
2013-10-30	40.49	41.09	41.06	39.49	23089.64	0.57	1.41	39.998	39.351	48.256	29481.45	39254.1	28770.29	5.01
2013-10-29	41.0	42.69	40.49	39.01	37679.03	-0.95	-2.29	39.586	39.29	48.933	31220.41	40800.06	28259.39	8.18
2013-10-28	39.25	41.5	41.44	39.25	39965.33	2.45	6.28	39.54	41.124	49.609	33673.55	38511.61	26918.68	8.68
2013-10-25	37.93	39.69	38.99	37.65	26713.56	0.98	2.58	38.824	42.945	50.243	32631.11	36521.31	25353.16	5.8
2013-10-24	38.6	39.06	38.01	37.6	19959.68	-0.99	-2.54	38.506	45.19	50.992	37318.16	35104.98	24543.37	4.33
2013-10-23	39.51	41.16	39.0	39.0	31784.47	-1.26	-3.13	38.704	47.569	51.869	49026.75	34586.21	24495.72	6.9
2013-10-22	37.0	41.3	40.26	37.0	49944.72	2.4	6.34	38.994	49.949	52.621	50379.7	33887.75	23264.06	10.84
2013-10-21	37.3	37.99	37.86	35.6	34753.1	0.46	1.23	42.708	51.818	53.273	43349.66	30653.43	21052.94	7.55
2013-10-18	37.0	39.3	37.4	35.1	50148.85	-1.6	-4.1	47.066	53.852	54.044	40411.52	29172.62	19578.79	10.89
2013-10-17	42.6	43.88	39.0	39.0	78502.63	-1.45	-3.58	51.874	55.659	54.839	32891.8	25322.37	17660.16	17.04
2013-10-16	36.77	40.45	40.45	36.77	38549.19	3.68	10.01	56.434	57.16	55.649	20145.66	18286.48	14214.71	8.37
2013-10-15	59.5	60.43	58.83	58.58	14794.52	-0.82	-1.38	60.904	58.575	56.344	17395.81	15718.72	12789.1	5.14
2013-10-14	61.63	62.96	59.65	58.27	20062.39	-1.79	-2.91	60.928	58.094	56.142	17957.2	15325.75	12833.37	6.97
2013-10-11	61.6	63.3	61.44	60.79	12550.28	-0.36	-0.58	60.638	57.54	55.99	17933.72	14185.01	12928.63	4.36
2013-10-10	62.53	62.98	61.8	60.58	14771.92	-1.0	-1.59	59.444	56.793	55.797	17752.93	13981.75	13188.4	5.13
2013-10-09	59.16	63.5	62.8	58.6	24799.93	3.85	6.53	57.886	56.168	55.398	16427.3	14405.24	12906.71	8.61
2013-10-08	58.2	60.0	58.95	57.56	17601.46	0.75	1.29	56.246	55.293	54.908	14041.63	12640.36	12636.37	6.11
2013-09-30	56.2	58.95	58.2	55.51	19945.03	2.73	4.92	55.26	54.728	54.845	12694.29	11452.45	13011.0	6.93
2013-09-27	54.58	56.35	55.47	54.2	11646.3	1.46	2.7	54.442	54.235	54.72	10436.29	9984.96	12302.68	4.05
2013-09-26	54.5	55.44	54.01	54.0	8143.8	-0.59	-1.08	54.142	54.018	54.763	10210.57	9997.95	12291.4	2.83
2013-09-25	53.9	55.85	54.6	53.68	12871.54	0.58	1.07	54.45	54.137	54.923	12383.17	10142.94	12480.23	4.47
2013-09-24	54.11	55.02	54.02	53.61	10864.8	-0.09	-0.17	54.34	54.113	55.049	11239.1	9859.48	12555.83	5.92
2013-09-23	53.96	54.64	54.11	52.68	8655.02	0.14	0.26	54.196	54.19	55.059	10210.61	10341.0	12372.25	4.72
2013-09-18	55.2	55.98	53.97	53.39	10517.71	-1.58	-2.84	54.028	54.44	55.092	9533.64	11672.24	12168.26	5.74
2013-09-17	54.59	57.52	55.55	54.35	19006.77	1.5	2.77	53.894	54.801	55.145	9785.33	12395.04	11957.59	10.36
2013-09-16	53.35	54.38	54.05	52.79	7151.18	0.75	1.41	53.824	54.627	55.063	7902.71	11408.18	11332.04	3.9
2013-09-13	53.5	53.76	53.3	53.0	5722.37	0.03	0.06	53.886	54.522	55.096	8479.87	12632.38	11325.88	3.12
2013-09-12	53.0	54.0	53.27	53.0	5270.15	-0.03	-0.06	54.184	54.962	55.081	10471.38	14569.56	11626.79	2.87
2013-09-11	55.0	55.19	53.3	53.05	11776.2	-1.9	-3.44	54.852	55.205	55.164	13810.85	14620.4	11785.39	6.42
2013-09-10	54.45	55.59	55.2	54.12	9593.64	0.84	1.54	55.708	55.507	55.329	15004.74	14584.84	11616.97	5.23
2013-09-09	54.79	55.45	54.36	53.7	10036.98	-0.43	-0.79	55.43	55.708	55.44	14913.65	14817.52	11611.96	5.47
2013-09-06	56.2	56.21	54.79	53.45	15679.95	-1.82	-3.21	55.158	55.984	55.547	16784.88	15252.18	11579.68	8.55
2013-09-05	58.0	59.48	56.61	56.5	21967.47	-0.97	-1.69	55.74	55.928	55.651	18667.73	14403.49	11524.52	11.98
2013-09-04	53.83	57.89	57.58	53.01	17745.68	3.77	7.01	55.558	55.743	55.735	15429.95	12664.27	11108.69	9.68
2013-09-03	52.8	54.59	53.81	52.52	9138.16	0.81	1.53	55.306	55.489	55.749	14164.93	11520.13	10886.55	4.98
2013-09-02	57.7	57.8	53.0	51.93	19393.15	-4.7	-8.15	55.986	55.498	55.915	14721.39	11255.9	11020.87	10.58
2013-08-30	55.7	58.88	57.7	55.69	25094.19	2.0	3.59	56.81	55.67	56.102	13719.48	10019.39	10583.19	13.68
2013-08-29	55.77	56.84	55.7	55.5	5778.57	-0.62	-1.1	56.116	55.2	55.95	10139.26	8684.02	9759.21	3.15
2013-08-28	56.95	57.31	56.32	55.6	11420.6	-0.89	-1.56	55.928	55.122	55.889	9898.59	8950.39	9973.25	6.23
2013-08-27	57.09	57.35	57.21	56.1	11920.45	0.09	0.16	55.672	55.15	55.699	8875.33	8649.1	9699.24	6.5
2013-08-26	54.15	57.2	57.12	53.9	14383.57	2.89	5.33	55.01	55.171	55.464	7790.4	8406.4	9533.49	7.84
2013-08-23	54.8	55.21	54.23	53.43	7193.09	-0.53	-0.97	54.53	55.109	55.299	6319.3	7907.18	9228.46	3.92
2013-08-22	54.98	55.23	54.76	54.51	4575.25	-0.28	-0.51	54.284	55.374	55.273	7228.79	8645.55	9669.87	2.49
2013-08-21	53.9	55.28	55.04	53.86	6304.31	1.14	2.12	54.316	55.728	55.284	8002.18	9553.11	10309.18	3.44
2013-08-20	54.46	55.24	53.9	53.8	6495.78	-0.82	-1.5	54.628	56.009	55.48	8422.87	10252.97	10808.18	3.54
2013-08-19	52.79	54.98	54.72	52.0	7028.05	1.72	3.25	55.332	56.332	55.563	9022.39	10785.84	11035.15	3.83
2013-08-16	54.58	55.38	53.0	53.0	11740.54	-1.92	-3.5	55.688	56.533	55.61	9495.05	11146.99	11257.77	6.4
2013-08-15	56.3	57.1	54.92	54.68	8442.23	-1.68	-2.97	56.464	56.7	55.764	10062.3	10834.41	11229.37	4.6
2013-08-14	57.1	57.6	56.6	56.1	8407.73	-0.82	-1.43	57.14	56.656	55.816	11104.04	10996.11	11403.56	4.58
2013-08-13	56.49	58.0	57.42	56.02	9493.41	0.92	1.63	57.39	56.248	55.764	12083.07	10749.39	11603.29	5.18
2013-08-12	56.87	56.93	56.5	55.6	9391.36	-0.38	-0.67	57.332	55.756	55.646	12549.28	10660.58	11753.99	5.12
2013-08-09	58.34	58.34	56.88	55.65	14576.79	-1.42	-2.44	57.378	55.488	55.58	12798.93	10549.74	11935.73	7.95
2013-08-08	57.59	59.84	58.3	57.35	13650.92	0.45	0.78	56.936	55.172	55.472	11606.51	10694.19	11715.64	7.44
2013-08-07	56.66	58.45	57.85	56.66	13302.85	0.72	1.26	56.172	54.84	55.215	10888.17	11065.25	11539.71	7.25
2013-08-06	56.7	57.39	57.13	55.88	11824.5	0.4	0.7	55.106	54.951	54.951	9415.71	11363.4	11363.4	6.45
2013-08-05	54.8	56.83	56.73	54.55	10639.61	2.06	3.77	54.18	54.709	54.709	8771.88	11312.16	11312.16	5.8
2013-08-02	54.73	55.48	54.67	54.5	8614.65	0.19	0.35	53.598	54.456	54.456	8300.55	11396.23	11396.23	4.7
2013-08-01	52.52	54.9	54.48	52.52	10059.23	1.96	3.73	53.408	54.426	54.426	9781.87	11793.6	11793.6	5.49
2013-07-31	52.5	53.75	52.52	52.5	5940.58	0.02	0.04	53.508	54.417	54.417	11242.33	12082.66	12082.66	3.24
2013-07-30	54.04	54.5	52.5	50.51	8605.33	-1.32	-2.45	54.796	54.796	54.796	13311.08	13311.08	13311.08	4.69
2013-07-29	53.52	54.88	53.82	53.0	8282.95	0.1	0.19	55.37	55.37	55.37	14487.52	14487.52	14487.52	4.52
2013-07-26	55.3	56.44	53.72	52.6	16021.27	-1.26	-2.29	55.887	55.887	55.887	16555.7	16555.7	16555.7	8.74
2013-07-25	58.77	59.3	54.98	54.7	17361.52	-3.98	-6.75	56.97	56.97	56.97	16822.92	16822.92	16822.92	9.47
2013-07-24	58.1	59.25	58.96	57.57	16284.32	0.59	1.01	58.96	58.96	58.96	16284.32	16284.32	16284.32	8.88
