             open   high  close    low     volume  price_change  p_change  \
date                                                                        
2016-07-22  26.79  27.27  26.49  26.45   18633.42         -0.51     -1.89   
2016-07-21  27.01  27.22  27.00  26.70   16587.84         -0.20     -0.73   
2016-07-20  26.75  27.66  27.20  26.65   21676.45          0.45      1.68   
2016-07-19  26.90  27.13  26.75  26.41   29011.97         -0.27     -1.00   
2016-07-18  27.50  27.89  27.02  27.00   26014.99         -0.60     -2.17   
2016-07-15  27.56  27.96  27.62  27.33   21812.88         -0.29     -1.04   
2016-07-14  28.24  28.65  27.91  27.51   30413.23         -0.33     -1.17   
2016-07-13  28.17  28.37  28.24  27.83   26705.05         -0.07     -0.25   
2016-07-12  28.52  28.77  28.31  27.52   39257.30         -0.57     -1.97   
2016-07-11  28.54  30.03  28.88  28.54   70039.18          0.49      1.73   
2016-07-08  28.16  29.01  28.39  28.09   43134.91         -0.36     -1.25   
2016-07-07  28.60  29.80  28.75  28.06   96588.47          0.00      0.00   
2016-07-06  27.00  29.50  28.75  26.86  103959.45          1.77      6.56   
2016-07-05  27.26  27.46  27.06  26.77   26942.88         -0.29     -1.06   
2016-07-04  26.75  27.56  27.35  26.70   36032.72          0.60      2.24   
2016-07-01  26.61  27.08  26.75  26.45   22793.94          0.04      0.15   
2016-06-30  26.52  26.85  26.71  26.28   20119.61          0.15      0.56   
2016-06-29  26.67  26.68  26.56  26.20   21962.24         -0.02     -0.07   
2016-06-28  26.69  26.93  26.58  26.40   29032.87         -0.11     -0.41   
2016-06-27  26.48  26.81  26.69  26.04   36949.72         -0.19     -0.71   
2016-06-24  26.30  27.95  26.88  25.65   51556.87          0.58      2.21   
2016-06-23  26.35  26.70  26.30  25.78   19808.50         -0.24     -0.90   
2016-06-22  25.52  26.58  26.54  25.52   19570.60          0.81      3.15   
2016-06-21  26.60  26.88  25.73  25.50   27855.50         -0.86     -3.23   
2016-06-20  27.28  27.39  26.59  26.59   66608.02         -1.29     -4.63   
2016-06-17  26.11  28.90  27.88  26.03   56103.22          1.48      5.61   
2016-06-16  26.29  26.62  26.40  25.37   41435.87          0.35      1.34   
2016-06-15  24.42  26.42  26.05  24.38   38903.86          1.21      4.87   
2016-06-14  24.90  25.66  24.84  24.62   18826.91         -0.54     -2.13   
2016-06-13  26.56  26.56  25.38  25.38   32214.98         -1.56     -5.79   
...           ...    ...    ...    ...        ...           ...       ...   
2014-12-15  36.00  36.44  36.23  35.21   19531.99          0.11      0.30   
2014-12-12  36.80  37.06  36.12  36.00   22605.44         -0.88     -2.38   
2014-12-11  35.54  37.40  37.00  35.10   35868.52          1.31      3.67   
2014-12-10  35.01  35.90  35.69  34.53   26357.44          0.54      1.54   
2014-12-09  37.00  37.55  35.15  35.02   39756.07         -1.66     -4.51   
2014-12-08  38.00  38.00  36.81  36.58   43633.00         -1.51     -3.94   
2014-12-05  41.02  41.08  38.32  38.06   64762.24         -3.04     -7.35   
2014-12-04  41.31  42.05  41.36  41.31   39083.51         -0.53     -1.26   
2014-12-03  42.95  42.95  41.89  41.02   56950.50         -1.20     -2.79   
2014-12-02  41.79  44.47  43.09  41.65   81131.93          0.89      2.11   
2014-12-01  40.88  42.77  42.20  40.61   59888.06          1.16      2.83   
2014-11-28  41.50  42.18  41.04  40.60   52831.08         -0.65     -1.56   
2014-11-27  42.63  42.67  41.69  41.52   55464.13         -0.63     -1.49   
2014-11-26  42.10  43.00  42.32  41.49   61979.29          0.32      0.76   
2014-11-25  43.70  43.70  42.00  41.01  100538.93         -2.19     -4.96   
2014-11-24  44.50  45.49  44.19  43.46  104750.48         -0.89     -1.97   
2014-11-21  47.76  48.00  45.08  44.72  180832.41         -2.00     -4.25   
2014-11-20  41.95  47.08  47.08  41.50  183093.09          4.28     10.00   
2014-11-19  42.48  44.40  42.80  40.50  153042.14         -1.74     -3.91   
2014-11-18  43.39  44.54  44.54  42.03  257726.16          4.05     10.00   
2014-11-17  40.49  40.49  40.49  40.49   49948.29          3.68     10.00   
2014-11-14  36.81  36.81  36.81  36.81    2984.42          3.35     10.01   
2014-11-13  33.46  33.46  33.46  33.46    1916.00          3.04      9.99   
2014-11-12  30.42  30.42  30.42  30.42     872.99          2.77     10.02   
2014-11-11  27.65  27.65  27.65  27.65     909.00          2.51      9.98   
2014-11-10  25.14  25.14  25.14  25.14     552.01          2.29     10.02   
2014-11-07  22.85  22.85  22.85  22.85     293.00          2.08     10.01   
2014-11-06  20.77  20.77  20.77  20.77     107.00          1.89     10.01   
2014-11-05  18.88  18.88  18.88  18.88     113.00          1.72     10.02   
2014-11-04  15.73  17.16  17.16  15.73     534.00          5.24     43.96   

               ma5    ma10    ma20      v_ma5     v_ma10    v_ma20  turnover  
date                                                                          
2016-07-22  26.892  27.542  27.451   22384.93   30015.23  36883.46      3.49  
2016-07-21  27.118  27.732  27.470   23020.83   32465.38  38529.63      3.11  
2016-07-20  27.300  27.907  27.435   25785.90   40465.44  38690.66      4.06  
2016-07-19  27.508  28.062  27.402   26791.62   48693.74  38585.37      5.43  
2016-07-18  27.820  28.093  27.351   28840.69   48486.83  38527.55      4.87  
2016-07-15  28.192  28.126  27.330   37645.53   49488.61  40557.20      4.08  
2016-07-14  28.346  28.039  27.343   41909.93   49586.71  42271.71      5.69  
2016-07-13  28.514  27.919  27.267   55144.98   48557.35  42822.85      5.00  
2016-07-12  28.616  27.751  27.158   70595.86   48083.07  43432.79      7.35  
2016-07-11  28.366  27.578  26.984   68132.98   47060.63  42411.27     13.11  
2016-07-08  28.060  27.359  26.809   61331.69   43751.68  40520.06      8.07  
2016-07-07  27.732  27.208  26.737   57263.49   44593.88  40627.84     18.08  
2016-07-06  27.324  26.963  26.684   41969.72   36915.88  39140.90     19.46  
2016-07-05  26.886  26.742  26.532   25570.28   28476.99  36025.20      5.04  
2016-07-04  26.790  26.609  26.409   25988.28   28568.26  36132.39      6.75  
2016-07-01  26.658  26.533  26.280   26171.68   31625.79  36298.72      4.27  
2016-06-30  26.684  26.646  26.160   31924.26   34956.72  36784.25      3.77  
2016-06-29  26.602  26.615  26.030   31862.04   37088.34  37746.30      4.11  
2016-06-28  26.598  26.564  25.867   31383.71   38782.50  37711.66      5.43  
2016-06-27  26.428  26.390  25.680   31148.24   37761.91  36998.96      6.92  
2016-06-24  26.408  26.259  25.490   37079.90   37288.43  36013.17      9.65  
2016-06-23  26.608  26.265  25.299   37989.17   36661.80  34350.27      3.71  
2016-06-22  26.628  26.405  25.150   42314.64   41365.92  34437.51      3.66  
2016-06-21  26.530  26.321  24.990   46181.29   43573.41  34684.31      5.21  
2016-06-20  26.352  26.209  24.872   44375.58   43696.53  34379.53     12.47  
2016-06-17  26.110  26.027  24.708   37496.97   40971.66  32755.77     10.50  
2016-06-16  25.922  25.674  24.450   35334.44   38611.78  31157.65      7.76  
2016-06-15  26.182  25.445  24.295   40417.19   38404.25  30663.80      7.28  
2016-06-14  26.112  25.169  24.164   40965.52   36640.81  30202.58      3.52  
2016-06-13  26.066  24.969  24.062   43017.48   36236.01  30415.99      6.03  
...            ...     ...     ...        ...        ...       ...       ...  
2014-12-15  36.038  38.166  40.730   28823.89   42968.06  81991.32      5.18  
2014-12-12  36.154  38.763  40.943   33644.09   47003.67  83512.14      6.00  
2014-12-11  36.594  39.255  40.978   42075.45   50026.24  82531.08      9.52  
2014-12-10  37.466  39.724  40.801   42718.45   51985.80  80833.46      7.00  
2014-12-09  38.706  40.387  40.537   48837.06   55547.98  79559.24     10.55  
2014-12-08  40.294  41.072  40.162   57112.24   61626.27  77616.88     11.58  
2014-12-05  41.372  41.810  39.579   60363.25   67738.01  75462.83     17.19  
2014-12-04  41.916  42.486  38.805   57977.02   79345.03  72239.37     10.37  
2014-12-03  41.982  43.058  37.776   61253.14   93745.99  70290.55     15.11  
2014-12-02  42.068  43.149  36.625   62258.90  103355.15  67448.67     21.53  
2014-12-01  41.850  43.294  35.329   66140.30  121014.58  63418.77     15.89  
2014-11-28  42.248  43.123  34.967   75112.78  120020.60  63604.60     14.02  
2014-11-27  43.056  42.700  34.629  100713.05  115035.93  64203.13     14.72  
2014-11-26  44.134  41.877  34.214  126238.84  109681.12  64717.19     16.45  
2014-11-25  44.230  40.687  33.708  144451.41  103570.49  64888.31     26.68  
2014-11-24  44.738  39.252  33.155  175888.86   93607.50  62511.60     27.80  
2014-11-21  43.998  37.347  32.366  164928.42   83187.65  59494.54     47.99  
2014-11-20  42.344  35.124  31.388  129358.82   65133.71  50160.85     48.59  
2014-11-19  39.620  32.493  30.081   93123.40   46835.10  39083.17     40.62  
2014-11-18  37.144  30.101  28.925   62689.57   31542.19  28723.26     68.40  
2014-11-17  33.766  27.363  27.363   11326.14    5822.97   5822.97     13.26  
2014-11-14  30.696  25.904  25.904    1446.88     920.16    920.16      0.79  
2014-11-13  27.904  24.541  24.541     908.60     662.13    662.13      0.51  
2014-11-12  25.366  23.267  23.267     546.80     483.00    483.00      0.23  
2014-11-11  23.058  22.075  22.075     394.80     418.00    418.00      0.24  
2014-11-10  20.960  20.960  20.960     319.80     319.80    319.80      0.15  
2014-11-07  19.915  19.915  19.915     261.75     261.75    261.75      0.08  
2014-11-06  18.937  18.937  18.937     251.33     251.33    251.33      0.03  
2014-11-05  18.020  18.020  18.020     323.50     323.50    323.50      0.03  
2014-11-04  17.160  17.160  17.160     534.00     534.00    534.00      0.14  

[424 rows x 14 columns]