             open   high  close    low     volume  price_change  p_change  \
date                                                                        
2016-07-26  14.86  14.92  14.75  14.60   49569.03         -0.07     -0.47   
2016-07-25  14.60  14.90  14.82  14.52   63249.90          0.26      1.79   
2016-07-22  14.53  14.97  14.56  14.50   72441.18         -0.13     -0.89   
2016-07-21  14.03  14.80  14.69  14.03  101016.64          0.65      4.63   
2016-07-20  14.09  14.12  14.04  13.98   15059.00         -0.05     -0.35   
2016-07-19  14.00  14.13  14.09  13.99   20215.30          0.03      0.21   
2016-07-18  14.06  14.18  14.06  13.98   24105.67         -0.04     -0.28   
2016-07-15  14.28  14.28  14.10  14.06   31921.75         -0.25     -1.74   
2016-07-14  14.33  14.42  14.35  14.22   28942.20         -0.07     -0.48   
2016-07-13  14.15  14.42  14.42  14.08   49104.45          0.27      1.91   
2016-07-12  14.23  14.25  14.15  13.81   38713.72         -0.05     -0.35   
2016-07-11  14.16  14.29  14.20  14.03   33477.69          0.09      0.64   
2016-07-08  14.18  14.23  14.11  14.00   24250.16         -0.12     -0.84   
2016-07-07  14.22  14.31  14.23  14.00   44643.41         -0.07     -0.49   
2016-07-06  14.28  14.50  14.30  14.19   38693.68         -0.10     -0.69   
2016-07-05  14.40  14.53  14.40  14.26   41730.08          0.00      0.00   
2016-07-04  14.30  14.48  14.40  14.10   50027.71          0.09      0.63   
2016-07-01  14.27  14.61  14.31  14.11   44056.34          0.03      0.21   
2016-06-30  14.31  14.51  14.28  14.20   30371.47          0.02      0.14   
2016-06-29  14.21  14.38  14.26  14.10   39858.46          0.03      0.21   
2016-06-28  13.84  14.27  14.23  13.80   42418.07          0.29      2.08   
2016-06-27  13.50  14.00  13.94  13.45   29294.94          0.33      2.42   
2016-06-24  13.96  14.08  13.61  13.00   38307.62         -0.50     -3.54   
2016-06-23  13.85  14.29  14.11  13.51   46865.75          0.26      1.88   
2016-06-22  13.60  13.92  13.85  13.58   20499.26          0.20      1.47   
2016-06-21  13.97  14.04  13.65  13.59   25190.32         -0.19     -1.37   
2016-06-20  13.96  14.14  13.84  13.75   24321.73         -0.21     -1.50   
2016-06-17  14.22  14.24  14.05  13.78   27965.99         -0.03     -0.21   
2016-06-16  14.17  14.30  14.08  14.00   27962.17         -0.08     -0.56   
2016-06-15  13.31  14.72  14.16  13.22   38222.45          0.78      5.83   
...           ...    ...    ...    ...        ...           ...       ...   
2013-09-06  56.20  56.21  54.79  53.45   15679.95         -1.82     -3.21   
2013-09-05  58.00  59.48  56.61  56.50   21967.47         -0.97     -1.69   
2013-09-04  53.83  57.89  57.58  53.01   17745.68          3.77      7.01   
2013-09-03  52.80  54.59  53.81  52.52    9138.16          0.81      1.53   
2013-09-02  57.70  57.80  53.00  51.93   19393.15         -4.70     -8.15   
2013-08-30  55.70  58.88  57.70  55.69   25094.19          2.00      3.59   
2013-08-29  55.77  56.84  55.70  55.50    5778.57         -0.62     -1.10   
2013-08-28  56.95  57.31  56.32  55.60   11420.60         -0.89     -1.56   
2013-08-27  57.09  57.35  57.21  56.10   11920.45          0.09      0.16   
2013-08-26  54.15  57.20  57.12  53.90   14383.57          2.89      5.33   
2013-08-23  54.80  55.21  54.23  53.43    7193.09         -0.53     -0.97   
2013-08-22  54.98  55.23  54.76  54.51    4575.25         -0.28     -0.51   
2013-08-21  53.90  55.28  55.04  53.86    6304.31          1.14      2.12   
2013-08-20  54.46  55.24  53.90  53.80    6495.78         -0.82     -1.50   
2013-08-19  52.79  54.98  54.72  52.00    7028.05          1.72      3.25   
2013-08-16  54.58  55.38  53.00  53.00   11740.54         -1.92     -3.50   
2013-08-15  56.30  57.10  54.92  54.68    8442.23         -1.68     -2.97   
2013-08-14  57.10  57.60  56.60  56.10    8407.73         -0.82     -1.43   
2013-08-13  56.49  58.00  57.42  56.02    9493.41          0.92      1.63   
2013-08-12  56.87  56.93  56.50  55.60    9391.36         -0.38     -0.67   
2013-08-09  58.34  58.34  56.88  55.65   14576.79         -1.42     -2.44   
2013-08-08  57.59  59.84  58.30  57.35   13650.92          0.45      0.78   
2013-08-07  56.66  58.45  57.85  56.66   13302.85          0.72      1.26   
2013-08-06  56.70  57.39  57.13  55.88   11824.50          0.40      0.70   
2013-08-05  54.80  56.83  56.73  54.55   10639.61          2.06      3.77   
2013-08-02  54.73  55.48  54.67  54.50    8614.65          0.19      0.35   
2013-08-01  52.52  54.90  54.48  52.52   10059.23          1.96      3.73   
2013-07-31  52.50  53.75  52.52  52.50    5940.58          0.02      0.04   
2013-07-30  54.04  54.50  52.50  50.51    8605.33         -1.32     -2.45   
2013-07-29  53.52  54.88  53.82  53.00    8282.95          0.10      0.19   

               ma5    ma10    ma20     v_ma5    v_ma10    v_ma20  turnover  
date                                                                        
2016-07-26  14.572  14.388  14.326  60267.15  45562.51  42072.39      1.58  
2016-07-25  14.440  14.328  14.300  54396.40  44476.98  41714.84      2.02  
2016-07-22  14.288  14.266  14.256  46567.56  41499.76  40017.10      2.31  
2016-07-21  14.196  14.221  14.209  38463.67  36680.66  38310.42      3.23  
2016-07-20  14.128  14.175  14.180  24048.78  31043.34  35602.87      0.48  
2016-07-19  14.204  14.201  14.170  30857.87  33406.80  35874.89      0.65  
2016-07-18  14.216  14.232  14.148  34557.56  35558.28  36123.64      0.77  
2016-07-15  14.244  14.266  14.137  36431.96  38150.49  36134.44      1.02  
2016-07-14  14.246  14.287  14.135  34897.64  39363.94  35936.65      0.92  
2016-07-13  14.222  14.280  14.121  38037.89  39506.87  35887.65      1.57  
2016-07-12  14.198  14.264  14.108  35955.73  38582.27  35343.55      1.24  
2016-07-11  14.248  14.272  14.070  36559.00  38952.71  34333.59      1.07  
2016-07-08  14.288  14.246  14.027  39869.01  38534.43  34133.10      0.77  
2016-07-07  14.328  14.196  14.021  43830.24  39940.18  34272.57      1.43  
2016-07-06  14.338  14.184  14.015  40975.86  40162.41  33143.68      1.24  
2016-07-05  14.330  14.139  14.008  41208.81  38342.97  32802.74      1.33  
2016-07-04  14.296  14.064  13.991  41346.41  36688.99  32489.33      1.60  
2016-07-01  14.204  14.008  13.976  37199.86  34118.40  31767.15      1.41  
2016-06-30  14.064  13.982  13.971  36050.11  32509.36  31955.10      0.97  
2016-06-29  14.030  13.962  13.968  39348.97  32268.43  34129.97      1.27  
2016-06-28  13.948  13.952  13.945  35477.13  32104.83  36820.35      1.35  
2016-06-27  13.832  13.867  13.889  32031.58  29714.47  36216.36      0.94  
2016-06-24  13.812  13.808  13.850  31036.94  29731.76  37991.90      1.22  
2016-06-23  13.900  13.845  13.824  28968.61  28604.97  37717.24      1.50  
2016-06-22  13.894  13.845  13.783  25187.89  26124.95  36968.15      0.65  
2016-06-21  13.956  13.877  13.755  28732.53  27262.52  37733.44      0.80  
2016-06-20  13.902  13.918  13.740  27397.37  28289.66  39023.88      0.78  
2016-06-17  13.804  13.944  13.707  28426.58  29415.91  41761.64      0.89  
2016-06-16  13.790  13.960  13.633  28241.33  31400.85  42561.21      0.89  
2016-06-15  13.796  13.974  13.553  27062.02  35991.50  42769.71      1.22  
...            ...     ...     ...       ...       ...       ...       ...  
2013-09-06  55.158  55.984  55.547  16784.88  15252.18  11579.68      8.55  
2013-09-05  55.740  55.928  55.651  18667.73  14403.49  11524.52     11.98  
2013-09-04  55.558  55.743  55.735  15429.95  12664.27  11108.69      9.68  
2013-09-03  55.306  55.489  55.749  14164.93  11520.13  10886.55      4.98  
2013-09-02  55.986  55.498  55.915  14721.39  11255.90  11020.87     10.58  
2013-08-30  56.810  55.670  56.102  13719.48  10019.39  10583.19     13.68  
2013-08-29  56.116  55.200  55.950  10139.26   8684.02   9759.21      3.15  
2013-08-28  55.928  55.122  55.889   9898.59   8950.39   9973.25      6.23  
2013-08-27  55.672  55.150  55.699   8875.33   8649.10   9699.24      6.50  
2013-08-26  55.010  55.171  55.464   7790.40   8406.40   9533.49      7.84  
2013-08-23  54.530  55.109  55.299   6319.30   7907.18   9228.46      3.92  
2013-08-22  54.284  55.374  55.355   7228.79   8645.55   9335.58      2.49  
2013-08-21  54.316  55.728  55.388   8002.18   9553.11   9600.05      3.44  
2013-08-20  54.628  56.009  55.408   8422.87  10252.97   9793.91      3.54  
2013-08-19  55.332  56.332  55.503   9022.39  10785.84  10000.05      3.83  
2013-08-16  55.688  56.533  55.555   9495.05  11146.99  10198.18      6.40  
2013-08-15  56.464  56.700  55.737  10062.30  10834.41  10088.01      4.60  
2013-08-14  57.140  56.656  55.800  11104.04  10996.11  10214.61      4.58  
2013-08-13  57.390  56.248  55.733  12083.07  10749.39  10365.18      5.18  
2013-08-12  57.332  55.756  55.580  12549.28  10660.58  10444.43      5.12  
2013-08-09  57.378  55.488  55.488  12798.93  10549.74  10549.74      7.95  
2013-08-08  56.936  55.333  55.333  11606.51  10102.29  10102.29      7.44  
2013-08-07  56.172  54.963  54.963  10888.17   9658.71   9658.71      7.25  
2013-08-06  55.106  54.550  54.550   9415.71   9138.12   9138.12      6.45  
2013-08-05  54.180  54.120  54.120   8771.88   8690.39   8690.39      5.80  
2013-08-02  53.598  53.598  53.598   8300.55   8300.55   8300.55      4.70  
2013-08-01  53.330  53.330  53.330   8222.02   8222.02   8222.02      5.49  
2013-07-31  52.947  52.947  52.947   7609.62   7609.62   7609.62      3.24  
2013-07-30  53.160  53.160  53.160   8444.14   8444.14   8444.14      4.69  
2013-07-29  53.820  53.820  53.820   8282.95   8282.95   8282.95      4.52  

[716 rows x 14 columns]