             open   high  close    low     volume  price_change  p_change  \
date                                                                        
2016-07-22  43.04  43.04  41.89  41.00   35492.77         -1.14     -2.65   
2016-07-21  41.99  43.85  43.03  41.56   48858.21          1.33      3.19   
2016-07-20  41.54  42.10  41.70  41.30   22614.09          0.16      0.39   
2016-07-19  41.69  42.62  41.54  41.28   21997.24         -0.41     -0.98   
2016-07-18  41.05  42.39  41.95  40.66   30566.99          1.17      2.87   
2016-07-15  41.41  41.80  40.78  40.51   26344.91         -1.04     -2.49   
2016-07-14  42.00  42.72  41.82  41.38   52699.08         -1.00     -2.33   
2016-07-13  40.10  42.82  42.82  39.28   51263.49          3.17      8.00   
2016-07-12  40.00  40.00  39.65  38.70   18528.13          0.13      0.33   
2016-07-11  40.80  41.00  39.52  39.44   25203.22         -0.68     -1.69   
2016-07-08  41.23  41.89  40.20  40.20   30195.03         -1.01     -2.45   
2016-07-07  40.20  41.95  41.21  39.66   50935.05          0.81      2.00   
2016-07-06  40.39  40.98  40.40  39.26   35119.90          0.00      0.00   
2016-07-05  40.65  41.23  40.40  40.36   33611.92         -0.23     -0.57   
2016-07-04  39.30  40.72  40.63  39.22   30330.19          0.53      1.32   
2016-07-01  40.55  41.36  40.10  40.10   35611.19         -0.28     -0.69   
2016-06-30  40.28  41.49  40.38  39.75   36329.71          0.10      0.25   
2016-06-29  40.14  41.04  40.28  39.38   57300.04         -0.02     -0.05   
2016-06-28  38.51  41.93  40.30  38.29   69562.42          1.30      3.33   
2016-06-27  37.35  39.47  39.00  37.34   31484.04          0.71      1.85   
2016-06-24  39.90  40.68  38.29  37.00   53635.56         -1.57     -3.94   
2016-06-23  38.27  39.96  39.86  37.97   46458.45          1.76      4.62   
2016-06-22  37.11  38.30  38.10  36.60   26058.35          0.62      1.65   
2016-06-21  37.60  38.21  37.48  37.02   33648.18         -0.39     -1.03   
2016-06-20  37.70  38.19  37.87  37.28   24922.61          0.17      0.45   
2016-06-17  37.30  38.41  37.70  37.30   27760.84          0.34      0.91   
2016-06-16  38.01  38.55  37.36  37.20   28804.87         -0.63     -1.66   
2016-06-15  36.31  38.95  37.99  36.10   31688.63          0.89      2.40   
2016-06-14  36.29  37.59  37.10  36.29   29514.10         -0.80     -2.11   
2016-06-13  41.00  41.20  37.90  37.90   43851.72         -4.21    -10.00   
...           ...    ...    ...    ...        ...           ...       ...   
2015-07-22  30.60  31.98  30.64  30.30   64377.11         -1.02     -3.22   
2015-07-21  31.70  33.33  31.66  30.30   98182.84         -1.04     -3.18   
2015-07-20  33.78  34.65  32.70  31.72   66841.48         -2.15     -6.17   
2015-07-17  32.98  35.00  34.85  30.51   89011.29          1.96      5.96   
2015-07-16  32.89  37.47  32.89  32.89   92467.65         -3.65     -9.99   
2015-07-15  37.88  38.97  36.54  36.54   35301.25         -4.06    -10.00   
2015-07-14  41.80  46.50  40.60  40.00  137069.05         -2.70     -6.24   
2015-07-13  39.00  43.30  43.30  36.78  153642.98          3.94     10.01   
2015-07-10  35.91  39.36  39.36  35.91  140206.31          3.58     10.01   
2015-07-09  29.28  35.78  35.78  29.28  204495.20          3.25      9.99   
2015-07-08  32.53  32.53  32.53  32.53    9327.00         -3.61     -9.99   
2015-07-07  30.00  36.14  36.14  29.57   95715.69          3.29     10.02   
2015-07-06  34.10  34.10  32.85  29.00   96327.25          1.85      5.97   
2015-07-03  28.98  33.66  31.00  28.06   94103.36         -0.18     -0.58   
2015-07-02  28.30  34.00  31.18  28.30  114283.35          0.00      0.00   
2015-07-01  29.20  32.58  31.18  29.05  117455.13          1.56      5.27   
2015-06-30  24.25  29.62  29.62  24.24  159377.42          2.69      9.99   
2015-06-29  31.00  31.00  26.93  26.93  157637.62         -2.99     -9.99   
2015-06-26  29.92  29.92  29.92  29.92   20062.91          2.72     10.00   
2015-06-25  27.20  27.20  27.20  27.20     292.30          2.47      9.99   
2015-06-24  24.73  24.73  24.73  24.73      75.00          2.25     10.01   
2015-06-23  22.48  22.48  22.48  22.48     414.00          2.04      9.98   
2015-06-19  20.44  20.44  20.44  20.44    1048.08          1.86     10.01   
2015-06-18  18.58  18.58  18.58  18.58      96.00          1.69     10.01   
2015-06-17  16.89  16.89  16.89  16.89     139.00          1.54     10.03   
2015-06-16  15.35  15.35  15.35  15.35      69.00          1.40     10.04   
2015-06-15  13.95  13.95  13.95  13.95      26.00          1.27     10.02   
2015-06-12  12.68  12.68  12.68  12.68      74.00          1.15      9.97   
2015-06-11  11.53  11.53  11.53  11.53      34.00          1.05     10.02   
2015-06-10   9.52  10.48  10.48   9.52     118.00          3.20     43.96   

               ma5    ma10    ma20      v_ma5     v_ma10    v_ma20  turnover  
date                                                                          
2016-07-22  42.022  41.470  40.880   31905.86   33356.81  37202.38      6.44  
2016-07-21  41.800  41.301  40.700   30076.29   32827.04  38109.52      8.86  
2016-07-20  41.558  41.119  40.542   30844.46   33034.72  37989.53      4.10  
2016-07-19  41.782  40.989  40.362   36574.34   34285.30  38161.75      3.99  
2016-07-18  41.404  40.875  40.159   35880.52   35446.77  38744.29      5.55  
2016-07-15  40.918  40.743  39.955   34807.77   35423.09  38462.07      4.78  
2016-07-14  40.802  40.675  39.801   35577.79   36349.72  38532.87      9.56  
2016-07-13  40.680  40.531  39.578   35224.98   34712.78  37338.16      9.30  
2016-07-12  40.196  40.277  39.336   31996.27   35316.44  36359.42      3.36  
2016-07-11  40.346  40.342  39.209   35013.02   40419.87  36908.71      4.57  
2016-07-08  40.568  40.290  39.128   36038.42   41047.95  37841.14      5.48  
2016-07-07  40.548  40.099  39.223   37121.65   43392.00  39588.44      9.24  
2016-07-06  40.382  39.964  39.192   34200.58   42944.34  39170.30      6.37  
2016-07-05  40.358  39.734  39.221   38636.61   42038.19  38936.51      6.10  
2016-07-04  40.338  39.442  39.260   45826.71   42041.81  39603.16      5.50  
2016-07-01  40.012  39.166  39.361   46057.48   41501.05  41677.00      6.46  
2016-06-30  39.650  38.926  39.362   49662.35   40716.02  43056.38      6.59  
2016-06-29  39.546  38.624  39.231   51688.10   39963.54  43233.98     10.39  
2016-06-28  39.110  38.395  39.045   45439.76   37402.40  41997.59     12.62  
2016-06-27  38.546  38.075  38.929   38256.92   33397.56  39984.81      5.71  
2016-06-24  38.320  37.965  38.874   36944.63   34634.33  39566.16      9.73  
2016-06-23  38.202  38.347  38.868   31769.69   35784.88  38030.93      8.43  
2016-06-22  37.702  38.420  38.796   28238.97   35396.26  37722.20      4.73  
2016-06-21  37.680  38.707  38.864   29365.03   35834.84  38926.20      6.10  
2016-06-20  37.604  39.077  38.885   28538.21   37164.50  38756.34      4.52  
2016-06-17  37.610  39.555  38.909   32324.03   41852.95  39668.86      5.04  
2016-06-16  38.492  39.798  38.920   39800.06   45396.74  40049.94      5.23  
2016-06-15  39.138  39.838  38.894   42553.56   46504.42  39883.04      5.75  
2016-06-14  39.734  39.694  38.857   42304.64   46592.79  39664.08      5.35  
2016-06-13  40.550  39.783  38.855   45790.80   46572.06  39310.14      7.96  
...            ...     ...     ...        ...        ...       ...       ...  
2015-07-22  32.548  35.832  33.344   82176.07  108159.52  97308.86     21.46  
2015-07-21  33.728  36.021  33.048   76360.90  102654.51  94093.75     32.73  
2015-07-20  35.516  36.469  32.589   84138.14  102407.79  89205.31     22.28  
2015-07-17  37.636  36.484  31.976  101498.44  105356.37  85915.64     29.67  
2015-07-16  38.538  36.099  31.163  111737.45  105865.57  81469.88     30.82  
2015-07-15  39.116  35.928  30.363  134142.96  108047.14  76853.44     11.77  
2015-07-14  38.314  35.392  29.303  128948.11  116262.53  75091.83     45.69  
2015-07-13  37.422  34.294  27.971  120677.44  118493.37  68239.68     51.21  
2015-07-10  35.332  32.657  26.440  109214.29  118892.83  60561.23     46.74  
2015-07-09  33.660  31.713  25.048   99993.70  106878.49  53552.62     68.17  
2015-07-08  32.740  30.855  23.783   81951.33   86458.20  43333.76      3.11  
2015-07-07  32.470  30.075  23.323  103576.96   85533.00  45123.58     31.91  
2015-07-06  31.166  28.709  22.611  116309.30   76002.83  42312.91     32.11  
2015-07-03  29.982  27.468  22.008  128571.38   66474.92  39135.60     31.37  
2015-07-02  29.766  26.226  21.446  113763.29   57074.18  35700.11     38.09  
2015-07-01  28.970  24.797  20.797   90965.08   45659.75  30461.23     39.15  
2015-06-30  27.680  23.214  20.056   67489.05   33921.13  24247.38     53.13  
2015-06-29  26.252  21.647  19.320   35696.37   17985.99  13852.76     52.55  
2015-06-26  24.954  20.222  18.686    4378.46    2229.63   1870.69      6.69  
2015-06-25  22.686  18.383  17.665     385.08     226.74    216.85      0.10  
2015-06-24  20.624  16.711  16.711     354.42     209.31    209.31      0.03  
2015-06-23  18.748  15.820  15.820     353.22     224.23    224.23      0.14  
2015-06-19  17.042  14.988  14.988     275.62     200.51    200.51      0.35  
2015-06-18  15.490  14.209  14.209      80.80      79.43     79.43      0.03  
2015-06-17  14.080  13.480  13.480      68.40      76.67     76.67      0.05  
2015-06-16  12.798  12.798  12.798      64.20      64.20     64.20      0.02  
2015-06-15  12.160  12.160  12.160      63.00      63.00     63.00      0.01  
2015-06-12  11.563  11.563  11.563      75.33      75.33     75.33      0.02  
2015-06-11  11.005  11.005  11.005      76.00      76.00     76.00      0.01  
2015-06-10  10.480  10.480  10.480     118.00     118.00    118.00      0.04  

[276 rows x 14 columns]