             open   high  close    low     volume  price_change  p_change  \
date                                                                        
2016-07-26  12.57  12.89  12.83  12.55   66926.75          0.20      1.58   
2016-07-25  13.06  13.16  12.63  12.46  109347.23         -0.43     -3.29   
2016-07-22  12.58  13.25  13.06  12.50  148704.16          0.56      4.48   
2016-07-21  12.63  12.79  12.50  12.38   71629.65         -0.12     -0.95   
2016-07-20  12.75  13.13  12.62  12.62  101581.98         -0.15     -1.18   
2016-07-19  12.40  12.96  12.77  12.34  122614.26          0.37      2.98   
2016-07-18  12.10  12.53  12.40  12.06   84013.35          0.28      2.31   
2016-07-15  12.23  12.35  12.12  12.09   42866.94         -0.11     -0.90   
2016-07-14  12.21  12.32  12.23  12.06   52071.80          0.02      0.16   
2016-07-13  12.29  12.29  12.21  12.10   49324.19          0.08      0.66   
2016-07-12  12.38  12.38  12.13  12.03   76421.16         -0.23     -1.86   
2016-07-11  12.22  12.65  12.36  12.12   97172.69          0.01      0.08   
2016-07-08  12.43  12.59  12.35  12.20  102364.94         -0.17     -1.36   
2016-07-07  12.26  12.58  12.52  12.20  103883.26          0.24      1.95   
2016-07-06  12.10  12.29  12.28  12.03   58426.49          0.07      0.57   
2016-07-05  12.13  12.23  12.21  12.00   89660.98          0.08      0.66   
2016-07-04  11.99  12.28  12.13  11.93   85083.17          0.10      0.83   
2016-07-01  12.44  12.44  12.03  11.92  106314.83         -0.19     -1.55   
2016-06-30  12.08  12.24  12.22  12.04   80016.33          0.18      1.50   
2016-06-29  12.07  12.22  12.04  12.02   84984.93         -0.04     -0.33   
2016-06-28  12.26  12.28  12.08  12.05  100654.55         -0.37     -2.97   
2016-06-27  12.35  12.49  12.45  12.15  169290.83         -0.11     -0.88   
2016-06-24  12.61  12.66  12.56  12.11  113878.04         -0.05     -0.40   
2016-06-23  12.69  12.75  12.61  12.32   58677.40         -0.07     -0.55   
2016-06-22  12.50  12.69  12.68  12.40   50624.50          0.12      0.95   
2016-06-21  12.78  12.78  12.56  12.47   76216.70         -0.14     -1.10   
2016-06-20  12.67  12.80  12.70  12.50   78536.42          0.04      0.32   
2016-06-17  12.55  12.79  12.66  12.43   84576.77         -0.04     -0.32   
2016-06-16  12.58  12.95  12.70  12.52  107956.36          0.05      0.40   
2016-06-15  12.15  12.80  12.65  12.05  115177.00          0.30      2.43   
...           ...    ...    ...    ...        ...           ...       ...   
2013-09-06  10.77  11.05  10.97  10.76   24897.67          0.11      1.01   
2013-09-05  10.80  10.90  10.86  10.72   19587.13          0.06      0.56   
2013-09-04  10.85  10.92  10.80  10.70   19035.58         -0.03     -0.28   
2013-09-03  10.71  10.90  10.83  10.70   16349.30          0.11      1.03   
2013-09-02  10.46  10.86  10.72  10.44   18389.92          0.19      1.80   
2013-08-30  11.00  11.09  10.53  10.50   32973.82         -0.47     -4.27   
2013-08-29  11.19  11.28  11.00  11.00   29300.43         -0.32     -2.83   
2013-08-28  11.10  11.48  11.32  10.98   43610.52          0.18      1.62   
2013-08-27  11.10  11.15  11.14  10.95   26311.93          0.06      0.54   
2013-08-26  10.89  11.09  11.08  10.86   22282.59          0.22      2.03   
2013-08-23  11.10  11.24  10.86  10.76   31020.35         -0.26     -2.34   
2013-08-22  11.07  11.23  11.12  11.02   21197.16         -0.01     -0.09   
2013-08-21  11.08  11.15  11.13  10.85   25728.32         -0.03     -0.27   
2013-08-20  11.23  11.33  11.16  11.06   31382.27         -0.17     -1.50   
2013-08-19  11.05  11.38  11.33  11.03   19389.09          0.14      1.25   
2013-08-16  11.60  11.83  11.19  11.11   35757.33         -0.54     -4.60   
2013-08-15  11.80  11.98  11.73  11.66   43100.34         -0.02     -0.17   
2013-08-14  11.80  11.90  11.75  11.57   35477.41         -0.07     -0.59   
2013-08-13  11.87  11.95  11.82  11.70   43748.20         -0.09     -0.76   
2013-08-12  11.65  11.96  11.91  11.29   85202.01          0.45      3.93   
2013-08-09  11.21  11.48  11.46  10.80   54866.41          0.26      2.32   
2013-08-08  11.00  11.34  11.20  11.00   28989.25         -0.09     -0.80   
2013-08-07  11.67  11.70  11.29  11.22   47232.84         -0.45     -3.83   
2013-08-06  11.71  11.84  11.74  11.57   40944.47         -0.05     -0.42   
2013-08-05  11.60  11.82  11.79  11.51   45756.39          0.11      0.94   
2013-08-02  11.72  12.08  11.68  11.61   57355.57         -0.11     -0.93   
2013-08-01  11.45  12.00  11.79  11.45   65684.13          0.65      5.83   
2013-07-31  11.20  11.40  11.14  11.08   25372.10         -0.06     -0.54   
2013-07-30  11.59  11.61  11.20  10.84   42623.16         -0.44     -3.78   
2013-07-29  11.28  11.83  11.64  11.20   68793.36          0.28      2.46   

               ma5    ma10    ma20      v_ma5     v_ma10     v_ma20  turnover  
date                                                                           
2016-07-26  12.728  12.537  12.382   99637.95   84908.03   86670.45      2.68  
2016-07-25  12.716  12.467  12.345  110775.46   85857.47   88356.84      4.38  
2016-07-22  12.670  12.440  12.336  105708.68   84640.02   91354.02      5.96  
2016-07-21  12.482  12.369  12.311   84541.24   80006.10   89612.72      2.87  
2016-07-20  12.428  12.371  12.316   80629.67   83231.46   88965.11      4.07  
2016-07-19  12.346  12.337  12.319   70178.11   78915.91   86417.23      4.91  
2016-07-18  12.218  12.281  12.309   60939.49   75620.58   84097.35      3.37  
2016-07-15  12.210  12.254  12.324   63571.36   75727.56   83823.51      1.72  
2016-07-14  12.256  12.245  12.351   75470.96   82072.35   85909.00      2.09  
2016-07-13  12.314  12.244  12.374   85833.25   84866.80   88703.23      1.98  
2016-07-12  12.328  12.227  12.396   87653.71   88432.88   91995.87      3.06  
2016-07-11  12.344  12.222  12.407   90301.67   90856.22   93242.66      3.90  
2016-07-08  12.298  12.231  12.397   87883.77   98068.03   93614.67      4.10  
2016-07-07  12.234  12.252  12.409   88673.75   99219.34   93698.13      4.16  
2016-07-06  12.174  12.261  12.406   83900.36   94698.76   93780.02      2.34  
2016-07-05  12.126  12.301  12.419   89212.05   93918.56   98514.42      3.59  
2016-07-04  12.100  12.336  12.421   91410.76   92574.13  106848.60      3.41  
2016-07-01  12.164  12.393  12.435  108252.29   91919.45  119268.11      4.26  
2016-06-30  12.270  12.456  12.498  109764.94   89745.65  126639.73      3.21  
2016-06-29  12.348  12.504  12.521  105497.15   92539.65  130355.92      3.41  
2016-06-28  12.476  12.565  12.539   98625.06   95558.86  131917.90      4.04  
2016-06-27  12.572  12.592  12.542   93737.49   95629.11  132806.94      6.79  
2016-06-24  12.622  12.563  12.531   75586.61   89161.31  133457.82      4.57  
2016-06-23  12.642  12.565  12.480   69726.36   88176.91  136532.64      2.35  
2016-06-22  12.660  12.550  12.441   79582.15   92861.28  140613.68      2.03  
2016-06-21  12.654  12.537  12.395   92492.65  103110.29  143329.29      3.06  
2016-06-20  12.612  12.505  12.340   97520.72  121123.07  144531.30      3.15  
2016-06-17  12.504  12.477  12.267  102736.00  146616.78  144767.74      3.39  
2016-06-16  12.488  12.539  12.185  106627.47  163533.81  145269.15      4.33  
2016-06-15  12.440  12.537  12.116  106140.42  168172.19  146152.26      4.62  
...            ...     ...     ...        ...        ...        ...       ...  
2013-09-06  10.836  10.925  11.163   19651.92   25273.89   31237.07      2.73  
2013-09-05  10.748  10.914  11.187   21267.15   25886.16   32735.51      2.15  
2013-09-04  10.776  10.940  11.204   23209.81   26047.16   33205.61      2.09  
2013-09-03  10.880  10.973  11.229   28124.80   26716.43   34615.47      1.79  
2013-09-02  10.942  11.006  11.274   30117.32   28219.73   35845.23      2.02  
2013-08-30  11.014  11.067  11.328   30895.86   28319.65   37213.56      3.61  
2013-08-29  11.080  11.133  11.385   30505.16   28598.00   38432.64      3.21  
2013-08-28  11.104  11.206  11.425   28884.51   29977.99   40251.83      4.78  
2013-08-27  11.066  11.249  11.416   25308.07   29164.68   39339.91      2.88  
2013-08-26  11.070  11.317  11.419   26322.14   30908.31   40155.47      2.44  
2013-08-23  11.120  11.400  11.447   25743.44   37200.25   42481.01      3.40  
2013-08-22  11.186  11.460  11.477   26690.83   39584.85   43084.20      2.32  
2013-08-21  11.308  11.468  11.497   31071.47   40364.06   44300.15      2.82  
2013-08-20  11.432  11.484  11.519   33021.29   42514.52   45392.61      3.44  
2013-08-19  11.564  11.542  11.541   35494.47   43470.74   46268.25      2.12  
2013-08-16  11.680  11.588  11.555   48657.06   46107.46   48060.20      3.92  
2013-08-15  11.734  11.637  11.581   52478.87   48267.29   48938.97      4.72  
2013-08-14  11.628  11.643  11.570   49656.66   50525.67   49388.10      3.89  
2013-08-13  11.536  11.582  11.555   52007.74   49515.14   50547.32      4.79  
2013-08-12  11.520  11.520  11.531   51447.00   49402.63   51165.43      9.34  
2013-08-09  11.496  11.493  11.493   43557.87   47761.77   47761.77      6.01  
2013-08-08  11.540  11.497  11.497   44055.70   46972.36   46972.36      3.18  
2013-08-07  11.658  11.534  11.534   51394.68   49220.25   49220.25      5.18  
2013-08-06  11.628  11.569  11.569   47022.53   49504.17   49504.17      4.49  
2013-08-05  11.520  11.540  11.540   47358.27   50930.79   50930.79      5.01  
2013-08-02  11.490  11.490  11.490   51965.66   51965.66   51965.66      6.29  
2013-08-01  11.443  11.443  11.443   50618.19   50618.19   50618.19      7.20  
2013-07-31  11.327  11.327  11.327   45596.21   45596.21   45596.21      2.78  
2013-07-30  11.420  11.420  11.420   55708.26   55708.26   55708.26      4.67  
2013-07-29  11.640  11.640  11.640   68793.36   68793.36   68793.36      7.54  

[634 rows x 14 columns]