             open   high  close    low     volume  price_change  p_change  \
date                                                                        
2016-07-22  22.10  22.38  21.40  21.33  350698.34         -0.80     -3.60   
2016-07-21  22.19  22.86  22.20  21.63  599779.94         -0.81     -3.52   
2016-07-20  22.11  24.28  23.01  21.22  730964.81          0.94      4.26   
2016-07-14  21.50  23.21  22.07  21.21  707456.19          0.97      4.60   
2016-07-13  19.00  21.10  21.10  18.45  465757.19          1.92     10.01   
2016-07-12  18.69  20.11  19.18  18.51  614977.06          0.90      4.92   
2016-07-11  18.00  18.28  18.28  17.50  148532.66          1.66      9.99   
2016-07-08  16.53  16.90  16.62  16.41  112255.89          0.08      0.48   
2016-07-07  16.73  16.87  16.54  16.25  120153.09         -0.16     -0.96   
2016-07-06  16.90  16.95  16.70  16.55  120811.46         -0.30     -1.76   
2016-07-05  17.19  17.38  17.00  16.82  142403.61         -0.19     -1.10   
2016-07-04  16.49  17.28  17.19  16.46  155395.56          0.48      2.87   
2016-07-01  17.05  17.16  16.71  16.58  124468.31         -0.29     -1.71   
2016-06-30  17.20  17.25  17.00  16.72  137252.89         -0.16     -0.93   
2016-06-29  17.45  17.64  17.16  16.90  172910.86         -0.18     -1.04   
2016-06-28  16.76  17.48  17.34  16.65  233827.97          0.43      2.54   
2016-06-27  15.87  17.28  16.91  15.87  218033.91          0.77      4.77   
2016-06-24  16.50  16.88  16.14  15.10  196501.33         -0.54     -3.24   
2016-06-23  16.55  17.11  16.68  16.11  246438.42         -0.01     -0.06   
2016-06-22  15.19  16.69  16.69  15.00  204378.28          1.52     10.02   
2016-06-21  15.78  15.88  15.17  15.00  131980.05         -0.43     -2.76   
2016-06-20  15.96  15.96  15.60  15.10  129414.56         -0.28     -1.76   
2016-06-17  15.75  16.24  15.88  15.55  146165.64          0.20      1.28   
2016-06-16  16.05  16.48  15.68  15.51  155329.69         -0.40     -2.49   
2016-06-15  15.06  16.38  16.08  15.01  163269.64          0.61      3.94   
2016-06-14  15.20  15.64  15.47  15.15  144161.92         -0.11     -0.71   
2016-06-13  16.99  17.53  15.58  15.58  173244.56         -1.73     -9.99   
2016-06-08  17.50  17.60  17.31  17.03  137541.94         -0.34     -1.93   
2016-06-07  17.76  17.80  17.65  17.31  181935.59         -0.31     -1.73   
2016-06-06  17.69  18.68  17.96  17.69  239194.86          0.21      1.18   
...           ...    ...    ...    ...        ...           ...       ...   
2013-09-03  15.26  15.74  15.69  15.21   48842.27          0.22      1.42   
2013-09-02  14.86  15.53  15.47  14.86   46658.76          0.47      3.13   
2013-08-30  16.13  16.20  15.00  14.80   95436.57         -1.30     -7.97   
2013-08-29  15.70  16.50  16.30  15.70   86514.37          0.40      2.52   
2013-08-28  16.59  16.78  15.90  15.90  105490.55         -1.08     -6.36   
2013-08-27  16.53  16.99  16.98  16.15  117331.18          0.14      0.83   
2013-08-26  16.40  17.08  16.84  16.38  140541.59          0.05      0.30   
2013-08-23  17.30  17.47  16.79  16.20  231059.59         -1.21     -6.72   
2013-08-22  18.45  18.65  18.00  17.76  317397.00          1.05      6.20   
2013-08-21  16.20  16.95  16.95  16.20   70752.01          1.54      9.99   
2013-08-20  15.21  15.93  15.41  15.18  100003.83          0.27      1.78   
2013-08-19  14.26  15.19  15.14  14.23   60778.72          0.88      6.17   
2013-08-16  15.07  15.16  14.26  14.21   75860.90         -1.01     -6.61   
2013-08-15  15.25  15.69  15.27  14.93   94290.40          0.09      0.59   
2013-08-14  14.71  15.39  15.18  14.45   82513.11          0.40      2.71   
2013-08-13  14.52  14.93  14.78  14.40   38716.95          0.12      0.82   
2013-08-12  14.57  14.93  14.66  14.22   48179.98         -0.12     -0.81   
2013-08-09  15.30  15.42  14.78  14.50   63811.53         -0.55     -3.59   
2013-08-08  15.40  15.57  15.33  15.08   51142.73          0.20      1.32   
2013-08-07  15.98  16.00  15.13  15.01   88083.29         -0.94     -5.85   
2013-08-06  15.44  16.29  16.07  15.35   96824.61          0.67      4.35   
2013-08-05  15.07  15.54  15.40  14.90   59929.32          0.12      0.79   
2013-08-02  15.75  16.32  15.28  15.23   84771.18         -0.41     -2.61   
2013-08-01  14.79  15.73  15.69  14.62   71886.03          0.75      5.02   
2013-07-31  14.51  15.40  14.94  14.32   64886.99          0.50      3.46   
2013-07-30  15.00  15.45  14.44  14.00   72645.38         -0.61     -4.05   
2013-07-29  15.25  15.98  15.05  15.00   74251.10         -0.94     -5.88   
2013-07-26  16.23  17.06  15.99  15.24  143245.05         -0.94     -5.55   
2013-07-25  16.65  17.95  16.93  15.90  251335.34          0.48      2.92   
2013-07-24  15.56  16.56  16.45  15.28  168297.78          0.61      3.85   

               ma5    ma10    ma20      v_ma5     v_ma10     v_ma20  turnover  
date                                                                           
2016-07-22  21.956  19.710  18.296  570931.29  397138.66  290149.89     15.30  
2016-07-21  21.512  19.270  17.985  623787.04  376309.19  279213.97     26.17  
2016-07-20  20.728  18.769  17.655  533537.58  331870.75  255695.71     31.90  
2016-07-14  19.450  18.139  17.298  409795.80  271221.10  226455.75     30.87  
2016-07-13  18.344  17.632  16.979  292335.18  214200.77  198849.42     20.32  
2016-07-12  17.464  17.238  16.728  223346.03  184916.14  183725.04     26.83  
2016-07-11  17.028  17.054  16.542  128831.34  146801.23  160184.29      6.48  
2016-07-08  16.810  16.917  16.407  130203.92  153751.35  161419.88      4.90  
2016-07-07  16.828  16.869  16.442  132646.41  162175.90  162684.18      5.24  
2016-07-06  16.920  16.883  16.497  136066.37  174804.43  165773.31      5.27  
2016-07-05  17.012  16.882  16.560  146486.25  183161.11  171692.48      6.21  
2016-07-04  17.080  16.699  16.598  164771.12  182118.76  179964.36      6.78  
2016-07-01  17.024  16.540  16.648  177298.79  179520.66  197058.33      5.43  
2016-06-30  16.910  16.457  16.677  191705.39  181690.39  201709.25      5.99  
2016-06-29  16.846  16.325  16.614  213542.50  183498.07  205839.42      7.55  
2016-06-28  16.752  16.217  16.496  219835.98  182533.95  205604.01     10.20  
2016-06-27  16.318  16.030  16.402  199466.40  173567.34  204654.93      9.51  
2016-06-24  16.056  15.897  16.344  181742.53  169088.41  205173.33      8.57  
2016-06-23  16.004  16.014  16.328  171675.39  163192.47  212249.74     10.75  
2016-06-22  15.804  16.111  16.281  153453.64  156742.19  211850.66      8.92  
2016-06-21  15.682  16.238  16.229  145231.92  160223.85  214694.95      5.76  
2016-06-20  15.742  16.496  16.242  147668.29  177809.96  221995.14      5.65  
2016-06-17  15.738  16.755  16.251  156434.29  214596.01  235764.41      6.38  
2016-06-16  16.024  16.897  16.230  154709.55  221728.10  251774.82      6.78  
2016-06-15  16.418  16.902  16.288  160030.73  228180.77  251477.13      7.12  
2016-06-14  16.794  16.775  16.249  175215.77  228674.07  249483.16      6.29  
2016-06-13  17.250  16.774  17.221  207951.62  235742.51  246530.19      7.56  
2016-06-08  17.772  16.790  18.248  272757.72  241258.26  241941.72      6.00  
2016-06-07  17.770  16.641  19.247  288746.65  261307.00  241433.99      7.94  
2016-06-06  17.386  16.451  20.435  296330.82  266959.14  235771.30     10.44  
...            ...     ...     ...        ...        ...        ...       ...  
2013-09-03  15.672  16.392  15.693   76588.50  126002.39   98170.27      5.94  
2013-09-02  15.930  16.364  15.712   90286.29  131118.54  100569.38      5.68  
2013-08-30  16.204  16.331  15.709  109062.85  132530.54  101232.91     11.61  
2013-08-29  16.562  16.257  15.723  136187.46  130572.97  100699.64     10.53  
2013-08-28  16.902  16.154  15.692  182363.98  131350.58   99968.23     12.84  
2013-08-27  17.112  16.082  15.644  175416.27  129052.83   97938.05     14.28  
2013-08-26  16.798  15.862  15.517  171950.80  121191.41   95703.76     17.10  
2013-08-23  16.458  15.644  15.428  155998.23  111955.25   92389.23     28.12  
2013-08-22  15.952  15.443  15.388  124958.49   95230.44   87998.51     38.63  
2013-08-21  15.406  15.176  15.334   80337.17   68605.02   84695.42      8.61  
2013-08-20  15.052  14.994  15.309   82689.39   70338.14   89572.71     12.17  
2013-08-19  14.926  15.060  15.304   70432.02   70020.22   89023.70      7.40  
2013-08-16  14.830  15.086  15.313   67912.27   69935.28   90592.87      9.23  
2013-08-15  14.934  15.188  15.375   65502.39   70826.31   91459.46     11.48  
2013-08-14  14.946  15.230  15.381   56872.86   68585.87   91282.52     10.04  
2013-08-13  14.936  15.206  15.395   57986.90   66823.26   91867.15      4.71  
2013-08-12  15.194  15.172  15.439   69608.43   70216.10   95663.59      5.86  
2013-08-09  15.342  15.211  15.498   71958.30   72823.22   99316.18      7.77  
2013-08-08  15.442  15.332  15.558   76150.23   80766.57  102274.90      6.22  
2013-08-07  15.514  15.492  15.579   80298.89  100785.83  106923.28     10.72  
2013-08-06  15.476  15.624  15.624   75659.63  108807.28  108807.28     11.78  
2013-08-05  15.150  15.574  15.574   70823.78  110138.69  110138.69      7.29  
2013-08-02  15.080  15.596  15.596   73688.14  116414.86  116414.86     10.32  
2013-08-01  15.222  15.641  15.641   85382.91  120935.38  120935.38      8.75  
2013-07-31  15.470  15.633  15.633  121272.77  129110.27  129110.27      7.90  
2013-07-30  15.772  15.772  15.772  141954.93  141954.93  141954.93      8.84  
2013-07-29  16.105  16.105  16.105  159282.32  159282.32  159282.32      9.04  
2013-07-26  16.457  16.457  16.457  187626.06  187626.06  187626.06     17.43  
2013-07-25  16.690  16.690  16.690  209816.56  209816.56  209816.56     30.59  
2013-07-24  16.450  16.450  16.450  168297.78  168297.78  168297.78     20.48  

[564 rows x 14 columns]