date	open	high	close	low	volume	price_change	p_change	ma5	ma10	ma20	v_ma5	v_ma10	v_ma20	turnover
2016-07-22	22.1	22.38	21.4	21.33	350698.34	-0.8	-3.6	21.956	19.71	18.296	570931.29	397138.66	290149.89	15.3
2016-07-21	22.19	22.86	22.2	21.63	599779.94	-0.81	-3.52	21.512	19.27	17.985	623787.04	376309.19	279213.97	26.17
2016-07-20	22.11	24.28	23.01	21.22	730964.81	0.94	4.26	20.728	18.769	17.655	533537.58	331870.75	255695.71	31.9
2016-07-14	21.5	23.21	22.07	21.21	707456.19	0.97	4.6	19.45	18.139	17.298	409795.8	271221.1	226455.75	30.87
2016-07-13	19.0	21.1	21.1	18.45	465757.19	1.92	10.01	18.344	17.632	16.979	292335.18	214200.77	198849.42	20.32
2016-07-12	18.69	20.11	19.18	18.51	614977.06	0.9	4.92	17.464	17.238	16.728	223346.03	184916.14	183725.04	26.83
2016-07-11	18.0	18.28	18.28	17.5	148532.66	1.66	9.99	17.028	17.054	16.542	128831.34	146801.23	160184.29	6.48
2016-07-08	16.53	16.9	16.62	16.41	112255.89	0.08	0.48	16.81	16.917	16.407	130203.92	153751.35	161419.88	4.9
2016-07-07	16.73	16.87	16.54	16.25	120153.09	-0.16	-0.96	16.828	16.869	16.442	132646.41	162175.9	162684.18	5.24
2016-07-06	16.9	16.95	16.7	16.55	120811.46	-0.3	-1.76	16.92	16.883	16.497	136066.37	174804.43	165773.31	5.27
2016-07-05	17.19	17.38	17.0	16.82	142403.61	-0.19	-1.1	17.012	16.882	16.56	146486.25	183161.11	171692.48	6.21
2016-07-04	16.49	17.28	17.19	16.46	155395.56	0.48	2.87	17.08	16.699	16.598	164771.12	182118.76	179964.36	6.78
2016-07-01	17.05	17.16	16.71	16.58	124468.31	-0.29	-1.71	17.024	16.54	16.648	177298.79	179520.66	197058.33	5.43
2016-06-30	17.2	17.25	17.0	16.72	137252.89	-0.16	-0.93	16.91	16.457	16.677	191705.39	181690.39	201709.25	5.99
2016-06-29	17.45	17.64	17.16	16.9	172910.86	-0.18	-1.04	16.846	16.325	16.614	213542.5	183498.07	205839.42	7.55
2016-06-28	16.76	17.48	17.34	16.65	233827.97	0.43	2.54	16.752	16.217	16.496	219835.98	182533.95	205604.01	10.2
2016-06-27	15.87	17.28	16.91	15.87	218033.91	0.77	4.77	16.318	16.03	16.402	199466.4	173567.34	204654.93	9.51
2016-06-24	16.5	16.88	16.14	15.1	196501.33	-0.54	-3.24	16.056	15.897	16.344	181742.53	169088.41	205173.33	8.57
2016-06-23	16.55	17.11	16.68	16.11	246438.42	-0.01	-0.06	16.004	16.014	16.328	171675.39	163192.47	212249.74	10.75
2016-06-22	15.19	16.69	16.69	15.0	204378.28	1.52	10.02	15.804	16.111	16.281	153453.64	156742.19	211850.66	8.92
2016-06-21	15.78	15.88	15.17	15.0	131980.05	-0.43	-2.76	15.682	16.238	16.229	145231.92	160223.85	214694.95	5.76
2016-06-20	15.96	15.96	15.6	15.1	129414.56	-0.28	-1.76	15.742	16.496	16.242	147668.29	177809.96	221995.14	5.65
2016-06-17	15.75	16.24	15.88	15.55	146165.64	0.2	1.28	15.738	16.755	16.251	156434.29	214596.01	235764.41	6.38
2016-06-16	16.05	16.48	15.68	15.51	155329.69	-0.4	-2.49	16.024	16.897	16.23	154709.55	221728.1	251774.82	6.78
2016-06-15	15.06	16.38	16.08	15.01	163269.64	0.61	3.94	16.418	16.902	16.288	160030.73	228180.77	251477.13	7.12
2016-06-14	15.2	15.64	15.47	15.15	144161.92	-0.11	-0.71	16.794	16.775	16.249	175215.77	228674.07	249483.16	6.29
2016-06-13	16.99	17.53	15.58	15.58	173244.56	-1.73	-9.99	17.25	16.774	17.221	207951.62	235742.51	246530.19	7.56
2016-06-08	17.5	17.6	17.31	17.03	137541.94	-0.34	-1.93	17.772	16.79	18.248	272757.72	241258.26	241941.72	6.0
2016-06-07	17.76	17.8	17.65	17.31	181935.59	-0.31	-1.73	17.77	16.641	19.247	288746.65	261307.0	241433.99	7.94
2016-06-06	17.69	18.68	17.96	17.69	239194.86	0.21	1.18	17.386	16.451	20.435	296330.82	266959.14	235771.3	10.44
2016-06-03	17.88	18.1	17.75	17.5	307841.16	-0.44	-2.42	16.756	16.22	21.648	282132.37	269166.05	228132.72	13.43
2016-06-02	17.25	18.76	18.19	17.1	497275.06	0.89	5.14	16.298	15.988	23.106	263533.4	266180.33	216868.85	21.7
2016-06-01	15.92	17.3	17.3	15.92	217486.59	1.57	9.98	15.808	15.747	24.761	209758.79	256932.81	195119.12	9.49
2016-05-31	14.85	15.87	15.73	14.85	219856.41	0.92	6.21	15.512	15.562	26.361	233867.36	281821.54	186653.5	9.59
2016-05-30	15.04	15.33	14.81	14.8	168202.61	-0.65	-4.2	15.516	15.673	28.049	237587.46	274773.49	178459.76	7.34
2016-05-27	15.69	16.1	15.46	15.41	214846.34	-0.28	-1.78	15.684	15.723	29.64	256199.72	270292.24	171562.34	9.37
2016-05-26	15.55	15.76	15.74	14.79	228402.02	-0.08	-0.51	15.678	17.668	31.232	268827.26	257317.87	162723.61	9.97
2016-05-25	15.82	16.59	15.82	15.65	338029.41	0.07	0.44	15.686	19.705	32.771	304106.83	242625.19	153987.95	14.75
2016-05-24	15.3	15.97	15.75	14.87	238456.91	0.1	0.64	15.612	21.853	34.349	329775.72	221560.98	139376.65	10.41
2016-05-23	15.5	16.28	15.65	15.32	261263.94	0.22	1.43	15.83	24.418	35.919	311959.52	204583.46	131299.46	11.4
2016-05-20	15.3	15.56	15.43	14.65	277984.03	-0.35	-2.22	15.762	27.075	37.404	284384.76	187099.4	121490.69	12.13
2016-05-19	15.18	16.53	15.78	15.01	404799.84	0.33	2.14	19.658	30.223	38.853	245808.48	167557.37	112604.37	17.66
2016-05-18	17.3	17.69	15.45	15.16	466373.88	-1.39	-8.25	23.724	33.775	40.521	181143.55	133305.43	97050.57	20.35
2016-05-17	16.84	16.84	16.84	16.4	149375.89	1.53	9.99	28.094	37.159	42.478	113346.24	91485.46	77059.65	6.52
2016-05-16	14.33	15.31	15.31	14.33	123390.18	1.39	9.99	33.006	40.424	44.441	97207.41	82146.04	73744.78	5.38
2016-05-13	35.03	36.2	34.91	34.39	85102.59	-1.2	-3.32	38.388	43.556	46.61	89814.03	72832.44	73443.13	9.29
2016-05-12	35.13	36.52	36.11	33.74	81475.21	-1.19	-3.19	40.788	44.795	47.625	89306.27	68129.34	72535.12	8.9
2016-05-11	41.64	41.93	37.3	37.26	127387.35	-4.1	-9.9	43.826	45.837	48.566	85467.31	65350.71	73989.22	13.91
2016-05-10	42.16	42.45	41.4	40.33	68681.73	-0.82	-1.94	46.224	46.845	49.42	69624.67	57192.32	72993.0	7.5
2016-05-09	45.99	46.0	42.22	42.22	86423.29	-4.69	-10.0	47.842	47.419	50.063	67084.66	58015.45	75383.99	9.44
2016-05-06	51.0	51.98	46.91	46.89	82563.78	-4.39	-8.56	48.724	47.733	50.642	55850.85	55881.98	76445.97	9.02
2016-05-05	49.6	51.6	51.3	48.8	62280.41	2.01	4.08	48.802	47.482	51.041	46952.41	57651.37	78998.83	6.8
2016-05-04	49.09	50.82	49.29	48.76	48174.16	-0.2	-0.4	47.848	47.266	51.416	45234.11	60795.72	83972.54	5.26
2016-05-03	46.5	50.0	49.49	46.11	55981.67	2.86	6.13	47.466	47.797	51.744	44759.96	62633.85	89248.8	6.11
2016-04-29	46.5	48.2	46.63	46.25	30254.23	-0.67	-1.42	46.996	48.458	52.018	48946.25	65343.52	97201.98	3.3
2016-04-28	46.88	47.42	47.3	44.6	38071.59	0.77	1.66	46.742	49.663	52.447	55913.1	74053.82	103355.88	4.16
2016-04-27	47.3	49.35	46.53	46.53	53688.91	-0.85	-1.79	46.162	50.454	52.592	68350.33	76940.89	111397.93	5.86
2016-04-26	46.77	47.68	47.38	46.13	45803.38	0.24	0.51	46.684	51.294	52.584	76357.32	82627.73	118634.5	5.0
2016-04-25	44.77	47.48	47.14	43.5	76913.12	1.78	3.92	48.128	51.995	52.624	80507.74	88793.68	128190.34	8.4
2016-04-22	44.26	45.48	45.36	43.21	65088.51	0.96	2.16	49.92	52.706	52.457	81740.79	92752.52	135903.17	7.11
2016-04-21	48.11	48.75	44.4	44.23	100257.73	-4.74	-9.65	52.584	53.55	52.581	92194.53	97009.96	138479.15	10.95
2016-04-20	54.72	55.27	49.14	49.14	93723.85	-5.46	-10.0	54.746	54.6	52.751	85531.46	100346.29	139936.51	10.23
2016-04-19	56.7	56.97	54.6	54.0	66555.5	-1.5	-2.67	55.904	55.566	52.635	88898.15	107149.37	144002.56	7.27
2016-04-18	57.3	58.6	56.1	55.8	83078.37	-2.58	-4.4	55.862	55.691	52.505	97079.62	115863.74	147799.56	9.07
2016-04-15	55.8	59.98	58.68	54.36	117357.21	3.47	6.29	55.492	55.577	52.064	103764.26	129060.44	152378.09	12.82
2016-04-14	54.5	56.9	55.21	54.5	66942.35	0.28	0.51	54.516	55.231	51.398	101825.38	132657.95	155534.03	7.31
2016-04-13	54.39	57.3	54.93	53.6	110557.32	0.54	0.99	54.454	54.73	50.823	115161.12	145854.96	161310.46	12.07
2016-04-12	53.1	55.25	54.39	52.5	107462.84	0.14	0.26	55.228	53.874	50.244	125400.6	154641.26	166931.77	11.74
2016-04-11	54.59	57.8	54.25	53.61	116501.57	0.45	0.84	55.52	53.253	49.604	134647.87	167586.99	170684.81	12.72
2016-04-08	55.99	55.99	53.8	52.5	107662.83	-1.1	-2.0	55.662	52.208	48.781	154356.62	179053.81	170899.56	11.76
2016-04-07	58.0	58.4	54.9	54.02	133621.05	-3.9	-6.63	55.946	51.612	48.041	163490.52	179948.35	173323.7	14.59
2016-04-06	55.2	59.98	58.8	55.09	161754.69	2.95	5.28	55.006	50.902	47.168	176548.8	179526.72	174366.42	17.66
2016-04-05	55.88	57.38	55.85	54.1	153699.19	0.89	1.62	52.52	49.703	46.04	183881.93	180855.75	173177.2	16.78
2016-04-01	55.0	59.7	54.96	53.52	215045.36	-0.26	-0.47	50.986	49.319	45.017	200526.12	179735.38	170942.56	23.48
2016-03-31	50.77	55.22	55.22	50.5	153332.3	5.02	10.0	48.754	48.551	44.005	203751.0	175695.74	166882.89	16.74
2016-03-30	46.89	50.9	50.2	46.2	198912.44	3.83	8.26	47.278	47.564	43.058	196406.19	178410.1	165503.04	21.72
2016-03-29	48.0	48.84	46.37	45.51	198420.34	-1.81	-3.76	46.798	46.915	42.224	182504.65	176765.96	160273.45	21.67
2016-03-28	44.28	48.18	48.18	44.28	236920.14	4.38	10.0	46.886	46.614	41.523	177829.58	179222.27	154603.34	25.87
2016-03-25	47.84	51.44	43.8	43.06	231169.77	-4.04	-8.45	47.652	45.954	40.814	158944.64	173782.64	148822.35	25.24
2015-11-25	46.89	47.9	47.84	46.0	116608.24	0.04	0.08	48.348	45.354	40.319	147640.47	162745.32	142810.26	12.79
2015-11-24	47.87	48.48	47.8	44.6	129404.74	0.99	2.12	47.85	44.469	39.604	160414.01	166699.05	145089.26	14.19
2015-11-23	53.4	54.7	46.81	46.81	175045.0	-5.2	-10.0	47.032	43.434	39.067	171027.27	169206.12	148235.28	19.2
2015-11-20	46.49	52.01	52.01	46.49	142495.47	4.73	10.0	46.342	42.377	38.525	180614.96	165498.65	150945.07	15.63
2015-11-19	46.0	48.94	47.28	43.5	174648.91	1.93	4.26	44.256	40.714	37.923	188620.63	162149.74	161830.91	19.15
2015-11-18	43.0	47.5	45.35	42.38	180475.95	1.64	3.75	42.36	39.458	37.428	177850.16	158070.05	158162.84	19.79
2015-11-17	43.54	45.39	43.71	41.7	182471.0	0.35	0.81	41.088	38.552	36.86	172984.08	152595.98	163181.27	20.01
2015-11-16	41.0	44.27	43.36	40.3	222983.47	1.78	4.28	39.836	37.533	36.22	167384.98	143780.94	161019.1	24.46
2015-11-13	37.8	41.58	41.58	37.55	182523.8	3.78	10.0	38.412	36.432	35.514	150382.35	129984.41	155477.3	20.02
2015-11-12	40.2	40.2	37.8	37.15	120796.57	-1.19	-3.05	37.172	35.674	34.963	135678.85	123862.06	152764.08	13.25
2015-11-11	37.47	40.93	38.99	37.02	156145.58	1.54	4.11	36.556	35.283	34.568	138289.95	122875.21	152329.1	17.13
2015-11-10	35.86	37.82	37.45	35.61	154475.48	1.21	3.34	36.016	34.739	34.042	132207.88	123479.47	150480.75	16.94
2015-11-09	34.65	36.79	36.24	33.6	137970.31	0.86	2.43	35.23	34.699	33.673	120176.9	127264.43	148901.14	15.13
2015-11-06	34.98	35.8	35.38	34.74	109006.29	0.66	1.9	34.452	34.672	33.311	109586.48	136391.49	148012.74	11.96
2015-11-05	35.8	36.15	34.72	34.22	133852.08	-1.57	-4.33	34.176	35.131	32.902	112045.28	161512.09	147013.45	14.68
2015-11-04	34.12	36.4	36.29	33.89	125735.23	2.77	8.26	34.01	35.398	32.539	107460.47	158255.64	145448.11	13.79
2015-11-03	32.5	34.95	33.52	32.48	94320.6	1.17	3.62	33.462	35.168	32.069	114751.07	173766.56	139244.16	10.34
2015-11-02	32.1	34.39	32.35	32.02	85018.19	-1.65	-4.85	34.168	34.906	31.716	134351.96	178257.26	137404.08	9.32
2015-10-30	34.0	34.84	34.0	31.8	121300.31	0.11	0.33	34.892	34.596	31.469	163196.49	180970.19	138608.5	13.3
2015-10-29	33.6	35.27	33.89	33.4	110928.0	0.34	1.01	36.086	34.252	31.133	210978.9	181666.1	137432.13	12.17
2015-10-28	36.02	36.36	33.55	33.4	162188.23	-3.5	-9.45	36.786	33.852	30.679	209050.81	181782.98	137635.59	17.79
2015-10-27	34.06	37.7	37.05	33.9	192325.09	1.08	3.0	36.874	33.345	30.288	232782.05	177482.03	134889.27	21.09
2015-10-26	37.92	38.79	35.97	35.97	229240.83	-4.0	-10.01	35.644	32.646	29.696	222162.56	170537.85	130412.76	25.14
2015-10-23	41.13	41.13	39.97	38.8	360212.34	2.58	6.9	34.3	31.95	29.14	198743.89	159633.99	125386.38	39.51
2015-10-22	35.68	37.39	37.39	34.88	101287.54	3.4	10.0	32.418	30.673	28.4	152353.29	132514.82	113290.66	11.11
2015-10-21	31.3	33.99	33.99	31.24	280844.47	3.09	10.0	30.918	29.679	27.674	154515.16	132640.59	112160.38	30.8
2015-10-20	29.02	31.23	30.9	29.02	139227.61	1.65	5.64	29.816	28.97	27.075	122182.01	104721.76	103551.03	15.27
2015-10-19	30.56	30.88	29.25	28.75	112147.51	-1.31	-4.29	29.648	28.526	26.635	118913.15	96550.91	101159.07	12.3
2015-10-16	30.01	30.81	30.56	29.18	128259.33	0.67	2.24	29.6	28.342	26.177	120524.08	96246.81	100135.8	14.07
2015-10-15	27.72	30.2	29.89	27.6	112096.88	1.41	4.95	28.928	28.014	25.765	112676.35	93198.17	95887.24	12.29
2015-10-14	29.79	29.79	28.48	28.41	119178.71	-1.58	-5.26	28.44	27.505	25.51	110766.03	93488.2	93211.2	13.07
2015-10-13	28.33	30.9	30.06	28.33	122883.31	1.05	3.62	28.124	27.231	25.299	87261.51	92296.51	90749.66	13.48
2015-10-12	27.31	29.5	29.01	26.99	120202.17	1.81	6.65	27.404	26.745	25.071	74188.67	90287.67	91056.05	13.18
2015-10-09	27.16	27.6	27.2	26.85	89020.67	-0.25	-0.91	27.084	26.329	24.815	71969.54	91138.78	90680.96	9.76
2015-10-08	27.26	28.6	27.45	27.02	102545.27	0.99	3.74	27.1	26.126	24.541	73719.99	94066.5	91623.56	11.25
2015-10-07	26.78	27.72	26.9	26.78	1656.14	0.44	1.66	26.57	25.669	24.165	76210.36	91680.17	90456.0	0.18
2015-09-30	27.32	27.8	26.46	26.25	57519.08	-0.95	-3.47	26.338	25.179	23.855	97331.51	102380.31	95132.35	6.31
2015-09-29	26.61	28.1	27.41	26.05	109106.55	0.13	0.48	26.086	24.743	23.683	106386.67	105767.23	98161.24	11.97
2015-09-28	25.0	27.28	27.28	24.16	97772.89	2.48	10.0	25.574	24.011	23.548	110308.02	104024.8	101221.95	10.72
2015-09-25	26.01	26.49	24.8	23.53	114997.16	-0.94	-3.65	25.152	23.515	23.324	114413.01	98576.32	102859.83	12.61
2015-09-24	25.21	26.48	25.74	25.2	107261.89	0.54	2.14	24.768	23.515	23.149	107149.98	92934.21	101921.98	11.76
2015-09-23	24.03	25.81	25.2	24.01	102794.88	0.35	1.41	24.02	23.367	23.038	107429.1	89202.8	100583.1	11.27
2015-09-22	25.2	25.6	24.85	24.1	128713.3	-0.32	-1.27	23.4	23.396	23.084	105147.79	91824.42	96764.41	14.12
2015-09-21	22.02	25.17	25.17	21.98	118297.81	2.29	10.01	22.448	23.3	23.293	97741.57	90223.13	93956.09	12.97
2015-09-18	22.0	23.0	22.88	21.35	78682.0	0.88	4.0	21.878	22.955	23.647	82739.63	89180.62	91575.43	8.63
2015-09-17	22.24	23.99	22.0	21.7	108657.53	-0.1	-0.45	22.262	22.66	24.246	78718.45	89231.83	92467.71	11.92
2015-09-16	20.26	22.1	22.1	19.8	91388.29	2.01	10.01	22.714	22.531	24.899	70976.5	87884.39	91366.82	10.02
2015-09-15	20.13	20.97	20.09	20.09	91682.23	-2.23	-9.99	23.392	22.622	25.741	78501.06	90555.25	90718.23	10.06
2015-09-14	24.9	25.2	22.32	22.32	43288.08	-2.48	-10.0	24.152	23.084	26.713	82704.7	98419.1	91169.84	4.75
2015-09-11	24.05	25.0	24.8	24.01	58576.12	0.54	2.23	24.032	23.132	27.602	95621.62	107143.35	95910.63	6.42
2015-09-10	24.6	25.4	24.26	24.04	69947.8	-1.23	-4.83	23.058	22.782	28.268	99745.22	110909.76	98868.56	7.67
2015-09-09	24.21	25.96	25.49	24.21	129011.05	1.6	6.7	22.348	22.708	29.08	104792.29	111963.4	104604.87	14.15
2015-09-08	21.05	23.89	23.89	20.88	112700.43	2.17	9.99	21.852	22.772	29.801	102609.45	101704.4	109169.13	12.36
2015-09-07	20.3	21.92	21.72	20.28	107872.68	1.79	8.98	22.016	23.286	30.572	114133.5	97689.04	114009.14	11.83
2015-09-02	18.93	22.78	19.93	18.83	79194.12	-0.78	-3.77	22.232	24.339	31.344	118665.09	93970.24	120088.37	8.69
2015-09-01	22.41	22.87	20.71	20.71	95183.15	-2.3	-10.0	22.506	25.831	32.036	122074.3	95703.59	120085.97	10.44
2015-08-31	24.4	24.5	23.01	23.01	118096.85	-1.7	-6.88	23.068	27.266	32.536	119134.52	94849.25	118698.79	12.95
2015-08-28	23.4	24.82	24.71	22.3	170320.7	1.91	8.38	23.692	28.86	33.092	100799.36	90881.21	116187.01	18.68
2015-08-27	21.98	23.09	22.8	19.92	130530.61	1.5	7.04	24.556	30.342	33.752	81244.58	83920.57	109339.43	14.32
2015-08-26	23.0	24.46	21.3	21.3	96240.17	-2.22	-9.44	26.446	32.072	34.718	69275.38	84677.91	105857.31	10.55
2015-08-25	23.52	24.29	23.52	23.52	80484.28	-2.61	-9.99	29.156	33.754	35.993	69332.88	86827.36	103488.71	8.83
2015-08-24	27.7	27.7	26.13	26.13	26421.02	-2.9	-9.99	31.464	35.452	37.186	70563.98	97246.34	100970.56	2.9
2015-08-21	31.21	31.71	29.03	29.03	72546.82	-3.22	-9.98	34.028	36.83	38.511	80963.06	116633.85	102748.98	7.96
2015-08-20	34.0	34.34	32.25	32.02	70684.63	-2.6	-7.46	36.128	37.857	39.984	86596.57	130329.23	101640.74	7.75
2015-08-19	32.01	35.59	34.85	31.55	96527.65	-0.21	-0.6	37.698	38.348	41.621	100080.43	146206.51	100422.89	10.59
2015-08-18	38.58	39.51	35.06	35.06	86639.76	-3.89	-9.99	38.352	38.241	43.201	104321.84	144468.35	97014.43	9.5
2015-08-17	39.01	39.54	38.95	37.6	78416.44	-0.58	-1.47	39.44	37.806	45.043	123928.71	142548.32	93699.24	8.6
2015-08-14	40.1	40.71	39.53	39.48	100714.36	-0.57	-1.42	39.632	37.323	46.87	152304.64	141492.82	91247.59	11.05
2015-08-13	37.41	40.34	40.1	37.41	138103.95	1.98	5.19	39.586	37.161	48.784	174061.89	134758.29	87654.63	15.15
2015-08-12	39.45	40.58	38.12	38.01	117734.7	-2.38	-5.88	38.998	37.363	50.669	192332.58	127036.72	83116.3	12.91
2015-08-11	40.0	41.8	40.5	39.21	184674.09	0.59	1.48	38.13	38.231	52.823	184614.87	120150.07	79978.13	20.25
2015-08-10	38.5	41.41	39.91	37.16	220296.11	0.61	1.55	36.172	38.919	54.797	161167.94	104694.77	72823.28	24.16
2015-08-07	37.5	40.6	39.3	35.61	209500.62	2.14	5.76	35.014	40.192	56.827	130681.0	88864.12	63894.12	22.98
2015-08-06	33.6	37.16	37.16	31.66	229457.39	3.38	10.01	34.736	42.111	58.521	95454.69	72952.25	54369.75	25.17
2015-08-05	33.78	33.78	33.78	33.78	79146.13	3.07	10.0	35.728	44.894	60.214	61740.86	54639.28	43907.61	8.68
2015-07-06	37.3	37.3	30.71	30.71	67439.43	-3.41	-9.99	38.332	48.161	62.175	55685.27	49560.5	41525.13	7.4
2015-07-03	34.12	36.75	34.12	34.12	67861.41	-3.79	-10.0	41.666	52.28	64.553	48221.61	44850.16	40608.52	7.44
2015-07-02	39.01	39.8	37.91	37.91	33369.11	-4.21	-9.99	45.37	56.417	66.597	47047.24	41002.35	39327.09	3.66
2015-07-01	45.1	48.1	42.12	42.12	60888.22	-4.68	-10.0	49.486	60.406	68.372	50449.81	40550.96	39762.48	6.68
2015-06-30	42.64	49.0	46.8	42.64	48868.17	-0.58	-1.22	54.06	63.974	70.041	47537.69	39195.88	38471.71	5.36
2015-06-29	52.0	52.94	47.38	47.38	30121.14	-5.26	-9.99	57.99	67.416	71.491	43435.73	39806.2	38641.73	3.62
2015-06-26	54.8	54.8	52.64	52.64	61989.56	-5.85	-10.0	62.894	70.675	72.747	41478.7	40951.78	39603.01	7.44
2015-06-25	65.01	65.9	58.49	58.49	50381.97	-6.5	-10.0	67.464	73.461	73.555	34957.46	38924.13	38471.81	6.05
2015-06-24	65.29	67.97	64.99	64.0	46327.61	-1.46	-2.2	71.326	74.93	74.235	30652.11	35787.26	38732.53	5.56
2015-06-23	72.9	73.9	66.45	64.71	28358.35	-5.45	-7.58	73.888	75.533	74.846	30854.07	33175.94	38948.61	3.41
2015-06-19	70.79	75.49	71.9	70.79	20336.03	-3.59	-4.76	76.842	76.188	75.26	36176.67	33489.76	40963.48	2.44
2015-06-18	77.8	79.77	75.49	72.79	29383.35	-2.31	-2.97	78.456	76.826	75.816	40424.86	36366.89	44096.47	3.53
2015-06-17	77.74	80.0	77.8	70.33	28855.19	0.0	0.0	79.458	76.777	76.269	42890.79	37651.83	43406.82	3.47
2015-06-16	82.4	83.0	77.8	73.1	47337.42	-3.42	-4.21	78.534	76.337	76.221	40922.41	38974.0	43722.11	5.69
2015-06-15	79.97	87.5	81.22	77.0	54971.38	1.25	1.56	77.178	76.107	75.824	35497.81	37747.54	43719.46	6.6
2015-06-12	80.52	85.05	79.97	77.58	41576.96	-0.53	-0.66	75.534	75.565	75.346	30802.84	37477.26	44271.46	4.99
2015-06-11	73.7	80.5	80.5	72.32	41713.01	7.32	10.0	75.196	74.818	74.973	32308.93	38254.23	45473.97	5.01
2015-06-10	70.8	73.6	73.18	70.11	19013.27	2.16	3.04	74.096	73.648	74.372	32412.87	38019.49	49890.7	2.28
2015-06-09	73.0	74.0	71.02	71.0	20214.45	-1.98	-2.71	74.14	73.54	74.117	37025.59	41677.8	50749.36	2.43
2015-06-08	76.05	76.05	73.0	71.5	31496.51	-5.28	-6.75	75.036	74.159	73.662	39997.26	44721.28	51026.09	3.78
2015-06-05	75.2	82.0	78.28	75.2	49107.39	3.28	4.37	75.596	74.332	72.825	44151.68	48437.21	53508.23	5.9
2015-06-04	73.4	75.72	75.0	69.6	42232.74	1.6	2.18	74.44	74.807	71.469	44199.54	51826.05	53939.89	5.07
2015-06-03	75.05	75.49	73.4	70.5	42076.86	-2.1	-2.78	73.2	75.761	70.044	43626.1	49161.82	52958.25	5.05
2015-06-02	75.02	75.5	75.5	72.0	35072.82	-0.3	-0.4	72.94	76.106	68.764	46330.01	48470.22	52010.09	4.21
2015-06-01	72.69	75.9	75.8	70.0	52268.59	3.3	4.55	73.282	75.542	67.388	49445.29	49691.38	52054.37	6.28
2015-05-29	69.83	74.3	72.5	66.0	49346.67	3.7	5.38	73.068	75.127	66.106	52722.74	51065.67	50648.65	5.93
2015-05-28	71.0	71.8	68.8	68.0	39365.57	-3.3	-4.58	75.174	75.128	65.081	59452.57	52693.71	50580.06	4.73
2015-05-27	77.5	77.5	72.1	70.0	55596.41	-5.11	-6.62	78.322	75.096	64.175	54697.53	61761.92	50164.26	6.68
2015-05-26	74.49	78.08	77.21	74.0	50649.19	2.48	3.32	79.272	74.695	63.04	50610.43	59820.93	49413.81	6.08
2015-05-25	78.0	78.88	74.73	74.73	68655.85	-8.3	-10.0	77.802	73.164	61.681	49937.47	57330.91	49039.05	8.25
2015-05-22	92.99	92.99	83.03	78.28	82995.81	-1.51	-1.79	77.186	71.318	60.62	49408.6	58579.26	47790.58	9.97
2015-05-21	84.53	84.54	84.54	81.0	15590.39	7.69	10.01	75.082	68.13	59.208	45934.86	56053.73	46326.81	1.87
2015-05-20	70.6	76.85	76.85	69.51	35160.9	6.99	10.01	71.87	64.326	57.506	68826.31	56754.69	47786.08	4.22
2015-05-19	71.0	72.77	69.86	68.51	47284.42	-1.79	-2.5	70.118	61.421	56.163	69031.43	55549.97	47409.91	5.68
2015-05-18	72.6	75.2	71.65	69.3	66011.47	-0.86	-1.19	68.526	59.233	55.063	64724.35	54417.37	47160.29	7.93
2015-05-15	65.0	73.99	72.51	61.63	65627.12	4.03	5.88	65.45	57.084	53.836	67749.92	50231.63	46791.59	7.88
2015-05-14	74.0	74.9	68.48	68.0	130047.64	0.39	0.57	61.178	55.034	52.466	66172.6	48466.41	46418.13	15.62
2015-05-13	68.09	68.09	68.09	66.01	36186.49	6.19	10.0	56.782	53.253	51.307	44683.07	38566.6	43192.77	4.35
2015-05-12	61.5	61.9	61.9	60.0	25749.02	5.63	10.01	52.724	51.384	50.419	42068.51	39006.7	45117.25	3.09
2015-05-11	52.2	56.27	56.27	52.0	81139.31	5.12	10.01	49.94	50.197	49.991	44110.39	40747.2	50813.96	9.74
2015-05-08	47.5	51.15	51.15	47.5	57740.53	4.65	10.0	48.718	49.922	50.027	32713.35	37001.89	55454.66	6.93
2015-05-07	47.51	48.51	46.5	46.5	22600.0	-1.3	-2.72	48.89	50.286	50.307	30760.21	36599.89	58938.71	2.71
2015-05-06	48.04	49.95	47.8	47.8	23113.67	-0.18	-0.38	49.724	50.686	50.957	32450.13	38817.48	65063.33	2.78
2015-05-05	49.88	49.89	47.98	47.39	35958.43	-2.18	-4.35	50.044	50.906	51.397	35944.89	39269.86	70458.54	4.32
2015-05-04	51.5	52.18	50.16	50.0	24154.13	-1.85	-3.56	50.454	50.893	51.628	37384.0	39903.22	75377.44	2.9
2015-04-30	50.68	52.78	52.01	48.0	47974.83	1.34	2.65	51.126	50.589	51.732	41290.43	43351.56	80605.08	5.76
2015-04-29	47.5	52.2	50.67	47.41	31049.58	1.27	2.57	51.682	49.898	51.505	42439.58	44369.85	82115.14	3.73
2015-04-28	50.19	50.78	49.4	45.7	40587.46	-0.63	-1.26	51.648	49.361	51.41	45184.82	47818.94	86156.79	4.87
2015-04-27	52.6	53.48	50.03	49.61	43154.01	-3.49	-6.52	51.768	49.454	51.331	42594.84	51227.81	92339.7	5.18
2015-04-24	53.0	54.86	53.52	50.8	43686.29	-1.27	-2.32	51.332	49.784	51.374	42422.43	60880.73	91365.08	5.25
2015-04-23	50.8	55.0	54.79	50.63	53720.55	4.29	8.49	50.052	50.132	51.012	45412.68	73907.42	94282.89	6.45
2015-04-22	49.88	51.4	50.5	47.8	44775.81	0.5	1.0	48.114	50.328	50.375	46300.13	81277.53	104008.71	5.38
2015-04-21	48.3	50.48	50.0	47.51	27637.52	2.15	4.49	47.074	51.228	49.9	50453.05	91309.19	105055.57	3.32
2015-04-20	46.7	51.2	47.85	45.41	42292.0	0.73	1.55	47.14	51.887	49.264	59860.78	101647.22	106073.67	5.08
2015-04-17	45.7	48.08	47.12	45.5	58637.51	2.02	4.48	48.236	52.363	48.565	79339.02	110851.66	108652.94	7.04
2015-04-16	44.05	47.5	45.1	43.31	58157.8	-0.2	-0.44	50.212	52.874	47.749	102402.16	117858.6	105739.38	6.98
2015-04-15	50.05	50.3	45.3	45.3	65540.42	-5.03	-9.99	52.542	53.112	46.894	116254.94	119860.43	102847.5	7.87
2015-04-14	51.88	53.3	50.33	50.33	74676.16	-3.0	-5.62	55.382	53.459	45.902	132165.33	124494.64	101578.63	8.97
2015-04-13	55.0	55.62	53.33	51.3	139683.2	-3.67	-6.44	56.634	53.207	44.595	143433.66	133451.6	100326.35	16.78
2015-04-10	58.0	61.2	57.0	52.01	173953.23	0.25	0.44	56.49	52.964	43.102	142364.3	121849.44	95739.05	20.89
2015-03-26	58.53	62.3	56.75	53.55	127421.67	-2.75	-4.62	55.536	51.891	41.387	133315.03	114658.37	90464.22	15.3
2015-03-25	55.0	62.25	59.5	54.0	145092.39	2.91	5.14	53.682	50.422	39.757	123465.93	126739.89	88026.25	17.43
2015-03-24	53.76	57.87	56.59	51.12	131017.83	3.98	7.57	51.536	48.572	37.914	116823.95	118801.96	85178.35	15.73
2015-03-23	53.98	55.6	52.61	50.1	134336.38	0.38	0.73	49.78	46.64	36.188	123469.53	110500.12	82667.35	16.13
2015-03-20	47.0	52.23	52.23	47.0	128706.89	4.75	10.0	49.438	44.767	34.581	101334.57	106454.23	79387.04	15.46
2015-03-19	46.92	47.99	47.48	46.0	78176.17	-1.29	-2.65	48.246	42.624	32.899	96001.7	93620.16	74984.32	9.39
2015-03-18	48.49	49.75	48.77	45.6	111882.49	0.96	2.01	47.162	40.676	31.44	130013.85	85834.57	72066.45	13.44
2015-03-17	55.38	55.48	47.81	47.01	164245.73	-3.09	-6.07	45.608	38.344	29.896	120779.96	78662.63	67265.73	19.73
2015-03-16	49.52	50.9	50.9	49.4	23661.58	4.63	10.01	43.5	35.983	28.397	97530.71	67201.1	60137.29	2.84
2015-03-13	43.01	46.27	46.27	43.01	102042.55	4.21	10.01	40.096	33.239	26.753	111573.88	69628.67	59819.85	12.25
2015-03-12	44.0	44.99	42.06	39.55	248236.89	1.06	2.58	37.002	30.882	25.332	91238.61	66270.07	56224.37	29.81
2015-03-11	41.0	41.0	41.0	40.76	65713.07	3.73	10.01	34.19	29.091	24.085	41655.29	49312.61	45728.38	7.89
2015-03-10	37.27	37.27	37.27	36.22	47999.48	3.39	10.01	31.08	27.256	22.918	36545.29	51554.75	45563.11	5.76
2015-03-09	33.88	33.88	33.88	33.01	93877.42	3.08	10.0	28.466	25.736	21.978	36871.49	54834.59	44711.8	11.27
2015-03-06	30.8	30.8	30.8	30.8	366.18	2.8	10.0	26.382	24.394	21.227	27683.45	52319.85	43791.25	0.04
2015-03-05	28.0	28.0	28.0	28.0	320.3	2.55	10.02	24.762	23.174	20.591	41301.53	56348.48	44960.58	0.04
2014-12-04	23.95	26.42	25.45	23.9	40163.07	1.25	5.17	23.992	22.204	20.09	56969.92	58298.33	46812.57	4.74
2014-12-03	23.44	24.2	24.2	22.03	49630.49	0.74	3.15	23.432	21.448	19.715	66564.21	55868.83	46218.66	5.86
2014-12-02	22.3	23.85	23.46	22.3	47937.22	0.76	3.35	23.006	20.812	19.393	72797.68	53073.47	45409.56	5.66
2014-12-01	23.7	24.0	22.7	22.0	68456.56	-1.45	-6.0	22.406	20.266	19.077	76956.25	50011.03	44054.82	8.09
2014-11-28	23.2	24.86	24.15	22.62	78662.27	1.5	6.62	21.586	19.782	18.813	71395.42	46178.67	42062.81	9.29
2014-11-27	21.63	23.05	22.65	21.52	88134.52	0.58	2.63	20.416	19.079	18.469	59626.73	42144.15	40045.88	10.41
2014-11-26	20.46	22.51	22.07	19.87	80797.83	1.61	7.87	19.464	18.58	18.23	45173.45	39571.47	37875.93	9.54
2014-11-25	19.02	20.46	20.46	19.02	68730.05	1.86	10.0	18.618	18.219	18.049	33349.27	34589.02	38930.2	8.12
2014-11-24	18.53	19.29	18.6	18.5	40652.44	0.3	1.64	18.126	18.06	17.881	23065.82	35262.65	37655.47	4.8
2014-11-21	17.8	18.3	18.3	17.8	19818.83	0.41	2.29	17.978	18.008	17.782	20961.92	33572.68	37359.95	2.34
2014-11-20	17.73	18.05	17.89	17.6	15868.09	0.05	0.28	17.742	17.976	17.723	24661.57	35326.81	37905.85	1.87
2014-11-19	18.0	18.26	17.84	17.73	21676.93	-0.16	-0.89	17.696	17.982	17.66	33969.49	36568.49	38597.16	2.56
2014-11-18	18.0	18.29	18.0	17.74	17312.81	0.14	0.78	17.82	17.973	17.599	35828.77	37745.64	39305.96	2.04
2014-11-17	17.03	18.08	17.86	16.78	30132.96	0.74	4.32	17.994	17.888	17.545	47459.47	38098.6	40585.52	3.56
2014-11-14	17.5	17.5	17.12	16.7	38317.04	-0.54	-3.06	18.038	17.843	17.464	46183.44	37946.95	40020.29	4.53
2014-11-13	18.46	18.75	17.66	17.41	62407.72	-0.8	-4.33	18.21	17.858	17.405	45992.05	37947.6	39545.3	7.37
2014-11-12	18.55	18.73	18.46	18.11	30973.34	-0.41	-2.17	18.268	17.88	17.351	39167.49	36180.4	37507.38	3.66
2014-11-11	18.25	18.99	18.87	17.81	75466.3	0.79	4.37	18.126	17.879	17.27	39662.5	43271.37	36983.74	8.91
2014-11-10	18.17	18.3	18.08	17.81	23752.79	0.1	0.56	17.782	17.701	17.178	28737.73	40048.29	34329.75	2.81
2014-11-07	17.98	18.23	17.98	17.75	37360.12	0.03	0.17	17.648	17.556	17.136	29710.47	41147.23	34494.61	4.41
2014-11-06	17.78	17.98	17.95	17.5	28284.89	0.2	1.13	17.506	17.469	17.092	29903.15	40484.88	34162.52	3.34
2014-11-05	17.09	17.89	17.75	17.0	33448.39	0.6	3.5	17.492	17.338	17.06	33193.3	40625.82	35402.67	3.95
2014-11-04	17.41	17.41	17.15	17.07	20842.46	-0.26	-1.49	17.632	17.224	17.055	46880.24	40866.28	35502.83	2.46
2014-11-03	17.31	17.59	17.41	17.18	28616.49	0.14	0.81	17.62	17.202	17.093	51358.84	43072.44	36786.9	3.38
2014-10-31	17.84	17.84	17.27	17.0	38323.5	-0.61	-3.41	17.464	17.085	17.116	52583.98	42093.63	38248.46	4.53
2014-10-30	18.06	18.59	17.88	17.8	44735.67	-0.57	-3.09	17.432	16.951	17.157	51066.62	41143.01	41637.68	5.28
2014-10-29	17.06	18.7	18.45	16.9	101883.1	1.36	7.96	17.184	16.821	17.086	48058.34	38834.36	41827.43	12.03
2014-10-28	16.45	17.19	17.09	16.45	43235.45	0.46	2.77	16.816	16.661	16.974	34852.33	30696.12	38027.16	5.11
2014-10-27	17.05	17.05	16.63	16.11	34742.2	-0.48	-2.81	16.784	16.655	16.93	34786.03	28611.21	37465.16	4.1
2014-10-24	16.64	17.35	17.11	16.61	30736.69	0.47	2.83	16.706	16.716	16.891	31603.28	27841.99	37883.89	3.63
2014-10-23	16.6	17.15	16.64	16.35	29694.28	0.03	0.18	16.47	16.714	16.806	31219.39	27840.15	37796.62	3.51
2014-10-22	16.86	17.36	16.61	16.58	35853.01	-0.32	-1.89	16.458	16.782	16.748	29610.38	30179.52	37570.32	4.23
2014-10-21	16.23	17.08	16.93	16.16	42903.96	0.69	4.25	16.506	16.885	16.677	26539.91	30139.38	37811.38	5.07
2014-10-20	16.05	16.44	16.24	16.03	18828.44	0.31	1.95	16.526	16.983	16.604	22436.39	30501.37	37527.69	2.22
2014-10-17	16.56	16.8	15.93	15.7	28817.25	-0.65	-3.92	16.726	17.146	16.632	24080.71	34403.29	37754.31	3.4
2014-10-16	16.86	17.07	16.58	16.58	21649.24	-0.27	-1.6	16.958	17.363	16.67	24460.91	42132.36	38497.49	2.56
2014-10-15	16.9	17.12	16.85	16.75	20500.66	-0.18	-1.06	17.106	17.35	16.661	30748.65	44820.5	39682.22	2.42
2014-10-14	17.17	17.39	17.03	16.88	22386.34	-0.21	-1.22	17.264	17.287	16.655	33738.84	45358.2	39860.12	2.64
2014-10-13	17.23	17.26	17.24	16.58	27050.07	0.15	0.88	17.44	17.204	16.657	38566.35	46319.11	40171.63	3.19
2014-10-10	17.3	17.55	17.09	16.92	30718.25	-0.23	-1.33	17.566	17.065	16.641	44725.87	47925.79	39929.63	3.63
2014-10-09	17.61	17.68	17.32	17.08	53087.93	-0.32	-1.81	17.768	16.897	16.646	59803.81	47753.09	39933.25	6.27
2014-10-08	17.73	17.98	17.64	17.4	35451.63	-0.27	-1.51	17.594	16.713	16.655	58892.34	44961.13	39175.85	4.19
2014-09-30	17.86	18.1	17.91	17.32	46523.89	0.04	0.22	17.31	16.469	16.633	56977.56	45483.38	39082.98	5.49
2014-09-29	18.4	18.4	17.87	17.6	57847.63	-0.23	-1.27	16.968	16.224	16.595	54071.87	44554.02	39527.09	6.83
2014-09-26	16.31	18.1	18.1	15.61	106107.97	1.65	10.03	16.564	16.118	16.525	51125.72	41105.33	38468.18	12.53
2014-09-25	16.16	16.8	16.45	15.88	48530.58	0.23	1.42	16.026	15.976	16.453	35702.36	34862.61	35376.27	5.73
2014-09-24	16.17	16.32	16.22	16.02	25877.75	0.02	0.12	15.832	15.972	16.437	31029.92	34543.95	34132.21	3.06
2014-09-23	15.79	16.3	16.2	15.7	31995.42	0.35	2.21	15.628	16.022	16.419	33989.19	34362.04	35225.27	3.78
2014-09-22	15.3	16.16	15.85	15.11	43116.86	0.44	2.85	15.48	16.109	16.434	35036.16	34024.15	37271.59	5.09
2014-09-19	15.48	15.56	15.41	15.07	28991.19	-0.07	-0.45	15.672	16.217	16.45	31084.94	31933.47	39488.38	3.42
2014-09-18	15.18	15.52	15.48	15.0	25168.38	0.28	1.84	15.926	16.394	16.436	34022.86	32113.42	41686.16	2.97
2014-09-17	15.4	15.58	15.2	14.7	40674.11	-0.26	-1.68	16.112	16.596	16.419	38057.99	33390.57	43162.74	4.8
2014-09-16	16.77	16.83	15.46	15.46	37230.26	-1.35	-8.03	16.416	16.796	16.419	34734.88	32682.58	44546.7	4.4
2014-09-15	16.7	16.92	16.81	16.59	23360.78	0.13	0.78	16.738	16.965	16.392	33012.14	34500.17	45273.62	2.76
2014-09-12	16.5	16.95	16.68	16.48	43680.79	0.27	1.65	16.762	16.931	16.281	32781.99	35831.03	46222.03	5.16
2014-09-11	16.63	16.85	16.41	16.27	45344.0	-0.31	-1.85	16.862	16.929	16.159	30203.98	35889.93	45748.38	5.36
2014-09-10	16.92	17.0	16.72	16.61	24058.56	-0.35	-2.05	17.08	16.902	16.052	28723.15	33720.46	44862.8	2.84
2014-09-09	16.79	17.09	17.07	16.5	28616.55	0.14	0.83	17.176	16.816	15.932	30630.28	36088.51	46081.6	3.38
2014-09-05	17.27	17.27	16.93	16.82	22210.03	-0.25	-1.46	17.192	16.759	15.764	35988.2	40519.04	45622.79	2.62
2014-09-04	17.4	17.4	17.18	16.98	30790.78	-0.32	-1.83	17.1	16.682	15.597	38880.08	47043.29	45733.12	3.64
2014-09-03	17.15	17.67	17.5	16.93	37939.81	0.3	1.74	16.996	16.477	15.416	41575.88	51258.89	45465.34	4.48
2014-09-02	17.13	17.78	17.2	16.86	33594.23	0.05	0.29	16.724	16.241	15.227	38717.77	52934.91	44624.57	3.97
2014-09-01	16.23	17.28	17.15	15.98	55406.16	0.68	4.13	16.456	16.041	15.047	41546.74	56410.82	45206.3	6.54
2014-08-29	16.6	16.86	16.47	15.97	36669.41	-0.19	-1.14	16.326	15.818	14.844	45049.88	56047.07	43478.6	4.33
2014-08-28	16.18	16.88	16.66	15.9	44269.78	0.52	3.22	16.264	15.63	14.673	55206.51	56613.03	42694.9	5.23
2014-08-27	15.98	16.42	16.14	15.67	23649.25	0.28	1.76	15.958	15.389	14.501	60941.9	55606.82	41829.07	2.79
2014-08-26	16.3	16.65	15.86	15.58	47739.09	-0.64	-3.88	15.758	15.201	14.354	67152.04	56005.14	41885.21	5.64
2014-08-25	16.25	16.5	16.5	15.68	72921.85	0.34	2.1	15.626	15.047	14.217	71274.9	56074.69	41234.44	8.61
2014-08-22	15.2	16.58	16.16	14.86	87452.56	1.03	6.81	15.31	14.769	14.046	67044.27	50726.53	40570.3	10.33
2014-08-21	15.08	15.23	15.13	14.28	72946.77	-0.01	-0.07	14.996	14.512	13.894	58019.54	44422.94	37968.38	8.62
2014-08-20	15.12	15.88	15.14	15.03	54699.95	-0.06	-0.4	14.82	14.355	13.794	50271.73	39671.79	35299.6	6.46
2014-08-19	14.88	15.99	15.2	14.76	68353.37	0.28	1.88	14.644	14.212	13.72	44858.24	36314.24	34038.33	8.07
2014-08-18	14.57	15.09	14.92	14.48	51768.7	0.33	2.26	14.468	14.052	13.683	40874.48	34001.78	31825.63	6.11
2014-08-15	14.28	14.71	14.59	14.19	42328.93	0.34	2.39	14.228	13.87	13.66	34408.79	30910.14	30912.5	5.0
2014-08-14	14.18	14.42	14.25	14.05	34207.72	-0.01	-0.07	14.028	13.716	13.629	30826.34	28776.78	30221.89	4.04
2014-08-13	14.3	14.48	14.26	13.89	27632.47	-0.06	-0.42	13.89	13.613	13.608	29071.85	28051.32	29805.57	3.26
2014-08-12	13.72	14.5	14.32	13.63	48434.59	0.6	4.37	13.78	13.506	13.568	27770.25	27765.27	29891.09	5.72
2014-08-11	13.67	13.82	13.72	13.5	19440.26	0.13	0.96	13.636	13.386	13.536	27129.08	26394.18	29967.24	2.3
2014-08-08	13.47	13.69	13.59	13.45	24416.64	0.03	0.22	13.512	13.322	13.571	27411.48	30414.07	31506.34	2.88
2014-08-07	13.72	14.13	13.56	13.5	25435.28	-0.15	-1.09	13.404	13.275	13.627	26727.22	31513.83	34091.17	3.0
2014-08-06	13.47	13.85	13.71	13.47	21124.46	0.11	0.81	13.336	13.233	13.658	27030.78	30927.41	38970.79	2.49
2014-08-05	13.1	13.65	13.6	13.0	45228.76	0.5	3.82	13.232	13.227	13.653	27760.3	31762.43	44291.22	5.34
2014-08-04	13.02	13.15	13.1	13.01	20852.25	0.05	0.38	13.136	13.313	13.617	25659.28	29649.47	43025.36	2.46
2014-08-01	13.14	13.25	13.05	13.03	20995.35	-0.17	-1.29	13.132	13.45	13.607	33416.66	30914.87	44143.65	2.48
2014-07-31	13.18	13.23	13.22	12.92	26953.1	0.03	0.23	13.146	13.541	13.581	36300.43	31667.0	44633.83	3.18
2014-07-30	13.15	13.23	13.19	12.9	24772.02	0.07	0.53	13.13	13.603	13.557	34824.04	31559.81	44874.59	2.93
2014-07-29	12.94	13.25	13.12	12.92	34723.69	0.04	0.31	13.222	13.63	13.54	35764.56	32016.91	45643.73	4.1
2014-07-28	12.99	13.08	13.08	12.67	59639.15	-0.04	-0.3	13.49	13.686	13.515	33639.66	33540.29	45213.95	7.04
2014-07-25	13.13	13.38	13.12	12.41	35414.2	-0.02	-0.15	13.768	13.82	13.479	28413.09	32598.6	44314.86	4.18
2014-07-24	13.64	13.65	13.14	12.86	19571.13	-0.51	-3.74	13.936	13.979	13.443	27033.57	36668.51	44863.95	2.31
2014-07-23	14.45	14.45	13.65	13.21	29474.62	-0.81	-5.6	14.076	14.082	13.379	28295.59	47014.17	45544.69	3.48
2014-07-22	14.42	14.55	14.46	14.32	24099.2	-0.01	-0.07	14.038	14.078	13.272	28269.26	56820.02	44923.95	2.85
2014-07-21	13.96	14.6	14.47	13.67	33506.28	0.51	3.65	13.882	13.921	13.135	33440.93	56401.25	44530.29	3.96
2014-07-18	13.71	14.5	13.96	13.7	28516.62	0.12	0.87	13.872	13.764	12.991	36784.12	57372.42	43885.64	3.37
2014-07-17	13.53	13.95	13.84	13.32	25881.23	0.38	2.82	14.022	13.621	12.865	46303.44	57600.67	43196.86	3.06
2014-07-16	13.66	14.1	13.46	13.42	29342.97	-0.22	-1.61	14.088	13.51	12.738	65732.74	58189.36	43541.28	3.47
2014-07-15	14.2	14.2	13.68	13.52	49957.54	-0.74	-5.13	14.118	13.45	12.649	85370.77	59270.54	43830.44	5.9
2014-07-14	14.53	14.96	14.42	14.01	50222.25	-0.29	-1.97	13.96	13.343	12.574	79361.57	56887.61	42972.63	5.93
2014-07-11	14.05	14.81	14.71	13.93	76113.22	0.54	3.81	13.656	13.137	12.476	77960.72	56031.12	42442.62	8.99
2014-07-10	13.8	14.55	14.17	13.75	123027.73	0.56	4.12	13.22	12.907	12.368	68897.89	53059.39	42256.6	14.53
2014-07-09	12.83	14.18	13.61	12.53	127533.12	0.72	5.59	12.932	12.676	12.263	50645.97	44075.21	38292.15	15.06
2014-07-08	12.83	13.04	12.89	12.67	19911.55	-0.01	-0.08	12.782	12.465	12.17	33170.31	33027.89	34388.97	2.35
2014-07-07	12.52	12.98	12.9	12.5	43217.99	0.37	2.95	12.726	12.349	12.101	34413.64	32659.33	34970.6	5.1
2014-07-04	12.76	12.9	12.53	12.22	30799.06	-0.2	-1.57	12.618	12.218	12.023	34101.52	30398.87	34303.54	3.64
2014-07-03	12.76	12.95	12.73	12.63	31768.13	-0.13	-1.01	12.594	12.108	11.958	37220.89	28793.05	33815.8	3.75
2014-07-02	12.63	12.96	12.86	12.52	40154.82	0.25	1.98	12.42	11.965	11.891	37504.45	28893.21	34185.84	4.74
2014-07-01	12.36	12.64	12.61	12.25	26128.2	0.25	2.02	12.148	11.847	11.797	32885.47	28390.34	33098.33	3.09
2014-06-30	12.48	12.75	12.36	12.29	41657.39	-0.05	-0.4	11.972	11.805	11.72	30905.01	29057.66	32481.76	4.92
2014-06-27	11.9	12.49	12.41	11.86	46395.91	0.55	4.64	11.818	11.814	11.662	26696.21	28854.12	31546.15	5.65
2014-06-26	11.5	12.07	11.86	11.5	33185.95	0.36	3.13	11.622	11.829	11.606	20365.21	31453.82	31531.52	4.04
2014-06-25	11.75	11.75	11.5	11.44	17059.9	-0.23	-1.96	11.51	11.85	11.57	20281.96	32509.09	31252.96	2.08
2014-06-24	11.56	11.85	11.73	11.56	16225.92	0.14	1.21	11.546	11.875	11.535	23895.21	35750.06	31362.28	1.97
2014-06-23	11.5	11.8	11.59	11.43	20613.38	0.16	1.4	11.638	11.852	11.503	27210.31	37281.87	31802.6	2.51
2014-06-20	11.35	11.45	11.43	11.15	14740.92	0.13	1.15	11.81	11.828	11.478	31012.03	38208.21	31905.37	1.79
2014-06-19	11.73	11.91	11.3	11.02	32769.67	-0.38	-3.25	12.036	11.807	11.455	42542.42	38838.55	32393.91	3.99
2014-06-18	12.25	12.33	11.68	11.67	35126.14	-0.51	-4.18	12.19	11.817	11.439	44736.22	39478.47	31762.22	4.28
2014-06-17	12.41	12.68	12.19	12.1	32801.42	-0.26	-2.09	12.204	11.746	11.403	47604.9	37806.33	31650.35	3.99
2014-06-16	12.51	12.57	12.45	12.19	39622.02	-0.11	-0.88	12.066	11.634	11.341	47353.43	35905.87	31739.65	4.82
2014-06-13	11.97	12.77	12.56	11.97	72392.84	0.49	4.06	11.846	11.509	11.237	45404.38	34238.19	30604.44	8.81
2014-06-12	11.67	12.15	12.07	11.58	43738.67	0.32	2.72	11.578	11.383	11.136	35134.69	31609.23	28199.59	5.32
2014-06-11	11.44	12.18	11.75	11.43	49469.57	0.25	2.17	11.444	11.29	11.083	34220.72	29996.83	28365.89	6.02
2014-06-10	11.32	11.65	11.5	11.2	31544.04	0.15	1.32	11.288	11.195	11.025	28007.75	26974.5	26994.78	3.84
2014-06-09	11.2	11.6	11.35	11.2	29876.76	0.13	1.16	11.202	11.154	10.976	24458.3	26323.34	26704.53	3.64
2014-06-06	11.46	11.47	11.22	11.15	21044.41	-0.18	-1.58	11.172	11.128	10.935	23071.99	25602.53	27291.43	2.56
2014-06-05	10.95	11.49	11.4	10.88	39168.8	0.43	3.92	11.188	11.103	10.907	28083.76	25949.27	27485.03	4.77
2014-06-04	10.96	11.15	10.97	10.7	18404.75	-0.1	-0.9	11.136	11.06	10.822	25772.94	24045.98	25999.17	2.24
2014-06-03	11.2	11.29	11.07	11.06	13796.8	-0.13	-1.16	11.102	11.06	10.778	25941.24	25494.36	25883.06	1.68
2014-05-30	11.3	11.39	11.2	11.03	22945.21	-0.1	-0.89	11.106	11.048	10.717	28188.38	27573.43	25685.38	2.79
2014-05-29	11.05	11.5	11.3	11.04	46103.25	0.16	1.44	11.084	10.965	10.646	28133.07	26970.69	25037.51	5.61
2014-05-28	10.83	11.2	11.14	10.8	27614.68	0.34	3.15	11.018	10.888	10.563	23814.77	24789.96	23313.2	3.36
2014-05-27	11.07	11.07	10.8	10.78	19246.26	-0.29	-2.62	10.984	10.876	10.476	22319.02	26734.95	22855.33	2.34
2014-05-26	11.12	11.27	11.09	11.0	25032.5	0.0	0.0	11.018	10.854	10.432	25047.49	27015.06	23292.18	3.05
2014-05-23	10.87	11.1	11.09	10.76	22668.64	0.12	1.09	10.99	10.797	10.407	26958.48	27085.72	22864.89	2.76
2014-05-22	10.95	11.24	10.97	10.9	24511.77	0.0	0.0	10.846	10.741	10.397	25808.32	28980.32	22195.68	2.98
2014-05-21	10.89	11.03	10.97	10.7	20135.92	0.0	0.0	10.758	10.711	10.398	25765.14	29020.8	21860.18	2.45
2014-05-20	10.95	11.15	10.97	10.81	32888.6	0.02	0.18	10.768	10.584	10.407	31150.88	27952.37	21661.84	4.0
2014-05-19	10.2	11.27	10.95	10.17	34587.45	0.58	5.59	10.69	10.495	10.427	28982.63	26271.75	20625.69	4.21
2014-05-16	10.47	10.52	10.37	10.15	16917.86	-0.16	-1.52	10.604	10.385	10.442	27212.97	23797.34	19524.88	2.06
2014-05-15	10.85	11.03	10.53	10.53	24295.88	-0.49	-4.45	10.636	10.327	10.491	32152.33	23104.33	19358.93	2.96
2014-05-14	10.65	11.5	11.02	10.6	47064.6	0.44	4.16	10.664	10.238	10.536	32276.46	21836.45	18742.5	5.73
2014-05-13	10.39	10.75	10.58	10.39	22047.34	0.06	0.57	10.4	10.076	10.562	24753.86	18975.72	17115.06	2.68
2014-05-12	10.41	10.68	10.52	10.32	25739.18	0.09	0.86	10.3	10.01	10.597	23560.88	19569.31	16970.9	3.13
2014-05-09	10.91	10.91	10.53	10.3	41614.63	-0.14	-1.31	10.166	10.017	10.646	20381.71	18644.06	16799.28	5.06
2014-05-08	9.72	10.67	10.67	9.72	24916.55	0.97	10.0	10.018	10.052	10.701	14056.34	15411.04	15582.3	3.03
2014-05-07	9.91	10.06	9.7	9.7	9451.59	-0.38	-3.77	9.812	10.085	10.742	11396.43	14699.56	14954.54	1.15
2014-05-06	9.81	10.2	10.08	9.79	16082.45	0.23	2.33	9.752	10.229	10.833	13197.58	15371.31	15194.52	1.96
2014-05-05	9.85	9.87	9.85	9.7	9843.31	0.06	0.61	9.72	10.359	10.903	15577.74	14979.62	15331.84	1.2
2014-04-30	9.74	9.83	9.79	9.64	9987.78	0.15	1.56	9.868	10.499	10.97	16906.42	15252.42	15506.53	1.22
2014-04-29	9.43	9.66	9.64	9.43	11617.03	0.24	2.55	10.086	10.654	11.046	16765.75	15613.53	15503.57	1.41
2014-04-28	9.79	9.79	9.4	9.37	18457.33	-0.52	-5.24	10.358	10.833	11.116	18002.68	15648.55	15607.29	2.25
2014-04-25	10.63	10.66	9.92	9.88	27983.26	-0.67	-6.33	10.706	11.047	11.21	17545.05	15254.41	16548.06	3.41
2014-04-24	10.78	10.94	10.59	10.5	16486.71	-0.29	-2.67	10.998	11.184	11.318	14381.51	14372.49	17398.16	2.01
2014-04-23	11.01	11.05	10.88	10.77	9284.4	-0.12	-1.09	11.13	11.274	11.394	13598.42	14954.49	17752.96	1.13
2014-04-22	11.1	11.25	11.0	10.8	17801.71	-0.14	-1.26	11.222	11.35	11.457	14461.31	15753.56	18817.08	2.17
2014-04-21	11.26	11.38	11.14	11.1	16169.15	-0.24	-2.11	11.308	11.398	11.513	13294.42	15209.52	19957.68	1.97
2014-04-18	11.39	11.44	11.38	11.25	12165.56	0.13	1.16	11.388	11.437	11.543	12963.77	15017.73	20905.77	1.48
2014-04-17	11.27	11.45	11.25	11.24	12571.26	-0.09	-0.79	11.37	11.446	11.557	14363.46	15684.06	21501.09	1.53
2014-04-16	11.43	11.48	11.34	11.25	13598.88	-0.09	-0.79	11.418	11.441	11.604	16310.56	15760.64	22726.99	1.66
2014-04-15	11.5	11.66	11.43	11.42	11967.26	-0.11	-0.95	11.478	11.438	11.629	17045.8	15393.62	22985.35	1.46
2014-04-14	11.3	11.54	11.54	11.23	14515.88	0.25	2.21	11.488	11.398	11.649	17124.61	15566.02	23278.08	1.77
2014-04-11	11.35	11.38	11.29	11.15	19164.04	-0.2	-1.74	11.486	11.372	11.645	17071.69	17841.7	23170.02	2.33
2014-04-10	11.51	11.76	11.49	11.48	22306.75	-0.15	-1.29	11.522	11.451	11.654	17004.65	20423.83	22958.45	2.71
2014-04-09	11.56	11.77	11.64	11.48	17275.09	0.16	1.39	11.464	11.514	11.642	15210.73	20551.44	22828.44	2.1
2014-04-08	11.47	11.52	11.48	11.2	12361.3	-0.05	-0.43	11.398	11.563	11.633	13741.43	21880.6	22897.63	1.5
2014-04-04	11.46	11.62	11.53	11.28	14251.27	0.06	0.52	11.308	11.628	11.63	14007.44	24705.85	23394.69	1.73
2014-04-03	11.25	11.49	11.47	11.08	18828.83	0.27	2.41	11.258	11.648	11.671	18611.72	26793.81	23401.72	2.29
2014-04-02	11.32	11.43	11.2	11.06	13337.14	-0.11	-0.97	11.38	11.667	11.72	23843.01	27318.12	23380.98	1.62
2014-04-01	11.05	11.33	11.31	11.05	9928.62	0.28	2.54	11.564	11.767	11.789	25892.15	29693.34	24065.52	1.21
2014-03-31	11.33	11.4	11.03	11.0	13691.32	-0.25	-2.22	11.728	11.819	11.852	30019.76	30577.08	24655.35	1.67
2014-03-28	11.98	12.06	11.28	11.17	37272.68	-0.8	-6.62	11.948	11.899	11.932	35404.26	30990.14	25401.52	4.54
2014-03-27	12.12	12.48	12.08	11.92	44985.27	-0.04	-0.33	12.038	11.917	11.983	34975.9	28498.34	24899.63	5.48
2014-03-26	12.14	12.23	12.12	11.9	23582.85	-0.01	-0.08	11.954	11.856	11.984	30793.24	25493.08	24659.53	2.87
2014-03-25	12.0	12.36	12.13	11.93	30566.68	0.0	0.0	11.97	11.769	12.007	33494.52	25105.44	25419.35	3.72
2014-03-24	11.66	12.22	12.13	11.52	40613.81	0.4	3.41	11.91	11.703	12.045	31134.4	23914.66	26566.51	4.94
2014-03-21	11.5	11.78	11.73	11.16	35130.9	0.07	0.6	11.85	11.631	12.154	26576.02	22083.52	26591.54	4.28
2014-03-20	12.09	12.27	11.66	11.56	24071.97	-0.54	-4.43	11.796	11.694	12.297	22020.79	20009.63	27277.37	2.93
2014-03-19	11.81	12.36	12.2	11.65	37089.25	0.37	3.13	11.758	11.773	12.428	20192.92	19443.84	28027.27	4.51
2014-03-18	11.83	12.12	11.83	11.8	18766.06	0.0	0.0	11.568	11.811	12.55	16716.37	18437.71	28483.31	2.28
2014-03-17	11.58	11.84	11.83	11.32	17821.91	0.37	3.23	11.496	11.884	12.693	16694.92	18733.63	30436.37	2.17
2014-03-14	11.42	11.67	11.46	11.31	12354.75	-0.01	-0.09	11.412	11.965	12.846	17591.03	19812.9	33803.01	1.5
2014-03-13	11.34	11.5	11.47	11.25	14932.64	0.22	1.96	11.592	12.048	12.97	17998.47	21300.93	35152.82	1.82
2014-03-12	11.44	11.59	11.25	11.06	19706.47	-0.22	-1.92	11.788	12.111	13.077	18694.75	23825.98	37512.37	2.4
2014-03-11	11.41	11.6	11.47	11.2	18658.81	0.06	0.53	12.054	12.244	13.237	20159.05	25733.25	39550.06	2.27
2014-03-10	12.29	12.29	11.41	11.4	22302.47	-0.95	-7.69	12.272	12.387	13.391	20772.34	29218.37	43918.87	2.71
2014-03-07	12.4	12.54	12.36	12.25	14391.97	-0.09	-0.72	12.518	12.677	13.526	22034.78	31099.56	47380.02	1.75
2014-03-06	12.59	12.59	12.45	12.13	18414.03	-0.13	-1.03	12.504	12.899	13.609	24603.38	34545.11	51213.29	2.24
2014-03-05	12.54	12.82	12.58	12.43	27027.98	0.02	0.16	12.434	13.082	13.64	28957.2	36610.7	52713.47	3.29
2014-03-04	12.55	12.59	12.56	12.33	21725.24	-0.08	-0.63	12.434	13.289	13.678	31307.46	38528.91	53596.48	2.64
2014-03-03	12.26	12.68	12.64	12.08	28614.66	0.35	2.85	12.502	13.502	13.707	37664.4	42139.11	55268.02	3.48
2014-02-28	12.1	12.41	12.29	11.82	27234.98	0.19	1.57	12.836	13.726	13.752	40164.35	47793.11	58794.26	3.31
2014-02-27	12.58	12.82	12.1	12.08	40183.16	-0.48	-3.82	13.294	13.892	13.811	44486.85	49004.72	62979.54	4.89
2014-02-26	12.88	12.88	12.58	12.04	38779.24	-0.32	-2.48	13.73	14.042	13.892	44264.19	51198.77	68494.32	4.72
2014-02-25	14.28	14.54	12.9	12.89	53509.96	-1.41	-9.85	14.144	14.229	13.886	45750.37	53366.87	71718.73	6.51
2014-02-24	14.24	14.4	14.31	13.9	41114.42	-0.27	-1.85	14.502	14.395	13.851	46613.81	58619.37	71463.08	5.0
2014-02-21	14.28	14.92	14.58	14.23	48847.46	0.3	2.1	14.616	14.375	13.717	55421.86	63660.49	70823.43	5.95
2014-02-20	14.64	14.8	14.28	14.14	39069.85	-0.37	-2.53	14.49	14.318	13.583	53522.59	67881.47	70408.98	4.76
2014-02-19	14.65	14.93	14.65	14.36	46210.15	-0.04	-0.27	14.354	14.197	13.445	58133.36	68816.25	69798.85	5.62
2014-02-18	14.71	14.95	14.69	14.5	57827.18	-0.19	-1.28	14.314	14.067	13.301	60983.38	68664.06	68977.63	7.04
2014-02-17	13.97	15.02	14.88	13.85	85154.68	0.93	6.67	14.288	13.911	13.138	70624.93	68396.93	66957.76	10.36
2014-02-14	13.47	13.97	13.95	13.41	39351.09	0.35	2.57	14.134	13.777	12.949	71899.11	69795.41	63620.66	4.79
2014-02-13	14.26	14.38	13.6	13.6	62123.7	-0.85	-5.88	14.146	13.73	12.801	82240.34	76954.35	63651.65	7.56
2014-02-12	14.35	14.64	14.45	14.02	60460.23	-0.11	-0.76	14.04	13.741	12.711	79499.13	85789.88	63105.58	7.36
2014-02-11	14.12	14.73	14.56	13.91	106034.95	0.45	3.19	13.82	13.542	12.597	76344.74	90070.59	62891.18	12.91
2014-02-10	13.9	14.28	14.11	13.68	91525.57	0.1	0.71	13.534	13.306	12.464	66168.92	84306.8	58716.97	11.14
2014-02-07	13.16	14.3	14.01	13.16	91057.27	0.94	7.19	13.42	13.059	12.341	67691.72	77986.37	55808.88	11.08
2014-01-30	13.25	13.6	13.07	13.02	48417.63	-0.28	-2.1	13.314	12.848	12.252	71668.36	72936.5	54235.19	5.89
2014-01-29	13.14	13.57	13.35	13.07	44688.27	0.22	1.68	13.442	12.693	12.194	92080.62	70781.45	53378.07	5.44
2014-01-28	13.51	13.68	13.13	12.81	55155.86	-0.41	-3.03	13.264	12.535	12.107	103796.44	69291.21	52156.42	6.71
2014-01-27	13.31	14.25	13.54	13.31	99139.58	0.06	0.45	13.078	12.364	12.042	102444.67	65518.6	50910.05	12.07
2014-01-24	13.4	13.62	13.48	13.2	110940.46	-0.23	-1.68	12.698	12.12	11.954	88281.03	57445.91	47949.69	13.5
2014-01-23	12.33	13.71	13.71	12.33	150478.94	1.25	10.03	12.382	11.872	11.846	74204.64	50348.94	43989.28	18.31
2014-01-22	11.7	13.16	12.46	11.7	103267.35	0.26	2.13	11.944	11.681	11.732	49482.29	40421.29	37510.06	12.57
2014-01-21	11.73	12.2	12.2	11.7	48397.04	0.56	4.81	11.806	11.652	11.664	34785.98	35711.77	33140.53	5.89
2014-01-20	12.1	12.15	11.64	11.58	28321.34	-0.26	-2.19	11.65	11.622	11.596	28592.52	33127.14	31961.22	3.45
2014-01-17	11.55	11.94	11.9	11.5	40558.53	0.38	3.3	11.542	11.623	11.577	26610.8	33631.39	31251.66	4.94
2014-01-16	11.77	11.84	11.52	11.43	26867.17	-0.25	-2.12	11.362	11.656	11.555	26493.24	35533.88	30036.88	3.27
2014-01-15	11.42	11.81	11.77	11.35	29785.81	0.35	3.06	11.418	11.694	11.561	31360.29	35974.69	29434.38	3.63
2014-01-14	11.1	11.42	11.42	11.07	17429.76	0.32	2.88	11.498	11.679	11.542	36637.55	35021.62	28895.93	2.12
2014-01-13	11.05	11.25	11.1	10.95	18412.72	0.1	0.91	11.594	11.72	11.554	37661.75	36301.5	28850.24	2.24
2014-01-10	11.69	11.77	11.0	10.79	39970.73	-0.8	-6.78	11.704	11.788	11.587	40651.98	38453.47	29037.08	4.86
2014-01-09	12.19	12.47	11.8	11.7	51202.42	-0.37	-3.04	11.95	11.82	11.634	44574.51	37629.62	28589.61	6.23
2014-01-08	12.0	12.48	12.17	11.86	56172.14	0.27	2.27	11.97	11.783	11.629	40589.09	34598.83	27076.23	6.84
2014-01-07	11.5	11.96	11.9	11.43	22550.76	0.25	2.15	11.86	11.675	11.6	33405.69	30569.29	25903.42	2.74
2014-01-06	12.09	12.12	11.65	11.5	33363.83	-0.58	-4.74	11.846	11.57	11.602	34941.25	30795.3	25824.53	4.06
2014-01-03	11.83	12.49	12.23	11.83	59583.42	0.33	2.77	11.872	11.531	11.603	36254.97	28871.94	25069.18	7.25
2014-01-02	11.6	12.05	11.9	11.53	31275.3	0.28	2.41	11.69	11.453	11.573	30684.73	24539.88	24114.13	3.81
2013-12-31	11.7	11.86	11.62	11.56	20255.14	-0.21	-1.77	11.596	11.428	11.586	28608.57	22894.07	24069.98	2.47
2013-12-30	11.83	11.84	11.83	11.57	30228.56	0.05	0.42	11.49	11.405	11.614	27732.89	22770.24	25137.12	3.68
2013-12-27	11.28	11.87	11.78	11.21	39932.44	0.46	4.06	11.294	11.387	11.65	26649.35	21398.98	26028.6	4.86
2013-12-26	11.48	11.62	11.32	11.2	31732.2	-0.11	-0.96	11.19	11.386	11.759	21488.9	19620.68	26690.4	3.86
2013-12-25	11.16	11.44	11.43	11.05	20894.5	0.34	3.07	11.216	11.447	11.868	18395.03	19549.6	27476.55	2.54
2013-12-24	10.87	11.23	11.09	10.85	15876.77	0.24	2.21	11.26	11.475	11.981	17179.56	19553.63	28961.95	1.93
2013-12-23	11.3	11.3	10.85	10.79	24810.82	-0.41	-3.64	11.32	11.524	12.084	17807.59	21237.56	29533.1	3.02
2013-12-20	11.45	11.55	11.26	11.2	14130.23	-0.19	-1.66	11.48	11.633	12.2	16148.61	20853.76	29254.71	1.72
2013-12-19	11.65	11.89	11.45	11.45	16262.82	-0.2	-1.72	11.582	11.675	12.294	17752.46	21266.42	30230.37	1.98
2013-12-18	11.39	11.67	11.65	11.21	14817.18	0.26	2.28	11.678	11.693	12.399	20704.18	23688.38	32023.88	1.8
2013-12-17	11.65	11.67	11.39	11.35	19016.9	-0.26	-2.23	11.69	11.743	12.494	21927.7	25245.89	33388.68	2.31
2013-12-16	11.77	11.91	11.65	11.6	16515.91	-0.12	-1.02	11.728	11.822	12.59	24667.52	27504.01	34153.47	2.01
2013-12-13	11.83	11.88	11.77	11.7	22149.49	-0.16	-1.34	11.786	11.913	12.672	25558.9	30658.23	35523.82	2.7
2013-12-12	11.68	12.08	11.93	11.68	31021.4	0.22	1.88	11.768	12.131	12.723	24780.38	33760.11	36272.72	3.78
2013-12-11	11.62	11.74	11.71	11.51	20934.78	0.13	1.12	11.708	12.288	12.75	26672.58	35403.5	35768.48	2.55
2013-12-10	11.94	11.98	11.58	11.5	32716.02	-0.36	-3.02	11.796	12.487	12.774	28564.08	38370.26	35726.27	3.98
2013-12-09	11.68	12.0	11.94	11.67	20972.83	0.26	2.23	11.916	12.644	12.833	30340.49	37828.65	34934.28	2.55
2013-12-06	11.48	11.76	11.68	11.48	18256.89	0.05	0.43	12.04	12.767	12.866	35757.55	37655.66	34484.99	2.22
2013-12-05	12.18	12.32	11.63	11.56	40482.38	-0.52	-4.28	12.494	12.913	12.906	42739.84	39194.32	34327.89	4.93
2013-12-04	12.17	12.55	12.15	12.02	30392.26	-0.03	-0.25	12.868	13.105	12.953	44134.43	40359.38	33438.9	3.7
2013-12-03	11.98	12.36	12.18	11.3	41598.11	-0.38	-3.02	13.178	13.245	13.001	48176.45	41531.48	34113.28	5.06
2013-12-02	13.2	13.22	12.56	12.56	48058.12	-1.39	-9.96	13.372	13.357	13.031	45316.8	40802.92	33235.83	5.85
2013-11-29	13.51	13.98	13.95	13.38	53168.32	0.45	3.33	13.494	13.43	13.026	39553.76	40389.41	31863.91	6.47
2013-11-28	13.65	14.1	13.5	13.46	47455.32	-0.2	-1.46	13.332	13.315	12.956	35648.8	38785.34	30345.76	5.78
2013-11-27	13.19	13.83	13.7	13.12	50602.39	0.55	4.18	13.342	13.211	12.922	36584.34	36133.45	29408.74	6.16
2013-11-26	13.13	13.27	13.15	12.9	27299.83	-0.02	-0.15	13.312	13.061	12.881	34886.51	33082.28	28225.03	3.32
2013-11-25	13.2	13.37	13.17	13.12	19242.93	0.03	0.23	13.342	13.022	12.853	36289.05	32039.91	29035.54	2.34
2013-11-22	13.45	13.55	13.14	13.04	33643.53	-0.41	-3.03	13.366	12.965	12.853	41225.06	31314.33	29646.49	4.09
2013-11-21	13.55	13.93	13.55	13.36	52133.03	0.0	0.0	13.298	12.899	12.873	41921.87	29461.46	30756.58	6.34
2013-11-20	13.25	13.64	13.55	13.25	42113.23	0.25	1.88	13.08	12.801	12.925	35682.56	26518.42	30217.52	5.13
2013-11-19	13.33	13.45	13.3	13.11	34312.54	0.01	0.07	12.81	12.756	13.012	31278.05	26695.08	30039.27	4.18
2013-11-18	12.72	13.48	13.29	12.72	43922.99	0.49	3.83	12.702	12.705	13.11	27790.76	25668.74	31981.0	5.35
2013-11-15	12.48	13.09	12.8	12.46	37127.57	0.34	2.73	12.564	12.622	13.261	21403.59	23338.42	32514.06	4.52
2013-11-14	12.04	12.55	12.46	12.0	20936.49	0.26	2.13	12.5	12.597	13.417	17001.05	21906.18	32640.29	2.55
2013-11-13	12.76	12.76	12.2	12.2	20090.65	-0.56	-4.39	12.522	12.632	13.564	17354.28	22684.03	34041.04	2.45
2013-11-12	12.6	12.85	12.76	12.52	16876.12	0.16	1.27	12.702	12.7	13.72	22112.11	23367.78	37070.25	2.05
2013-11-11	12.39	12.66	12.6	12.31	11987.12	0.12	0.96	12.708	12.683	13.902	23546.72	26031.17	42904.56	1.46
2013-11-08	12.45	12.69	12.48	12.3	15114.88	-0.09	-0.72	12.68	12.741	14.16	25273.24	27978.66	49447.61	1.84
2013-11-07	13.03	13.03	12.57	12.57	22702.65	-0.53	-4.05	12.694	12.847	14.393	26811.3	32051.71	55305.44	2.76
2013-11-06	12.85	13.49	13.1	12.64	43879.76	0.31	2.42	12.742	13.049	14.573	28013.77	33916.61	60156.92	5.34
2013-11-05	12.5	12.81	12.79	12.32	24049.17	0.33	2.65	12.698	13.268	14.766	24623.44	33383.46	67468.06	2.93
2013-11-04	12.35	12.74	12.46	12.35	20619.75	-0.09	-0.72	12.658	13.515	14.915	28515.62	38293.26	68831.91	2.51
2013-11-01	12.9	12.9	12.55	12.32	22805.17	-0.26	-2.03	12.802	13.899	15.05	30684.07	41689.71	69219.96	2.78
2013-10-31	12.87	12.87	12.81	12.26	28714.98	-0.07	-0.54	13.0	14.236	15.164	37292.11	43374.4	70181.78	3.49
2013-10-30	12.59	12.92	12.88	12.3	26928.15	0.29	2.3	13.356	14.495	15.276	39819.45	45398.06	71794.11	3.28
2013-10-29	13.22	13.43	12.59	11.9	43510.04	-0.59	-4.48	13.838	14.74	15.421	42143.48	50772.72	74566.95	5.3
2013-10-28	13.6	13.64	13.18	13.0	31462.0	-0.36	-2.66	14.372	15.121	15.593	48070.9	59777.96	76420.15	3.83
2013-10-25	14.43	14.78	13.54	13.16	55845.39	-1.05	-7.2	14.996	15.578	15.716	52695.35	70916.57	78232.69	6.8
2013-10-24	15.27	15.27	14.59	14.4	41351.69	-0.7	-4.58	15.472	15.939	15.794	49456.69	78559.18	78722.3	5.03
2013-10-23	15.2	15.57	15.29	14.86	38548.26	0.03	0.2	15.634	16.096	15.852	50976.66	86397.23	81193.27	4.69
2013-10-22	16.3	16.3	15.26	15.17	73147.18	-1.04	-6.38	15.642	16.263	15.86	59401.97	101552.66	81723.75	8.9
2013-10-21	15.93	16.5	16.3	15.9	54584.24	0.38	2.39	15.87	16.315	15.852	71485.01	99370.56	79697.63	6.64
2013-10-18	15.44	15.95	15.92	15.35	39652.1	0.52	3.38	16.16	16.2	15.781	89137.79	96750.22	78632.41	4.83
2013-10-17	15.23	15.83	15.4	15.08	48951.52	0.07	0.46	16.406	16.091	15.718	107661.67	96989.15	79802.74	5.96
2013-10-16	16.24	16.62	15.33	14.8	80674.81	-1.07	-6.52	16.558	16.056	15.73	121817.79	98190.15	80754.54	9.82
2013-10-15	17.44	17.44	16.4	16.11	133562.38	-1.35	-7.61	16.884	16.102	15.768	143703.35	98361.17	80041.89	16.25
2013-10-14	16.9	18.46	17.75	16.76	142848.14	0.6	3.5	16.76	16.064	15.767	127256.11	93062.35	77461.3	17.38
2013-10-11	16.21	17.35	17.15	15.97	132271.48	0.99	6.13	16.24	15.854	15.692	104362.65	85548.8	75341.95	16.1
2013-10-10	16.77	16.95	16.16	15.95	119732.16	-0.8	-4.72	15.776	15.649	15.601	86316.64	78885.41	70569.01	14.57
2013-10-09	15.56	17.36	16.96	15.55	190102.58	1.18	7.48	15.554	15.607	15.578	74562.51	75989.32	67024.51	23.14
2013-10-08	15.18	15.85	15.78	15.03	51326.21	0.63	4.16	15.32	15.457	15.503	53018.99	61894.84	59852.32	6.25
2013-09-30	14.8	15.3	15.15	14.78	28380.8	0.32	2.16	15.368	15.388	15.464	58868.59	60024.69	62057.84	3.45
2013-09-27	14.86	15.19	14.83	14.75	42041.44	-0.22	-1.46	15.468	15.361	15.522	66734.96	60514.61	64964.52	5.12
2013-09-26	15.6	16.08	15.05	15.0	60961.53	-0.74	-4.69	15.522	15.345	15.575	71454.18	62616.32	68136.98	7.42
2013-09-25	15.9	16.49	15.79	15.73	82384.97	-0.23	-1.44	15.66	15.404	15.672	77416.12	63318.92	70955.46	10.03
2013-09-24	15.52	16.22	16.02	15.43	80574.19	0.37	2.36	15.594	15.434	15.724	70770.68	61722.61	73863.29	9.81
2013-09-23	15.2	15.69	15.65	14.7	67712.66	0.55	3.64	15.408	15.47	15.763	61180.8	61860.25	81387.56	8.24
2013-09-18	15.78	15.79	15.1	15.0	65637.57	-0.64	-4.07	15.254	15.529	15.88	54294.26	65135.11	93871.78	7.99
2013-09-17	15.47	16.25	15.74	15.0	90771.23	0.28	1.81	15.168	15.553	15.973	53778.46	62252.61	94127.5	11.05
2013-09-16	15.05	15.7	15.46	15.01	49157.76	0.37	2.45	15.148	15.548	15.956	49221.71	58059.71	94589.13	5.98
2013-09-13	14.85	15.14	15.09	14.55	32624.77	0.21	1.41	15.274	15.549	15.94	52674.55	57809.81	95170.18	3.97
2013-09-12	14.7	15.27	14.88	14.7	33279.95	0.21	1.43	15.532	15.54	15.899	62539.71	64090.99	97331.98	4.05
2013-09-11	15.69	15.71	14.67	14.56	63058.6	-0.97	-6.2	15.804	15.682	15.918	75975.95	69414.43	100382.51	7.67
2013-09-10	16.09	16.44	15.64	15.41	67987.47	-0.45	-2.8	15.938	15.805	15.944	70726.75	73657.63	101355.23	8.27
2013-09-09	16.46	16.48	16.09	15.8	66421.94	-0.29	-1.77	15.948	15.939	15.901	66897.71	78592.0	99891.7	8.08
2013-09-06	16.05	16.65	16.38	15.8	81950.59	0.14	0.86	15.824	16.014	15.829	62945.08	86003.96	98979.61	9.97
2013-09-05	15.28	16.37	16.24	15.21	100461.17	0.9	5.87	15.548	16.055	15.749	65642.27	100914.86	98072.65	12.23
2013-09-04	15.57	15.63	15.34	15.3	36812.59	-0.35	-2.23	15.56	16.231	15.704	62852.91	122608.45	95606.73	4.48
2013-09-03	15.26	15.74	15.69	15.21	48842.27	0.22	1.42	15.672	16.392	15.693	76588.5	126002.39	98170.27	5.94
2013-09-02	14.86	15.53	15.47	14.86	46658.76	0.47	3.13	15.93	16.364	15.712	90286.29	131118.54	100569.38	5.68
2013-08-30	16.13	16.2	15.0	14.8	95436.57	-1.3	-7.97	16.204	16.331	15.709	109062.85	132530.54	101232.91	11.61
2013-08-29	15.7	16.5	16.3	15.7	86514.37	0.4	2.52	16.562	16.257	15.723	136187.46	130572.97	100699.64	10.53
2013-08-28	16.59	16.78	15.9	15.9	105490.55	-1.08	-6.36	16.902	16.154	15.692	182363.98	131350.58	99968.23	12.84
2013-08-27	16.53	16.99	16.98	16.15	117331.18	0.14	0.83	17.112	16.082	15.644	175416.27	129052.83	97938.05	14.28
2013-08-26	16.4	17.08	16.84	16.38	140541.59	0.05	0.3	16.798	15.862	15.517	171950.8	121191.41	95703.76	17.1
2013-08-23	17.3	17.47	16.79	16.2	231059.59	-1.21	-6.72	16.458	15.644	15.428	155998.23	111955.25	92389.23	28.12
2013-08-22	18.45	18.65	18.0	17.76	317397.0	1.05	6.2	15.952	15.443	15.388	124958.49	95230.44	87998.51	38.63
2013-08-21	16.2	16.95	16.95	16.2	70752.01	1.54	9.99	15.406	15.176	15.334	80337.17	68605.02	84695.42	8.61
2013-08-20	15.21	15.93	15.41	15.18	100003.83	0.27	1.78	15.052	14.994	15.309	82689.39	70338.14	89572.71	12.17
2013-08-19	14.26	15.19	15.14	14.23	60778.72	0.88	6.17	14.926	15.06	15.304	70432.02	70020.22	89023.7	7.4
2013-08-16	15.07	15.16	14.26	14.21	75860.9	-1.01	-6.61	14.83	15.086	15.313	67912.27	69935.28	90592.87	9.23
2013-08-15	15.25	15.69	15.27	14.93	94290.4	0.09	0.59	14.934	15.188	15.375	65502.39	70826.31	91459.46	11.48
2013-08-14	14.71	15.39	15.18	14.45	82513.11	0.4	2.71	14.946	15.23	15.381	56872.86	68585.87	91282.52	10.04
2013-08-13	14.52	14.93	14.78	14.4	38716.95	0.12	0.82	14.936	15.206	15.395	57986.9	66823.26	91867.15	4.71
2013-08-12	14.57	14.93	14.66	14.22	48179.98	-0.12	-0.81	15.194	15.172	15.439	69608.43	70216.1	95663.59	5.86
2013-08-09	15.3	15.42	14.78	14.5	63811.53	-0.55	-3.59	15.342	15.211	15.498	71958.3	72823.22	99316.18	7.77
2013-08-08	15.4	15.57	15.33	15.08	51142.73	0.2	1.32	15.442	15.332	15.558	76150.23	80766.57	102274.9	6.22
2013-08-07	15.98	16.0	15.13	15.01	88083.29	-0.94	-5.85	15.514	15.492	15.579	80298.89	100785.83	106923.28	10.72
2013-08-06	15.44	16.29	16.07	15.35	96824.61	0.67	4.35	15.476	15.624	15.624	75659.63	108807.28	108807.28	11.78
2013-08-05	15.07	15.54	15.4	14.9	59929.32	0.12	0.79	15.15	15.574	15.574	70823.78	110138.69	110138.69	7.29
2013-08-02	15.75	16.32	15.28	15.23	84771.18	-0.41	-2.61	15.08	15.596	15.596	73688.14	116414.86	116414.86	10.32
2013-08-01	14.79	15.73	15.69	14.62	71886.03	0.75	5.02	15.222	15.641	15.641	85382.91	120935.38	120935.38	8.75
2013-07-31	14.51	15.4	14.94	14.32	64886.99	0.5	3.46	15.47	15.633	15.633	121272.77	129110.27	129110.27	7.9
2013-07-30	15.0	15.45	14.44	14.0	72645.38	-0.61	-4.05	15.772	15.772	15.772	141954.93	141954.93	141954.93	8.84
2013-07-29	15.25	15.98	15.05	15.0	74251.1	-0.94	-5.88	16.105	16.105	16.105	159282.32	159282.32	159282.32	9.04
2013-07-26	16.23	17.06	15.99	15.24	143245.05	-0.94	-5.55	16.457	16.457	16.457	187626.06	187626.06	187626.06	17.43
2013-07-25	16.65	17.95	16.93	15.9	251335.34	0.48	2.92	16.69	16.69	16.69	209816.56	209816.56	209816.56	30.59
2013-07-24	15.56	16.56	16.45	15.28	168297.78	0.61	3.85	16.45	16.45	16.45	168297.78	168297.78	168297.78	20.48
