             open   high  close    low     volume  price_change  p_change  \
date                                                                        
2016-07-22  24.75  25.21  24.55  24.40  177143.66         -0.20     -0.81   
2016-07-21  25.23  25.33  24.75  24.68  227599.59         -0.63     -2.48   
2016-07-20  24.35  26.30  25.38  24.18  327880.47          1.03      4.23   
2016-07-19  24.09  24.42  24.35  23.38  198322.06          0.27      1.12   
2016-07-18  24.53  24.98  24.08  24.07  179019.05         -0.42     -1.71   
2016-07-15  24.82  24.92  24.50  24.31  225050.45         -0.63     -2.51   
2016-07-14  24.20  25.56  25.13  24.11  391008.47          1.17      4.88   
2016-07-13  24.11  24.49  23.96  23.78  197028.67         -0.19     -0.79   
2016-07-12  23.27  24.15  24.15  22.75  217187.27          0.87      3.74   
2016-07-11  24.15  24.58  23.28  23.10  221812.42         -0.72     -3.00   
2016-07-08  23.59  24.63  24.00  23.52  195129.00          0.26      1.09   
2016-07-07  24.14  24.48  23.74  23.52  182505.23         -0.38     -1.57   
2016-07-06  24.35  24.89  24.12  23.91  166822.16         -0.48     -1.95   
2016-07-05  24.70  24.99  24.60  24.30  200843.44         -0.35     -1.40   
2016-07-04  23.40  25.18  24.95  23.10  338529.34          1.45      6.17   
2016-07-01  24.48  24.60  23.50  23.36  303734.94         -1.00     -4.08   
2016-06-30  24.58  24.94  24.50  24.17  244410.44         -0.02     -0.08   
2016-06-29  24.51  24.78  24.52  24.08  254931.00         -0.10     -0.41   
2016-06-28  24.70  25.15  24.62  24.08  369009.38         -0.33     -1.32   
2016-06-27  23.15  25.70  24.95  22.88  503965.69          1.55      6.62   
2016-06-24  22.90  24.30  23.40  21.70  515709.97          0.34      1.47   
2016-06-23  22.80  23.96  23.06  22.60  615736.25          0.67      2.99   
2016-06-22  20.30  22.39  22.39  20.11  472050.44          2.04     10.03   
2016-06-21  20.75  21.20  20.35  20.20  244481.12         -0.03     -0.15   
2016-06-20  20.49  20.60  20.38  19.75  200593.45         -0.12     -0.58   
2016-06-17  20.80  21.29  20.50  20.23  243955.61          0.12      0.59   
2016-06-16  20.35  20.68  20.38  19.80  239825.53          0.16      0.79   
2016-06-15  19.02  20.48  20.22  18.85  229651.88          0.87      4.50   
2016-06-14  19.21  19.96  19.35  19.00  200696.05         -0.33     -1.68   
2016-06-13  20.50  21.87  19.68  19.64  341333.84         -1.43     -6.77   
...           ...    ...    ...    ...        ...           ...       ...   
2013-09-03  12.48  12.94  12.81  12.48   24347.45          0.31      2.48   
2013-09-02  12.25  12.50  12.50  12.15   25885.71          0.28      2.29   
2013-08-30  13.36  13.59  12.22  12.21   85579.28         -1.35     -9.95   
2013-08-29  14.01  14.02  13.57  13.50   52107.79         -0.63     -4.44   
2013-08-28  14.31  14.96  14.20  14.08   69135.87         -0.38     -2.61   
2013-08-27  14.56  14.73  14.58  13.89   56459.07          0.10      0.69   
2013-08-26  14.38  14.70  14.48  14.20   46902.74          0.18      1.26   
2013-08-23  14.85  15.09  14.30  13.80   65975.23         -0.54     -3.64   
2013-08-22  14.60  15.12  14.84  14.42   66206.79          0.16      1.09   
2013-08-21  14.36  14.91  14.68  14.12   64639.24          0.28      1.94   
2013-08-20  13.98  14.44  14.40  13.88   64322.52          0.30      2.13   
2013-08-19  13.35  14.29  14.10  13.08   46551.39          0.69      5.14   
2013-08-16  13.40  14.27  13.41  13.33   50102.95         -0.19     -1.40   
2013-08-15  14.15  14.15  13.60  13.53   41040.71         -0.55     -3.89   
2013-08-14  13.99  14.47  14.15  13.56   60575.52          0.27      1.95   
2013-08-13  13.45  14.07  13.88  13.40   42975.28          0.34      2.51   
2013-08-12  13.46  13.66  13.54  13.05   46307.22          0.04      0.30   
2013-08-09  14.10  14.25  13.50  13.18   58653.24         -0.55     -3.92   
2013-08-08  13.93  14.36  14.05  13.83   50741.38         -0.16     -1.13   
2013-08-07  15.16  15.16  14.21  14.15   73043.89         -1.03     -6.76   
2013-08-06  15.45  15.95  15.24  15.17  115421.91          0.13      0.86   
2013-08-05  13.94  15.30  15.11  13.78   87806.21          1.08      7.70   
2013-08-02  14.14  14.84  14.03  14.03   72730.26         -0.11     -0.78   
2013-08-01  13.46  14.19  14.14  13.28   58295.56          0.86      6.48   
2013-07-31  13.21  13.79  13.28  13.18   42749.74          0.00      0.00   
2013-07-30  13.73  13.94  13.28  12.88   56392.89         -0.45     -3.28   
2013-07-29  14.13  14.40  13.73  13.38   56281.20         -0.62     -4.32   
2013-07-26  14.55  14.85  14.35  13.60   68416.55         -0.31     -2.12   
2013-07-25  15.47  15.68  14.66  14.21   76412.76         -1.08     -6.86   
2013-07-24  14.78  16.33  15.74  14.60  123137.45          0.89      5.99   

               ma5    ma10    ma20      v_ma5     v_ma10     v_ma20  turnover  
date                                                                           
2016-07-22  24.622  24.413  24.382  221992.97  236205.21  256096.64      5.80  
2016-07-21  24.612  24.358  24.324  231574.32  238003.74  273024.95      7.45  
2016-07-20  24.688  24.257  24.240  264256.10  233494.31  292431.79     10.74  
2016-07-19  24.404  24.131  24.090  238085.74  217388.48  299640.28      6.50  
2016-07-18  24.364  24.156  23.890  241858.78  217640.62  301948.24      5.86  
2016-07-15  24.204  24.243  23.705  250417.46  233591.64  303026.96      7.37  
2016-07-14  24.104  24.143  23.505  244433.17  241460.09  303972.21     12.81  
2016-07-13  23.826  24.080  23.268  202732.52  226800.29  296413.07      6.45  
2016-07-12  23.858  24.136  23.081  196691.22  232590.52  298044.23      7.11  
2016-07-11  23.948  24.183  22.841  193422.45  247772.73  297219.67      7.26  
2016-07-08  24.282  24.350  22.661  216765.83  275988.06  303195.74      6.39  
2016-07-07  24.182  24.290  22.516  238487.02  308046.16  305319.65      5.98  
2016-07-06  24.334  24.222  22.384  250868.06  351369.26  306645.10      5.46  
2016-07-05  24.414  24.049  22.220  268489.83  381892.09  310822.16      6.58  
2016-07-04  24.418  23.624  22.038  302123.02  386255.86  319863.39     11.09  
2016-07-01  24.418  23.167  21.844  335210.29  372462.27  315177.96      9.95  
2016-06-30  24.398  22.867  21.723  377605.30  366484.34  316474.82      8.00  
2016-06-29  24.110  22.455  21.562  451870.46  366025.84  324926.04      8.35  
2016-06-28  23.684  22.025  21.339  495294.35  363497.93  325038.92     12.09  
2016-06-27  22.830  21.498  21.098  470388.69  346666.60  320652.85     16.50  
2016-06-24  21.916  20.971  20.859  409714.25  330403.41  311752.14     16.89  
2016-06-23  21.336  20.742  20.664  355363.37  302593.15  306424.52     20.17  
2016-06-22  20.800  20.546  20.474  280181.23  261920.93  288138.67     15.46  
2016-06-21  20.366  20.390  20.319  231701.52  239752.23  280164.67      8.01  
2016-06-20  20.166  20.452  20.239  222944.50  253470.91  282035.76      6.57  
2016-06-17  20.026  20.520  20.089  251092.58  257893.65  283990.85      8.00  
2016-06-16  20.148  20.579  19.913  249822.92  266465.31  281183.88      7.86  
2016-06-15  20.292  20.669  19.790  243660.64  283826.25  281429.36      7.53  
2016-06-14  20.414  20.652  19.671  247802.95  286579.91  279522.59      6.58  
2016-06-13  20.738  20.697  19.547  283997.32  294639.11  277537.40     11.19  
...            ...     ...     ...        ...        ...        ...       ...  
2013-09-03  13.060  13.818  13.851   51411.22   55723.92   54577.66      2.79  
2013-09-02  13.414  13.977  13.973   57833.54   59721.42   59131.39      2.97  
2013-08-30  13.810  14.137  14.103   62036.95   61787.99   62227.41      9.81  
2013-08-29  14.226  14.256  14.194   58116.14   58240.36   61584.96      5.97  
2013-08-28  14.480  14.259  14.222   60935.94   57133.65   61894.35      7.93  
2013-08-27  14.576  14.254  14.176   60036.61   56277.62   60575.04      6.47  
2013-08-26  14.540  14.184  14.111   61609.30   54929.24   60571.73      5.38  
2013-08-23  14.464  14.090  14.074   61539.03   54869.69   61040.66      7.56  
2013-08-22  14.286  14.010  14.076   58364.58   54137.49   61162.72      7.59  
2013-08-21  14.038  13.931  14.067   53331.36   52590.94   61673.02      7.41  
2013-08-20  13.932  13.884  14.120   52518.62   53431.41   64597.93      7.37  
2013-08-19  13.828  13.968  14.105   48249.17   58541.35   64612.43      5.34  
2013-08-16  13.716  14.069  14.106   48200.34   62666.83   65615.82      5.74  
2013-08-15  13.734  14.131  14.146   49910.39   64929.56   66528.34      4.70  
2013-08-14  13.824  14.185  14.181   51850.53   66655.05   68121.32      6.94  
2013-08-13  13.836  14.098  14.183   54344.20   64872.47   68624.37      4.93  
2013-08-12  14.108  14.038  14.204   68833.53   66214.23   70456.45      5.31  
2013-08-09  14.422  14.057  14.255   77133.33   67211.63   72314.08      6.72  
2013-08-08  14.528  14.142  14.318   79948.73   68187.96   73452.48      5.82  
2013-08-07  14.546  14.203  14.343   81459.57   70755.10   75517.13      8.37  
2013-08-06  14.360  14.356  14.356   75400.74   75764.45   75764.45     13.23  
2013-08-05  13.968  14.258  14.258   63594.93   71358.07   71358.07     10.07  
2013-08-02  13.692  14.151  14.151   57289.93   69302.05   69302.05      8.34  
2013-08-01  13.756  14.169  14.169   56427.19   68812.31   68812.31      6.68  
2013-07-31  13.860  14.173  14.173   60050.63   70565.10   70565.10      4.90  
2013-07-30  14.352  14.352  14.352   76128.17   76128.17   76128.17      6.46  
2013-07-29  14.620  14.620  14.620   81061.99   81061.99   81061.99      6.45  
2013-07-26  14.917  14.917  14.917   89322.25   89322.25   89322.25      7.84  
2013-07-25  15.200  15.200  15.200   99775.11   99775.11   99775.11      8.76  
2013-07-24  15.740  15.740  15.740  123137.45  123137.45  123137.45     14.12  

[656 rows x 14 columns]