            open  high  close   low     volume  price_change  p_change    ma5  \
date                                                                            
2016-07-22  4.92  4.92   4.88  4.85  156186.59         -0.04     -0.81  4.892   
2016-07-21  4.88  4.95   4.92  4.86  210234.84          0.04      0.82  4.908   
2016-07-20  4.90  4.93   4.88  4.87  157091.94         -0.03     -0.61  4.902   
2016-07-19  4.90  4.91   4.91  4.84  183768.34          0.04      0.82  4.906   
2016-07-18  4.94  4.95   4.87  4.84  197400.42         -0.09     -1.81  4.910   
2016-07-15  4.88  4.99   4.96  4.86  333785.72          0.07      1.43  4.966   
2016-07-14  4.89  4.93   4.89  4.82  289422.56         -0.01     -0.20  5.048   
2016-07-13  4.87  4.93   4.90  4.77  451567.62         -0.03     -0.61  5.150   
2016-07-12  5.08  5.08   4.93  4.66  824642.75         -0.22     -4.27  5.266   
2016-07-11  5.25  5.29   5.15  5.12  475749.41         -0.22     -4.10  5.368   
2016-07-08  5.40  5.42   5.37  5.34  151218.12         -0.03     -0.56  5.430   
2016-07-07  5.48  5.48   5.40  5.34  242197.53         -0.08     -1.46  5.410   
2016-07-06  5.40  5.50   5.48  5.36  259803.12          0.04      0.73  5.390   
2016-07-05  5.43  5.47   5.44  5.38  289266.62         -0.02     -0.37  5.364   
2016-07-04  5.23  5.49   5.46  5.19  393529.62          0.19      3.60  5.334   
2016-07-01  5.30  5.32   5.27  5.25  182081.27         -0.03     -0.57  5.286   
2016-06-30  5.32  5.40   5.30  5.25  256801.92         -0.05     -0.94  5.258   
2016-06-29  5.31  5.43   5.35  5.30  264643.38          0.06      1.13  5.240   
2016-06-28  5.19  5.29   5.29  5.16  234481.48          0.07      1.34  5.214   
2016-06-27  5.06  5.22   5.22  5.06  205349.06          0.09      1.75  5.188   
2016-06-24  5.23  5.26   5.13  5.00  228781.41         -0.08     -1.54  5.188   
2016-06-23  5.20  5.26   5.21  5.18  161708.09         -0.01     -0.19  5.218   
2016-06-22  5.15  5.23   5.22  5.12  146646.05          0.06      1.16  5.230   
2016-06-21  5.25  5.35   5.16  5.13  234858.05         -0.06     -1.15  5.256   
2016-06-20  5.30  5.34   5.22  5.16  154274.47         -0.06     -1.14  5.252   
2016-06-17  5.26  5.36   5.28  5.25  190283.62          0.01      0.19  5.248   
2016-06-16  5.30  5.41   5.27  5.23  278561.84         -0.08     -1.50  5.332   
2016-06-15  5.08  5.42   5.35  5.06  351422.56          0.21      4.09  5.454   
2016-06-14  5.14  5.20   5.14  5.06  237669.50         -0.06     -1.15  5.574   
2016-06-13  5.60  5.61   5.20  5.17  354146.78         -0.50     -8.77  5.726   
...          ...   ...    ...   ...        ...           ...       ...    ...   
2013-09-03  6.20  6.28   6.25  6.14   74740.37          0.03      0.48  6.180   
2013-09-02  6.15  6.25   6.22  6.05   77111.71          0.11      1.80  6.222   
2013-08-30  6.04  6.24   6.11  6.03  104186.61          0.04      0.66  6.246   
2013-08-29  6.24  6.30   6.07  6.00  127119.22         -0.18     -2.88  6.276   
2013-08-28  6.40  6.42   6.25  6.24  100019.31         -0.21     -3.25  6.324   
2013-08-27  6.36  6.50   6.46  6.32  123499.53          0.12      1.89  6.354   
2013-08-26  6.28  6.35   6.34  6.23   68262.96          0.08      1.28  6.312   
2013-08-23  6.34  6.40   6.26  6.16  101946.12         -0.05     -0.79  6.314   
2013-08-22  6.37  6.42   6.31  6.29   79927.78         -0.09     -1.41  6.302   
2013-08-21  6.25  6.40   6.40  6.21   92685.69          0.15      2.40  6.324   
2013-08-20  6.30  6.38   6.25  6.18  110648.26         -0.10     -1.57  6.384   
2013-08-19  6.09  6.40   6.35  6.09  111252.45          0.15      2.42  6.496   
2013-08-16  6.36  6.58   6.20  6.18  164150.23         -0.22     -3.43  6.580   
2013-08-15  6.62  6.67   6.42  6.40  186467.92         -0.28     -4.18  6.712   
2013-08-14  6.78  6.82   6.70  6.52  276497.38         -0.11     -1.61  6.808   
2013-08-13  6.72  6.96   6.81  6.71  181996.27          0.04      0.59  6.744   
2013-08-12  6.83  6.94   6.77  6.60  230002.81         -0.09     -1.31  6.702   
2013-08-09  6.81  6.92   6.86  6.60  249834.31         -0.04     -0.58  6.664   
2013-08-08  6.33  7.02   6.90  6.31  388037.78          0.52      8.15  6.612   
2013-08-07  6.58  6.60   6.38  6.31  152771.95         -0.22     -3.33  6.520   
2013-08-06  6.58  6.75   6.60  6.49  127021.60          0.02      0.30  6.420   
2013-08-05  6.56  6.62   6.58  6.43  129882.30         -0.02     -0.30  6.288   
2013-08-02  6.39  6.66   6.60  6.34  312544.16          0.16      2.48  6.196   
2013-08-01  6.00  6.45   6.44  5.91  307869.62          0.56      9.52  6.100   
2013-07-31  5.91  6.04   5.88  5.86   73219.72         -0.06     -1.01  6.024   
2013-07-30  6.10  6.13   5.94  5.73  129102.93         -0.18     -2.94  6.052   
2013-07-29  6.04  6.28   6.12  6.03  129958.82          0.00      0.00  6.080   
2013-07-26  6.16  6.24   6.12  6.01  135538.31          0.06      0.99  6.067   
2013-07-25  6.00  6.31   6.06  5.98  194214.84          0.04      0.66  6.040   
2013-07-24  6.02  6.06   6.02  5.90  128691.39         -0.01     -0.17  6.020   

             ma10   ma20      v_ma5     v_ma10     v_ma20  turnover  
date                                                                 
2016-07-22  4.929  5.144  180936.43  327985.02  287961.12      2.20  
2016-07-21  4.978  5.156  216456.25  327488.17  291590.86      2.97  
2016-07-20  5.026  5.171  232293.80  330684.44  289164.52      2.22  
2016-07-19  5.086  5.188  291188.93  340955.56  288642.22      2.59  
2016-07-18  5.139  5.200  419363.81  351505.39  291196.71      2.79  
2016-07-15  5.198  5.218  475033.61  371118.31  289040.41      4.71  
2016-07-14  5.229  5.234  438520.09  355947.86  281865.31      4.08  
2016-07-13  5.270  5.253  429075.09  352685.80  281322.27      6.37  
2016-07-12  5.315  5.275  390722.19  333993.37  276315.02     11.64  
2016-07-11  5.351  5.286  283646.96  274977.25  246966.36      6.71  
2016-07-08  5.358  5.288  267203.00  247937.21  240886.22      2.13  
2016-07-07  5.334  5.305  273375.63  255693.54  251981.09      3.42  
2016-07-06  5.315  5.329  276296.51  247644.60  255089.24      3.67  
2016-07-05  5.289  5.352  277264.56  236328.89  256301.75      4.08  
2016-07-04  5.261  5.375  266307.53  230888.03  264947.43      5.55  
2016-07-01  5.237  5.404  228671.42  206962.52  277784.56      2.57  
2016-06-30  5.238  5.432  238011.45  207782.75  291443.89      3.62  
2016-06-29  5.235  5.461  218992.68  209958.74  302833.60      3.73  
2016-06-28  5.235  5.476  195393.22  218636.66  302064.85      3.31  
2016-06-27  5.220  5.501  195468.53  218955.47  307412.07      2.90  
2016-06-24  5.218  5.538  185253.61  233835.24  320376.56      3.23  
2016-06-23  5.275  5.586  177554.06  248268.64  325907.99      2.28  
2016-06-22  5.342  5.629  200924.81  262533.88  336932.57      2.07  
2016-06-21  5.415  5.682  241880.11  276274.60  347600.57      3.31  
2016-06-20  5.489  5.734  242442.40  299006.82  357804.78      2.18  
2016-06-17  5.570  5.783  282416.86  348606.60  375854.47      2.69  
2016-06-16  5.625  5.835  318983.22  375105.03  400796.86      3.93  
2016-06-15  5.686  5.901  324142.94  395708.45  433639.77      4.96  
2016-06-14  5.716  5.950  310669.09  385493.04  440180.35      3.35  
2016-06-13  5.782  6.002  355571.24  395868.67  449339.86      5.00  
...           ...    ...        ...        ...        ...       ...  
2013-09-03  6.267  6.416   96635.44   94949.93  150057.93      3.67  
2013-09-02  6.267  6.433  106387.28   98540.72  152671.99      3.78  
2013-08-30  6.280  6.451  104617.53  101954.79  155310.52      5.11  
2013-08-29  6.289  6.476  104169.43  107951.16  165728.40      6.24  
2013-08-28  6.324  6.494   94731.14  113886.02  174765.92      4.91  
2013-08-27  6.369  6.476   93264.42  131533.83  173425.94      6.06  
2013-08-26  6.404  6.450   90694.16  137383.51  173706.11      3.35  
2013-08-23  6.447  6.439   99292.06  153557.49  176790.91      5.00  
2013-08-22  6.507  6.432  111732.88  168346.31  178470.51      3.92  
2013-08-21  6.566  6.419  133040.91  199157.31  184184.87      4.55  
2013-08-20  6.564  6.400  169803.25  205165.94  185985.15      5.43  
2013-08-19  6.599  6.408  184072.85  206803.27  189950.25      5.46  
2013-08-16  6.622  6.411  207822.92  208666.26  194322.35      8.05  
2013-08-15  6.662  6.424  224959.74  223505.65  196097.18      9.15  
2013-08-14  6.664  6.424  265273.71  235645.82  196699.01     13.56  
2013-08-13  6.582  6.405  240528.62  215318.05  191379.12      8.93  
2013-08-12  6.495  6.376  229533.69  210028.72  192049.32     11.28  
2013-08-09  6.430  6.346  209509.59  200024.32  189129.83     12.26  
2013-08-08  6.356  6.303  222051.56  188594.72  184071.12     19.04  
2013-08-07  6.272  6.249  206017.93  169212.43  165528.69      7.49  
2013-08-06  6.236  6.236  190107.48  166804.37  166804.37      6.23  
2013-08-05  6.196  6.196  190523.75  171224.68  171224.68      6.37  
2013-08-02  6.148  6.148  190539.05  176392.47  176392.47     15.33  
2013-08-01  6.083  6.083  155137.88  156942.23  156942.23     15.10  
2013-07-31  6.023  6.023  132406.92  131787.67  131787.67      3.59  
2013-07-30  6.052  6.052  143501.26  143501.26  143501.26      6.33  
2013-07-29  6.080  6.080  147100.84  147100.84  147100.84      6.38  
2013-07-26  6.067  6.067  152814.85  152814.85  152814.85      6.65  
2013-07-25  6.040  6.040  161453.12  161453.12  161453.12      9.53  
2013-07-24  6.020  6.020  128691.39  128691.39  128691.39      6.31  

[605 rows x 14 columns]