date	open	high	close	low	volume	price_change	p_change	ma5	ma10	ma20	v_ma5	v_ma10	v_ma20	turnover
2016-07-22	4.92	4.92	4.88	4.85	156186.59	-0.04	-0.81	4.892	4.929	5.144	180936.43	327985.02	287961.12	2.2
2016-07-21	4.88	4.95	4.92	4.86	210234.84	0.04	0.82	4.908	4.978	5.156	216456.25	327488.17	291590.86	2.97
2016-07-20	4.9	4.93	4.88	4.87	157091.94	-0.03	-0.61	4.902	5.026	5.171	232293.8	330684.44	289164.52	2.22
2016-07-19	4.9	4.91	4.91	4.84	183768.34	0.04	0.82	4.906	5.086	5.188	291188.93	340955.56	288642.22	2.59
2016-07-18	4.94	4.95	4.87	4.84	197400.42	-0.09	-1.81	4.91	5.139	5.2	419363.81	351505.39	291196.71	2.79
2016-07-15	4.88	4.99	4.96	4.86	333785.72	0.07	1.43	4.966	5.198	5.218	475033.61	371118.31	289040.41	4.71
2016-07-14	4.89	4.93	4.89	4.82	289422.56	-0.01	-0.2	5.048	5.229	5.234	438520.09	355947.86	281865.31	4.08
2016-07-13	4.87	4.93	4.9	4.77	451567.62	-0.03	-0.61	5.15	5.27	5.253	429075.09	352685.8	281322.27	6.37
2016-07-12	5.08	5.08	4.93	4.66	824642.75	-0.22	-4.27	5.266	5.315	5.275	390722.19	333993.37	276315.02	11.64
2016-07-11	5.25	5.29	5.15	5.12	475749.41	-0.22	-4.1	5.368	5.351	5.286	283646.96	274977.25	246966.36	6.71
2016-07-08	5.4	5.42	5.37	5.34	151218.12	-0.03	-0.56	5.43	5.358	5.288	267203.0	247937.21	240886.22	2.13
2016-07-07	5.48	5.48	5.4	5.34	242197.53	-0.08	-1.46	5.41	5.334	5.305	273375.63	255693.54	251981.09	3.42
2016-07-06	5.4	5.5	5.48	5.36	259803.12	0.04	0.73	5.39	5.315	5.329	276296.51	247644.6	255089.24	3.67
2016-07-05	5.43	5.47	5.44	5.38	289266.62	-0.02	-0.37	5.364	5.289	5.352	277264.56	236328.89	256301.75	4.08
2016-07-04	5.23	5.49	5.46	5.19	393529.62	0.19	3.6	5.334	5.261	5.375	266307.53	230888.03	264947.43	5.55
2016-07-01	5.3	5.32	5.27	5.25	182081.27	-0.03	-0.57	5.286	5.237	5.404	228671.42	206962.52	277784.56	2.57
2016-06-30	5.32	5.4	5.3	5.25	256801.92	-0.05	-0.94	5.258	5.238	5.432	238011.45	207782.75	291443.89	3.62
2016-06-29	5.31	5.43	5.35	5.3	264643.38	0.06	1.13	5.24	5.235	5.461	218992.68	209958.74	302833.6	3.73
2016-06-28	5.19	5.29	5.29	5.16	234481.48	0.07	1.34	5.214	5.235	5.476	195393.22	218636.66	302064.85	3.31
2016-06-27	5.06	5.22	5.22	5.06	205349.06	0.09	1.75	5.188	5.22	5.501	195468.53	218955.47	307412.07	2.9
2016-06-24	5.23	5.26	5.13	5.0	228781.41	-0.08	-1.54	5.188	5.218	5.538	185253.61	233835.24	320376.56	3.23
2016-06-23	5.2	5.26	5.21	5.18	161708.09	-0.01	-0.19	5.218	5.275	5.586	177554.06	248268.64	325907.99	2.28
2016-06-22	5.15	5.23	5.22	5.12	146646.05	0.06	1.16	5.23	5.342	5.629	200924.81	262533.88	336932.57	2.07
2016-06-21	5.25	5.35	5.16	5.13	234858.05	-0.06	-1.15	5.256	5.415	5.682	241880.11	276274.6	347600.57	3.31
2016-06-20	5.3	5.34	5.22	5.16	154274.47	-0.06	-1.14	5.252	5.489	5.734	242442.4	299006.82	357804.78	2.18
2016-06-17	5.26	5.36	5.28	5.25	190283.62	0.01	0.19	5.248	5.57	5.783	282416.86	348606.6	375854.47	2.69
2016-06-16	5.3	5.41	5.27	5.23	278561.84	-0.08	-1.5	5.332	5.625	5.835	318983.22	375105.03	400796.86	3.93
2016-06-15	5.08	5.42	5.35	5.06	351422.56	0.21	4.09	5.454	5.686	5.901	324142.94	395708.45	433639.77	4.96
2016-06-14	5.14	5.2	5.14	5.06	237669.5	-0.06	-1.15	5.574	5.716	5.95	310669.09	385493.04	440180.35	3.35
2016-06-13	5.6	5.61	5.2	5.17	354146.78	-0.5	-8.77	5.726	5.782	6.002	355571.24	395868.67	449339.86	5.0
2016-06-08	5.84	5.86	5.7	5.67	373115.41	-0.18	-3.06	5.892	5.858	6.056	414796.34	406917.88	455522.23	5.26
2016-06-07	5.97	6.01	5.88	5.85	304360.47	-0.07	-1.18	5.918	5.897	6.089	431226.85	403547.35	465153.9	4.29
2016-06-06	5.91	6.03	5.95	5.87	284053.31	0.05	0.85	5.918	5.915	6.113	467273.96	411331.27	477615.27	4.01
2016-06-03	5.98	6.03	5.9	5.86	462180.25	-0.13	-2.16	5.858	5.948	6.144	460316.99	418926.55	504532.03	6.52
2016-06-02	5.8	6.1	6.03	5.72	650272.25	0.2	3.43	5.838	5.978	6.169	436166.09	416602.74	529069.59	9.18
2016-06-01	5.87	5.94	5.83	5.81	455267.97	-0.05	-0.85	5.824	5.995	6.21	399039.43	403102.34	543959.42	6.42
2016-05-31	5.62	5.89	5.88	5.6	484596.0	0.23	4.07	5.876	6.044	6.251	375867.84	426488.68	582314.4	6.84
2016-05-30	5.75	5.82	5.65	5.65	249268.48	-0.15	-2.59	5.912	6.115	6.281	355388.59	471571.1	600673.58	3.52
2016-05-27	5.95	5.95	5.8	5.79	341425.75	-0.16	-2.69	6.038	6.183	6.304	377536.11	494867.66	618609.38	4.82
2016-05-26	6.08	6.16	5.96	5.78	464638.94	-0.13	-2.13	6.118	6.221	6.329	397039.39	502811.06	668031.57	6.56
2016-05-25	6.12	6.25	6.09	6.07	339410.03	0.03	0.49	6.166	6.254	6.348	407165.25	504126.58	733064.71	4.79
2016-05-24	6.25	6.35	6.06	6.05	382199.75	-0.22	-3.5	6.212	6.28	6.335	477109.52	526760.45	756941.23	5.39
2016-05-23	6.18	6.33	6.28	6.16	360006.06	0.08	1.29	6.318	6.311	6.333	587753.61	543899.26	776055.4	5.08
2016-05-20	6.11	6.25	6.2	6.05	438942.19	0.0	0.0	6.328	6.34	6.326	612199.22	590137.52	834756.92	6.19
2016-05-19	6.3	6.52	6.2	6.13	515268.22	-0.12	-1.9	6.324	6.36	6.312	608582.73	641536.44	860052.42	7.27
2016-05-18	6.48	6.66	6.32	6.15	689131.38	-0.27	-4.1	6.342	6.424	6.271	601087.91	684816.51	861318.32	9.72
2016-05-17	6.31	6.7	6.59	6.31	935420.19	0.26	4.11	6.348	6.457	6.244	576411.39	738140.12	844553.36	13.2
2016-05-16	6.15	6.33	6.33	6.02	482234.12	0.15	2.43	6.304	6.446	6.199	500044.91	729776.06	816575.8	6.8
2016-05-13	6.22	6.41	6.18	6.11	420859.75	-0.11	-1.75	6.352	6.425	6.174	568075.81	742351.09	814278.87	5.94
2016-05-12	6.19	6.38	6.29	6.04	477794.12	-0.06	-0.94	6.396	6.437	6.159	674490.15	833252.07	833921.38	6.74
2016-05-11	6.35	6.53	6.35	6.2	565748.75	-0.02	-0.31	6.506	6.441	6.14	768545.1	962002.83	879870.54	7.98
2016-05-10	6.45	6.62	6.37	6.3	553587.81	-0.2	-3.04	6.566	6.39	6.099	899868.85	987122.0	872721.08	7.81
2016-05-09	6.31	6.57	6.57	6.05	822388.62	0.17	2.66	6.588	6.354	6.057	959507.2	1008211.54	871205.56	11.6
2016-05-06	6.76	6.82	6.4	6.33	952931.44	-0.44	-6.43	6.498	6.312	5.997	916626.38	1079376.32	850164.24	13.45
2016-05-05	6.61	6.96	6.84	6.55	948068.88	0.19	2.86	6.478	6.264	5.95	992013.99	1078568.39	840769.68	13.38
2016-05-04	6.45	7.08	6.65	6.38	1222367.5	0.17	2.62	6.376	6.118	5.879	1155460.56	1037820.13	816367.2	17.25
2016-05-03	6.14	6.54	6.48	6.05	851779.56	0.36	5.88	6.214	6.031	5.818	1074375.15	950966.6	780226.2	12.02
2016-04-29	6.18	6.31	6.12	6.12	607984.5	-0.18	-2.86	6.12	5.951	5.756	1056915.89	903375.55	754386.07	8.58
2016-04-28	6.22	6.42	6.3	6.0	1329869.5	-0.03	-0.47	6.126	5.923	5.715	1242126.26	886206.65	745619.25	18.77
2016-04-27	5.82	6.42	6.33	5.78	1765301.75	0.49	8.39	6.05	5.881	5.671	1165122.8	834590.69	699292.05	24.91
2016-04-26	5.88	5.94	5.84	5.67	816940.44	-0.17	-2.83	5.86	5.839	5.614	920179.7	797738.24	627135.19	11.53
2016-04-25	6.03	6.1	6.01	5.86	764483.25	-0.14	-2.28	5.848	5.807	5.589	827558.05	758320.16	612247.47	10.79
2016-04-22	5.94	6.35	6.15	5.88	1534036.38	0.23	3.88	5.782	5.759	5.555	749835.2	734199.57	594522.23	21.65
2016-04-21	5.42	5.92	5.92	5.37	944852.19	0.54	10.04	5.72	5.682	5.511	530287.03	620952.16	547575.87	13.33
2016-04-20	5.85	5.85	5.38	5.22	540586.25	-0.4	-6.92	5.712	5.636	5.492	504058.58	602970.96	532383.07	7.63
2016-04-19	5.76	5.84	5.78	5.65	353832.16	0.1	1.76	5.818	5.64	5.495	675296.78	594914.27	540486.9	4.99
2016-04-18	5.8	5.8	5.68	5.64	375869.03	-0.16	-2.74	5.766	5.605	5.487	689082.27	609485.81	563904.31	5.3
2016-04-15	5.81	5.88	5.84	5.77	436295.53	-0.04	-0.68	5.736	5.56	5.476	718563.94	605396.59	593432.16	6.16
2016-04-14	5.8	5.92	5.88	5.71	813709.94	-0.03	-0.51	5.644	5.507	5.444	711617.29	605031.86	605000.58	11.48
2016-04-13	5.55	6.07	5.91	5.54	1396777.25	0.39	7.07	5.56	5.46	5.397	701883.34	563993.41	580092.18	19.71
2016-04-12	5.52	5.63	5.52	5.36	422759.62	-0.01	-0.18	5.462	5.389	5.354	514531.75	456532.14	532915.78	5.97
2016-04-11	5.48	5.56	5.53	5.43	523277.38	0.15	2.79	5.444	5.371	5.328	529889.34	466174.78	536509.12	7.38
2016-04-08	5.35	5.4	5.38	5.28	401562.28	-0.08	-1.47	5.384	5.35	5.29	492229.23	454844.88	523747.17	5.67
2016-04-07	5.44	5.63	5.46	5.44	765040.19	0.04	0.74	5.37	5.339	5.261	498446.43	474199.58	525910.91	10.8
2016-04-06	5.4	5.46	5.42	5.33	460019.28	-0.01	-0.18	5.36	5.347	5.237	426103.47	461795.18	525019.62	6.49
2016-04-05	5.24	5.47	5.43	5.18	499547.56	0.2	3.82	5.316	5.35	5.233	398532.54	486059.54	572455.38	7.05
2016-04-01	5.27	5.29	5.23	5.14	334976.84	-0.08	-1.51	5.298	5.369	5.208	402460.22	518322.81	565699.98	4.73
2016-03-31	5.39	5.47	5.31	5.28	432648.28	-0.1	-1.85	5.316	5.391	5.171	417460.54	581467.74	570167.96	6.1
2016-03-30	5.24	5.45	5.41	5.23	403325.38	0.21	4.04	5.308	5.38	5.147	449952.72	604969.29	573087.91	5.69
2016-03-29	5.29	5.36	5.2	5.13	322164.62	-0.14	-2.62	5.334	5.333	5.119	497486.89	596190.95	579327.41	4.55
2016-03-28	5.35	5.5	5.34	5.3	519185.97	0.02	0.38	5.384	5.318	5.083	573586.55	609299.41	579846.88	7.33
2016-03-25	5.19	5.36	5.32	5.17	409978.44	0.05	0.95	5.44	5.285	5.035	634185.4	606843.47	576984.01	5.79
2016-03-24	5.52	5.52	5.27	5.25	595109.19	-0.27	-4.87	5.466	5.23	5.013	745474.94	592649.46	580024.74	8.4
2016-03-23	5.37	5.58	5.54	5.31	640996.25	0.09	1.65	5.452	5.182	4.998	759985.86	577622.25	588331.52	9.04
2016-03-22	5.43	5.54	5.45	5.39	702662.88	-0.17	-3.02	5.332	5.126	4.996	694895.01	588244.07	587378.55	9.92
2016-03-21	5.53	5.69	5.62	5.4	822180.25	0.17	3.12	5.252	5.116	5.004	645012.28	658851.23	594916.5	11.6
2016-03-18	5.24	5.55	5.45	5.16	966426.12	0.25	4.81	5.13	5.047	5.019	579501.54	613077.16	616993.33	13.64
2016-03-17	5.01	5.24	5.2	4.97	667663.81	0.26	5.26	4.994	4.95	5.023	439823.98	558868.18	582394.54	9.42
2016-03-16	5.07	5.13	4.94	4.92	315542.0	-0.11	-2.18	4.912	4.914	5.038	395258.63	541206.53	566262.66	4.45
2016-03-15	4.96	5.09	5.05	4.85	453249.22	0.04	0.8	4.92	4.904	5.072	481593.12	562463.86	574177.52	6.4
2016-03-14	4.85	5.11	5.01	4.84	494626.53	0.24	5.03	4.98	4.847	5.094	672690.17	550394.35	566604.84	6.98
2016-03-11	4.67	4.81	4.77	4.62	268038.34	-0.02	-0.42	4.964	4.785	5.094	646652.77	547124.54	551864.76	3.78
2016-03-10	5.0	5.06	4.79	4.75	444837.06	-0.19	-3.81	4.906	4.796	5.108	677912.39	567400.02	550647.57	6.28
2016-03-09	5.0	5.13	4.98	4.9	747214.44	-0.37	-6.92	4.916	4.813	5.13	687154.44	599040.78	541063.26	10.54
2016-03-08	5.14	5.42	5.35	4.9	1408734.5	0.42	8.52	4.888	4.866	5.134	643334.6	586513.04	514785.29	19.88
2016-03-07	4.6	4.93	4.93	4.6	364439.53	0.45	10.04	4.714	4.891	5.12	428098.53	530981.77	457661.44	5.14
2016-03-04	4.8	4.84	4.48	4.42	424336.41	-0.36	-7.44	4.606	4.991	5.115	447596.31	620909.51	451706.37	5.99
2016-03-03	4.78	4.99	4.84	4.76	491047.31	0.0	0.0	4.686	5.095	5.142	456887.64	605920.9	441551.43	6.93
2016-03-02	4.45	4.92	4.84	4.43	528115.25	0.36	8.04	4.71	5.162	5.139	510927.13	591318.78	426393.86	7.45
2016-03-01	4.38	4.52	4.48	4.26	332554.16	0.09	2.05	4.844	5.239	5.151	529691.48	585891.18	412174.55	4.69
2016-02-29	4.81	4.83	4.39	4.39	461928.41	-0.49	-10.04	5.068	5.341	5.186	633865.01	582815.33	411083.9	6.52
2016-02-26	4.97	5.06	4.88	4.73	470793.09	-0.08	-1.61	5.376	5.402	5.254	794222.71	556604.98	399982.73	6.64
2016-02-25	5.47	5.61	4.96	4.96	761244.75	-0.55	-9.98	5.504	5.42	5.293	754954.15	533895.13	393162.15	10.74
2016-02-24	5.46	5.58	5.51	5.28	621937.0	-0.09	-1.61	5.614	5.446	5.322	671710.42	483085.74	374115.43	8.78
2016-02-23	5.69	5.84	5.6	5.54	853421.81	-0.33	-5.57	5.634	5.402	5.342	642090.88	443057.53	363954.17	12.04
2016-02-22	5.41	6.0	5.93	5.09	1263716.88	0.41	7.43	5.614	5.349	5.351	531765.65	384341.1	340473.32	17.83
2016-02-19	5.44	5.6	5.52	5.44	274450.31	0.01	0.18	5.428	5.239	5.329	318987.25	282503.24	291473.93	3.87
2016-02-18	5.55	5.65	5.51	5.48	345026.12	-0.1	-1.78	5.336	5.189	5.32	312836.12	277181.96	291256.6	4.87
2016-02-17	5.55	5.64	5.61	5.34	473839.28	0.11	2.0	5.278	5.115	5.329	294461.06	261468.93	290176.07	6.69
2016-02-16	5.01	5.5	5.5	5.01	301795.66	0.5	10.0	5.17	5.062	5.323	244024.18	238457.93	279647.49	4.26
2016-02-15	4.85	5.09	5.0	4.78	199824.88	-0.06	-1.19	5.084	5.03	5.335	236916.55	239352.47	280256.61	2.82
2016-02-05	5.21	5.28	5.06	5.06	243694.64	-0.16	-3.06	5.05	5.105	5.373	246019.23	243360.49	288778.73	3.44
2016-02-04	5.07	5.25	5.22	5.03	253150.83	0.15	2.96	5.042	5.165	5.439	241527.81	252429.16	303669.33	3.57
2016-02-03	5.0	5.12	5.07	4.88	221654.88	0.0	0.0	4.952	5.198	5.511	228476.81	265145.11	296387.59	3.13
2016-02-02	4.85	5.09	5.07	4.8	266257.5	0.24	4.97	4.954	5.281	5.628	232891.67	284850.82	304903.28	3.76
2016-02-01	4.91	4.98	4.83	4.7	245338.3	-0.19	-3.79	4.976	5.353	5.739	241788.38	296605.55	314908.09	3.46
2016-01-29	4.78	5.08	5.02	4.76	221237.52	0.25	5.24	5.16	5.419	5.895	240701.75	300444.61	324254.82	3.12
2016-01-28	5.02	5.13	4.77	4.7	187895.84	-0.31	-6.1	5.288	5.45	6.086	263330.51	305331.24	329452.75	2.65
2016-01-27	5.18	5.25	5.08	4.72	243729.2	-0.1	-1.93	5.444	5.543	6.287	301813.42	318883.2	330120.38	3.44
2016-01-26	5.65	5.68	5.18	5.18	310741.06	-0.57	-9.91	5.608	5.583	6.467	336809.96	320837.06	326558.11	4.38
2016-01-25	5.69	5.82	5.75	5.64	239905.12	0.09	1.59	5.73	5.64	6.641	351422.72	321160.75	326200.21	3.39
2016-01-22	5.64	5.7	5.66	5.35	334381.34	0.11	1.98	5.678	5.64	6.793	360187.48	334196.98	323298.98	4.72
2016-01-21	5.77	6.06	5.55	5.55	380310.38	-0.35	-5.93	5.612	5.713	6.944	347331.96	354909.5	317816.79	5.37
2016-01-20	5.78	5.99	5.9	5.7	418711.91	0.11	1.9	5.642	5.824	7.104	335952.99	327630.07	315892.43	5.91
2016-01-19	5.48	5.86	5.79	5.42	383804.84	0.3	5.46	5.558	5.974	7.26	304864.16	324955.74	310826.67	5.42
2016-01-18	5.2	5.63	5.49	5.13	283728.91	0.16	3.0	5.55	6.124	7.427	290898.78	333210.63	316020.15	4.0
2016-01-15	5.61	5.69	5.33	5.26	270103.78	-0.37	-6.49	5.602	6.371	7.609	308206.48	348065.03	341574.99	3.81
2016-01-14	5.22	5.75	5.7	5.2	323415.5	0.22	4.01	5.814	6.722	7.789	362487.03	353574.26	353181.74	4.56
2016-01-13	5.79	5.84	5.48	5.46	263267.75	-0.27	-4.7	6.006	7.031	7.932	319307.16	341357.55	351172.02	3.71
2016-01-12	5.75	5.83	5.75	5.53	313977.97	0.0	0.0	6.39	7.351	8.084	345047.32	332279.17	353927.17	4.43
2016-01-11	6.19	6.24	5.75	5.75	370267.38	-0.64	-10.02	6.698	7.642	8.217	375522.48	331239.68	351218.59	5.22
2016-01-08	6.7	6.85	6.39	6.02	541506.56	-0.27	-4.05	7.14	7.946	8.349	387923.59	312400.99	343146.44	7.64
2016-01-07	7.2	7.21	6.66	6.66	107516.12	-0.74	-10.0	7.63	8.174	8.448	344661.49	280724.09	329651.78	1.52
2016-01-06	7.39	7.43	7.4	7.14	391968.59	0.11	1.51	8.056	8.383	8.536	363407.95	304154.79	337734.8	5.53
2016-01-05	7.32	7.74	7.29	7.16	466353.75	-0.67	-8.42	8.312	8.545	8.598	319511.01	296697.6	338897.28	6.58
2016-01-04	8.65	8.65	7.96	7.96	432272.94	-0.88	-9.96	8.586	8.729	8.683	286956.88	298829.67	335818.05	6.1
2015-12-31	8.77	9.07	8.84	8.75	325196.03	0.05	0.57	8.752	8.847	8.741	236878.38	335084.95	340113.51	4.59
2015-12-30	8.67	8.83	8.79	8.64	201248.45	0.11	1.27	8.718	8.856	8.745	216786.69	352789.21	344192.7	2.84
2015-12-29	8.58	8.72	8.68	8.52	172483.88	0.02	0.23	8.71	8.832	8.745	244901.62	360986.49	355584.39	2.43
2015-12-28	8.83	8.95	8.66	8.63	303583.09	-0.13	-1.48	8.778	8.817	8.749	273884.19	375575.17	371613.84	4.28
2015-12-25	8.7	8.85	8.79	8.66	181880.44	0.12	1.38	8.872	8.792	8.757	310702.46	371197.51	393717.96	2.57
2015-12-24	8.75	8.79	8.67	8.51	224737.59	-0.08	-0.91	8.942	8.752	8.778	433291.52	373891.9	430217.92	3.17
2015-12-23	9.03	9.05	8.75	8.72	341823.12	-0.27	-2.99	8.994	8.722	8.82	488791.74	378579.47	479241.13	4.82
2015-12-22	9.1	9.12	9.02	8.93	317396.69	-0.11	-1.21	8.954	8.689	8.877	477071.35	371314.81	557009.14	4.48
2015-12-21	8.9	9.31	9.13	8.85	487674.47	-0.01	-0.11	8.856	8.65	8.948	477266.16	381096.97	558042.84	6.88
2015-12-18	9.45	9.79	9.14	9.11	794825.75	0.21	2.35	8.712	8.637	9.008	431692.55	372806.43	555697.72	11.21
2015-12-17	8.58	8.98	8.93	8.57	502238.66	0.38	4.44	8.562	8.634	9.083	314492.28	345142.06	538860.77	7.08
2015-12-16	8.54	8.69	8.55	8.48	283221.16	0.02	0.23	8.45	8.633	9.168	268367.19	335596.19	535798.8	3.99
2015-12-15	8.39	8.65	8.53	8.33	318370.75	0.12	1.43	8.424	8.658	9.253	265558.28	350182.3	539425.89	4.49
2015-12-14	8.3	8.42	8.41	8.05	259806.44	0.02	0.24	8.444	8.68	9.349	284927.78	367652.5	560715.84	3.66
2015-12-11	8.32	8.48	8.39	8.32	208824.39	0.02	0.24	8.562	8.721	9.478	313920.31	416238.41	580684.93	2.95
2015-12-10	8.45	8.55	8.37	8.32	271613.22	-0.05	-0.59	8.706	8.804	9.567	375791.84	486543.93	605035.69	3.83
2015-12-09	8.62	8.63	8.42	8.4	269176.59	-0.21	-2.43	8.816	8.917	9.682	402825.19	579902.8	632212.69	3.8
2015-12-08	8.96	8.96	8.63	8.51	415218.28	-0.37	-4.11	8.892	9.065	9.746	434806.31	742703.46	642701.48	5.86
2015-12-07	9.02	9.1	9.0	8.86	404769.09	-0.11	-1.21	8.916	9.245	9.788	450377.22	734988.72	644991.41	5.71
2015-12-04	8.88	9.18	9.11	8.78	518182.03	0.19	2.13	8.88	9.378	9.811	518556.5	738589.0	650765.8	7.31
2015-12-03	8.8	8.99	8.92	8.73	406779.97	0.12	1.36	8.902	9.532	9.815	597296.02	732579.48	651065.9	5.74
2015-12-02	8.86	9.0	8.8	8.31	429082.19	0.05	0.57	9.018	9.702	9.825	756980.4	736001.42	663993.69	6.05
2015-12-01	8.7	9.02	8.75	8.6	493072.81	-0.07	-0.79	9.238	9.847	9.82	1050600.61	728669.49	669130.01	6.95
2015-11-30	9.27	9.33	8.82	8.3	745665.5	-0.4	-4.34	9.574	10.018	9.787	1019600.22	753779.18	678271.23	10.52
2015-11-27	9.4	9.93	9.22	9.05	911879.62	-0.28	-2.95	9.876	10.235	9.781	958621.5	745131.45	668070.43	12.86
2015-11-26	9.5	9.78	9.5	9.42	1205201.88	-0.4	-4.04	10.162	10.329	9.791	867862.93	723527.45	635080.44	17.0
2015-11-25	9.45	10.13	9.9	9.39	1897183.25	-0.53	-5.08	10.386	10.446	9.783	715022.43	684522.58	589196.98	26.76
2015-11-24	10.2	10.49	10.43	10.01	338070.84	0.1	0.97	10.456	10.426	9.758	406738.38	542699.5	524620.46	4.77
2015-11-23	10.58	10.58	10.33	10.28	440771.91	-0.32	-3.0	10.462	10.33	9.733	487958.15	554994.11	545019.44	6.22
2015-11-20	10.68	10.76	10.65	10.4	458086.78	0.03	0.28	10.594	10.243	9.721	531641.4	562942.61	562975.87	6.46
2015-11-19	10.27	10.87	10.62	10.13	440999.38	0.37	3.61	10.496	10.098	9.672	579191.97	569552.33	581100.0	6.22
2015-11-18	10.48	10.66	10.25	10.2	355762.97	-0.21	-2.01	10.506	9.948	9.625	654022.73	591985.96	585691.17	5.02
2015-11-17	11.06	11.17	10.46	10.46	744169.69	-0.53	-4.82	10.396	9.792	9.57	678660.63	609590.53	610700.55	10.5
2015-11-16	9.86	11.17	10.99	9.8	659188.19	0.83	8.17	10.198	9.556	9.537	622030.07	602763.29	625743.56	9.3
2015-11-13	10.74	10.75	10.16	9.98	695839.62	-0.51	-4.78	9.892	9.327	9.491	594243.81	591009.4	681986.46	9.81
2015-11-12	9.7	10.67	10.67	9.7	815153.19	0.97	10.0	9.7	9.252	9.495	559912.69	546633.43	649642.63	11.5
2015-11-11	9.47	9.86	9.7	9.35	478952.44	0.23	2.43	9.39	9.119	9.531	529949.19	493871.37	614452.92	6.75
2015-11-10	9.36	9.59	9.47	9.21	461016.91	0.01	0.11	9.188	9.089	9.679	540520.43	506541.41	599317.27	6.5
2015-11-09	9.08	9.63	9.46	9.02	520256.88	0.26	2.83	8.914	9.136	9.908	583496.51	535044.78	583290.66	7.34
2015-11-06	9.06	9.28	9.2	9.02	524184.03	0.08	0.88	8.762	9.198	10.171	587774.99	563009.14	566218.51	7.39
2015-11-05	8.82	9.31	9.12	8.76	665335.69	0.43	4.95	8.804	9.245	10.428	533354.18	592647.67	548308.99	9.38
2015-11-04	8.18	8.72	8.69	8.1	531808.62	0.59	7.28	8.848	9.302	10.672	457793.56	579396.38	523871.73	7.5
2015-11-03	8.69	8.79	8.1	7.86	675897.31	-0.6	-6.9	8.99	9.347	10.995	472562.39	611810.58	513617.11	9.53
2015-11-02	9.22	9.25	8.7	8.5	541649.31	-0.71	-7.54	9.358	9.517	11.345	486593.06	648723.84	489449.84	7.64
2015-10-30	9.34	9.45	9.41	9.15	252079.95	0.07	0.75	9.634	9.654	11.618	538243.29	772963.52	470737.35	3.56
2015-10-29	9.41	9.52	9.34	9.18	287532.59	-0.06	-0.64	9.686	9.738	11.895	651941.15	752651.83	470859.64	4.06
2015-10-28	9.8	9.92	9.4	9.3	605652.81	-0.54	-5.43	9.756	9.943	12.2	700999.2	735034.47	468127.72	8.54
2015-10-27	10.06	10.08	9.94	9.58	746050.62	-0.14	-1.39	9.704	10.268	12.505	751058.76	692093.13	455844.63	10.52
2015-10-26	9.78	10.1	10.08	9.55	799900.5	0.41	4.24	9.676	10.679	12.758	810854.62	631536.53	428676.58	11.28
2015-10-23	9.7	10.13	9.67	9.44	820569.25	-0.02	-0.21	9.674	11.144	12.986	1007683.75	569427.87	399485.13	11.57
2015-10-22	9.04	9.81	9.69	9.04	532822.81	0.55	6.02	9.79	11.61	13.258	853362.5	503970.32	373050.24	7.51
2015-10-21	9.91	10.18	9.14	9.1	855950.62	-0.66	-6.74	10.13	12.041	13.557	769069.74	468347.08	382406.41	12.07
2015-10-20	9.6	10.05	9.8	9.58	1045029.94	-0.27	-2.68	10.832	12.642	13.847	633127.51	415423.64	351046.77	14.74
2015-10-19	9.31	11.28	10.07	9.31	1784046.12	-0.18	-1.76	11.682	13.172	14.122	452218.44	330175.84	315466.87	25.16
2015-10-16	10.25	10.25	10.25	10.25	48963.0	-1.14	-10.01	12.614	13.582	14.358	131172.0	168511.18	247607.09	0.69
2015-10-15	11.39	11.39	11.39	11.39	111359.0	-1.26	-9.96	13.43	14.051	14.564	154578.14	189067.45	262239.47	1.57
2015-06-26	13.66	13.66	12.65	12.65	176239.48	-1.4	-9.96	13.952	14.456	14.695	167624.42	201220.97	281492.66	2.49
2015-06-25	14.7	14.8	14.05	13.89	140484.59	-0.68	-4.62	14.452	14.741	14.815	197719.77	219596.12	298694.81	1.98
2015-06-24	14.5	14.92	14.73	14.02	178813.91	0.4	2.79	14.662	14.836	14.949	208133.23	225816.62	306038.13	2.52
2015-06-23	14.03	14.7	14.33	12.6	165993.73	0.33	2.36	14.55	14.827	14.972	205850.37	229542.39	307681.66	2.34
2015-06-19	14.9	14.99	14.0	13.8	176590.39	-1.15	-7.59	14.672	14.905	14.997	223556.76	242130.16	311592.35	2.49
2015-06-18	15.3	15.89	15.15	15.0	326716.25	0.05	0.33	14.96	15.073	15.029	234817.51	296465.73	318220.1	4.61
2015-06-17	14.15	15.3	15.1	13.59	192551.88	0.93	6.56	15.03	15.052	15.007	241472.47	286669.89	318395.9	2.72
2015-06-16	14.9	14.9	14.17	13.98	167399.58	-0.77	-5.15	15.01	15.071	15.472	243500.02	300757.9	313512.71	2.36
2015-06-15	15.45	15.61	14.94	14.89	254525.69	-0.5	-3.24	15.104	15.134	15.945	253234.41	326703.0	308326.0	3.59
2015-06-12	15.65	15.8	15.44	15.29	232894.16	-0.06	-0.39	15.138	15.077	16.384	260703.56	335411.49	299558.44	3.28
2015-06-11	15.0	15.9	15.5	15.0	359991.03	0.5	3.33	15.186	14.934	16.812	358113.95	361764.36	294414.82	5.08
2015-06-10	14.64	15.17	15.0	14.49	202689.62	0.36	2.46	15.074	14.889	17.196	331867.31	377793.5	281899.87	2.86
2015-06-09	15.08	15.25	14.64	14.48	216071.53	-0.47	-3.11	15.132	15.061	17.594	358015.77	386259.65	276894.23	3.05
2015-06-08	15.9	15.98	15.11	14.89	291871.47	-0.57	-3.63	15.164	15.117	18.038	400171.59	385820.93	272289.87	4.12
2015-06-05	15.1	15.75	15.68	14.45	719946.12	0.74	4.95	15.016	15.089	18.41	410119.41	381054.53	261965.48	10.15
2015-06-04	15.37	15.37	14.94	14.18	228757.81	-0.35	-2.29	14.682	14.985	18.731	365414.77	339974.46	230466.85	3.23
2015-06-03	14.81	15.55	15.29	14.52	333431.94	0.49	3.31	14.704	14.962	19.012	423719.69	350121.91	222382.71	4.7
2015-06-02	14.32	14.8	14.8	14.1	426850.62	0.43	2.99	14.99	15.873	19.257	414503.52	326267.53	209694.63	6.02
2015-06-01	14.06	14.55	14.37	13.71	341610.56	0.36	2.57	15.07	16.755	19.555	371470.27	289949.0	195391.66	4.82
2015-05-29	14.25	14.68	14.01	13.55	496422.91	-1.04	-6.91	15.162	17.691	19.815	351989.66	263705.39	185718.52	7.0
2015-05-28	17.0	17.15	15.05	15.05	520282.41	-1.67	-9.99	15.288	18.689	20.009	314534.16	227065.29	164323.8	7.34
2015-05-27	15.5	16.72	16.72	15.28	287351.09	1.52	10.0	15.22	19.503	20.136	276524.14	186006.25	140690.91	4.05
2015-05-26	14.99	15.3	15.2	14.73	211684.36	0.37	2.5	16.756	20.126	20.15	238031.55	167528.82	129075.88	2.99
2015-05-25	14.3	15.0	14.83	13.61	244207.52	0.19	1.3	18.44	20.958	20.258	208427.74	158758.82	122303.33	3.44
2015-05-22	14.71	15.57	14.64	14.21	309145.41	-0.07	-0.48	20.22	21.73	20.377	175421.12	142876.42	113310.67	4.36
2015-05-21	13.88	14.82	14.71	12.85	330232.31	1.19	8.8	22.09	22.477	20.536	139596.42	120959.23	102145.87	4.66
2015-05-20	23.69	24.9	24.4	23.61	94888.14	0.78	3.3	23.786	23.062	20.7	95488.35	94643.51	89357.5	2.61
2015-05-19	23.47	24.28	23.62	23.0	63665.31	-0.11	-0.46	23.496	22.641	20.364	97026.1	93121.73	87914.97	1.75
2015-05-18	23.53	23.97	23.73	23.39	79174.41	-0.26	-1.08	23.476	22.354	20.047	109089.89	100834.33	91103.09	2.18
2015-05-15	23.19	25.19	23.99	22.39	130021.92	0.8	3.45	23.24	21.939	19.751	110331.73	107731.64	91066.31	3.58
2015-05-14	23.0	23.92	23.19	22.88	109691.99	0.24	1.05	22.864	21.329	19.452	102322.04	101582.31	88559.34	3.02
2015-05-13	23.0	23.3	22.95	22.01	102576.85	-0.57	-2.42	22.338	20.768	19.231	93798.66	95375.57	87202.64	2.82
2015-05-12	22.61	23.94	23.52	22.38	123984.3	0.97	4.3	21.786	20.173	19.014	89217.37	90622.94	88450.39	3.41
2015-05-11	22.41	23.16	22.55	22.22	85383.59	0.44	1.99	21.232	19.557	18.753	92578.76	85847.85	91737.73	2.35
2015-05-08	20.62	22.19	22.11	20.62	89973.46	1.55	7.54	20.638	19.024	18.522	105131.56	83744.92	92550.14	2.47
2015-05-07	20.0	21.11	20.56	19.95	67075.1	0.37	1.83	19.794	18.594	18.352	100842.57	83332.52	94621.54	1.84
2015-05-06	21.0	22.0	20.19	20.05	79670.38	-0.56	-2.7	19.198	18.338	18.259	96952.48	84071.5	96312.24	2.19
2015-05-05	19.88	21.15	20.75	19.68	140791.25	1.17	5.97	18.56	18.087	18.184	92028.51	82708.21	99359.64	3.87
2015-05-04	18.21	19.68	19.58	18.01	148147.59	1.69	9.45	17.882	17.74	18.022	79116.94	81371.86	99118.21	4.07
2015-04-30	17.46	18.48	17.89	17.42	68528.54	0.31	1.76	17.41	17.562	17.855	62358.29	74400.97	96592.58	1.88
2015-04-29	16.9	17.77	17.58	16.9	47624.62	0.58	3.41	17.394	17.574	17.738	65822.47	75536.37	97746.56	1.31
2015-04-28	17.34	17.5	17.0	16.23	55050.54	-0.36	-2.07	17.478	17.693	17.624	71190.52	79029.7	102598.88	1.51
2015-04-27	17.45	17.89	17.36	17.2	76233.43	0.14	0.81	17.614	17.854	17.513	73387.91	86277.84	105343.01	2.1
2015-04-24	17.5	17.99	17.22	17.05	64354.33	-0.59	-3.31	17.598	17.948	17.389	83626.77	97627.6	109952.85	1.77
2015-04-23	17.98	18.2	17.81	17.65	85849.43	-0.19	-1.06	17.714	18.019	17.319	86443.66	101355.36	113882.12	2.36
2015-04-22	17.81	18.56	18.0	17.8	74464.89	0.32	1.81	17.754	18.11	17.201	85250.26	105910.56	117958.79	2.05
2015-04-21	17.33	17.7	17.68	17.33	66037.48	0.4	2.31	17.908	18.18	17.04	86868.88	108552.98	119217.99	1.82
2015-04-20	18.47	18.47	17.28	16.95	127427.71	-0.52	-2.92	18.094	18.28	16.869	99167.77	116011.06	119790.91	3.5
2015-04-16	17.8	18.44	17.8	17.0	78438.77	-0.21	-1.17	18.298	18.303	16.724	111628.44	116864.56	121248.33	2.16
2015-04-15	18.77	18.77	18.01	17.31	79882.46	-0.76	-4.05	18.324	18.148	16.534	116267.07	118784.19	123990.67	2.2
2015-04-14	18.61	19.7	18.77	18.58	82557.98	0.16	0.86	18.466	17.901	16.293	126570.85	119956.75	124077.88	2.27
2015-04-13	18.05	19.17	18.61	18.05	127531.91	0.31	1.69	18.452	17.554	16.006	130237.08	126168.07	125054.73	3.51
2015-04-10	17.79	18.55	18.3	17.5	189731.08	0.37	2.06	18.466	17.172	15.727	132854.36	124408.17	121574.49	5.22
2015-04-09	18.6	18.78	17.93	17.26	101631.9	-0.79	-4.22	18.308	16.83	15.444	122100.68	122278.09	113855.56	2.8
2015-04-08	18.32	18.99	18.72	17.68	131401.39	0.02	0.11	17.972	16.618	15.193	121301.32	126408.88	111783.24	3.61
2015-04-07	18.5	18.82	18.7	17.95	100889.12	0.02	0.11	17.336	16.292	14.902	113342.65	130007.02	107565.64	2.77
2015-04-03	17.31	19.1	18.68	17.14	140618.3	1.17	6.68	16.656	15.9	14.616	122099.05	129883.0	104937.7	3.87
2015-04-02	16.5	17.51	17.51	16.25	135962.69	1.26	7.75	15.878	15.458	14.325	115961.99	123570.76	103017.58	3.74
2015-04-01	15.55	16.28	16.25	15.31	97635.12	0.71	4.57	15.352	15.144	14.089	122455.49	125632.1	101117.46	2.69
2015-03-31	15.25	15.89	15.54	15.2	91608.04	0.24	1.57	15.264	14.919	13.918	131516.44	129197.15	99003.87	2.52
2015-03-30	15.26	15.35	15.3	14.63	144671.11	0.51	3.45	15.248	14.684	13.78	146671.39	128199.02	97029.67	3.98
2015-03-27	14.95	15.1	14.79	14.18	109932.99	-0.09	-0.6	15.144	14.458	13.662	137666.95	123941.4	93282.14	3.02
2015-03-26	15.76	16.1	14.88	14.8	168430.2	-0.93	-5.88	15.038	14.282	13.554	131179.53	118740.8	90497.97	4.63
2015-03-25	15.45	16.28	15.81	15.14	142939.86	0.35	2.26	14.936	14.058	13.444	128808.7	105433.04	84077.91	3.93
2015-03-24	14.75	15.68	15.46	14.46	167382.8	0.68	4.6	14.574	13.767	13.279	126877.85	97157.61	79662.21	4.6
2015-03-23	14.26	14.98	14.78	14.21	99648.92	0.52	3.65	14.12	13.512	13.125	109726.64	85124.25	71320.22	2.74
2015-03-20	14.32	14.6	14.26	14.1	77495.87	-0.11	-0.77	13.772	13.332	13.002	110215.84	79992.39	67870.36	2.13
2015-03-19	14.0	15.19	14.37	13.91	156576.05	0.37	2.64	13.526	13.191	12.905	106302.06	82464.39	67728.97	4.31
2015-03-18	13.4	14.08	14.0	13.28	133285.62	0.81	6.14	13.18	13.034	12.803	82057.37	76602.83	64913.38	3.67
2015-03-17	13.2	13.44	13.19	13.04	81626.74	0.15	1.15	12.96	12.917	12.693	67437.36	68810.6	63790.38	2.25
2015-03-16	13.0	13.5	13.04	12.78	102094.94	0.01	0.08	12.904	12.875	12.621	60521.87	65860.33	63192.05	2.81
2015-03-13	12.64	13.6	13.03	12.5	57926.97	0.39	3.08	12.892	12.866	12.553	49768.94	62622.88	63828.89	1.59
2015-03-12	12.9	12.93	12.64	12.6	35352.59	-0.26	-2.02	12.856	12.825	12.451	58626.73	62255.15	63479.68	0.97
2015-03-11	12.85	13.02	12.9	12.45	60185.58	-0.01	-0.08	12.888	12.83	12.374	71148.28	62722.77	64129.31	1.66
2015-03-10	12.97	13.22	12.91	12.9	47049.25	-0.07	-0.54	12.874	12.79	12.29	70183.84	62166.81	64709.55	1.29
2015-03-09	12.77	13.2	12.98	12.54	48330.3	0.13	1.01	12.846	12.737	12.206	71198.79	57516.18	65986.65	1.33
2015-03-06	12.88	13.0	12.85	11.99	102215.91	0.05	0.39	12.84	12.671	12.12	75476.82	55748.34	66895.24	2.81
2015-03-05	13.08	13.36	12.8	12.61	97960.36	-0.03	-0.23	12.794	12.619	12.027	65883.58	52993.54	66044.53	2.69
2015-03-04	12.78	12.94	12.83	12.3	55363.36	0.06	0.47	12.772	12.572	11.922	54297.27	53223.93	67382.42	1.52
2015-03-03	12.87	13.06	12.77	12.6	52124.03	-0.18	-1.39	12.706	12.469	11.835	54149.78	58770.17	78485.46	1.43
2015-03-02	12.6	13.24	12.95	12.6	69720.46	0.33	2.62	12.628	12.367	11.762	43833.58	60523.77	87391.97	1.92
2015-02-27	12.66	12.92	12.62	12.46	54249.67	-0.07	-0.55	12.502	12.239	11.675	36019.85	65034.9	92430.76	1.49
2015-02-26	12.5	12.73	12.69	12.3	40028.82	0.19	1.52	12.444	12.077	11.583	40103.5	64704.2	101576.38	1.1
2015-02-25	12.3	12.64	12.5	12.0	54625.93	0.18	1.46	12.372	11.918	11.488	52150.59	65535.84	115412.17	1.5
2015-02-24	12.34	12.6	12.38	12.34	543.0	0.06	0.49	12.232	11.789	11.353	63390.55	67252.29	120452.42	0.01
2015-02-17	12.43	12.45	12.32	12.16	30651.81	-0.01	-0.08	12.106	11.675	11.224	77213.97	74457.11	130964.08	0.84
2015-02-16	12.46	12.73	12.33	12.1	74667.96	0.0	0.0	11.976	11.568	11.096	94049.96	78042.14	142368.28	2.05
2015-02-13	11.8	12.63	12.33	11.8	100264.26	0.53	4.49	11.71	11.434	10.923	89304.91	79095.53	147305.91	2.76
2015-02-12	11.78	12.13	11.8	11.67	110825.74	0.05	0.43	11.464	11.271	10.756	78921.09	81540.91	152754.33	3.05
2015-02-11	11.74	11.94	11.75	11.49	69660.09	0.08	0.69	11.346	11.2	10.586	71114.02	98200.74	157117.3	1.92
2015-02-10	11.0	11.95	11.67	11.0	114831.73	0.67	6.09	11.244	11.157	10.403	71700.25	114260.16	158935.81	3.16
2015-02-09	11.1	11.3	11.0	10.92	50942.71	-0.1	-0.9	11.16	11.111	10.224	62034.33	119826.61	156394.18	1.4
2015-02-06	11.11	11.38	11.1	11.0	48345.19	-0.11	-0.98	11.158	11.088	10.08	68886.15	138448.54	163417.68	1.33
2015-02-05	11.28	11.49	11.21	11.05	71790.39	-0.03	-0.27	11.078	11.057	9.926	84160.72	165288.5	168745.11	1.97
2015-02-04	11.36	11.8	11.24	11.22	72591.21	-0.01	-0.09	11.054	10.917	9.76	125287.46	173652.56	168192.7	2.0
2015-02-03	10.96	11.31	11.25	10.96	66502.13	0.26	2.37	11.07	10.772	9.601	156820.08	187471.06	170850.08	1.83
2015-02-02	10.68	11.02	10.99	10.45	85201.81	0.29	2.71	11.062	10.623	9.443	177618.9	206694.41	174265.96	2.34
2015-01-30	11.09	11.09	10.7	10.52	124718.05	-0.39	-3.52	11.018	10.411	9.287	208010.94	215516.29	179866.18	3.43
2015-01-29	11.32	11.37	11.09	10.63	277424.12	-0.23	-2.03	11.036	10.241	9.126	246416.27	223967.75	177406.85	7.63
2015-01-28	11.07	11.43	11.32	11.02	230254.27	0.11	0.98	10.78	9.971	8.934	222017.66	216033.86	165981.13	6.33
2015-01-27	10.78	11.27	11.21	10.61	170496.23	0.44	4.08	10.474	9.649	8.738	218122.04	203611.46	158404.34	4.69
2015-01-26	10.75	11.48	10.77	10.42	237162.05	-0.02	-0.18	10.184	9.336	8.545	235769.93	192961.75	155418.08	6.52
2015-01-23	9.79	10.79	10.79	9.61	316744.69	0.98	9.99	9.804	9.071	8.372	223021.63	188386.82	145860.3	8.71
2015-01-22	9.7	9.87	9.81	9.64	155431.05	0.02	0.2	9.446	8.795	8.197	201519.23	172201.73	132166.1	4.27
2015-01-21	9.76	9.97	9.79	9.61	210776.2	0.03	0.31	9.162	8.603	8.063	210050.07	162732.83	127052.72	5.8
2015-01-20	8.87	9.76	9.76	8.87	258735.64	0.89	10.03	8.824	8.43	7.937	189100.87	154229.09	121027.15	7.12
2015-01-19	8.76	9.36	8.87	8.55	173420.59	-0.13	-1.44	8.488	8.262	7.832	150153.58	141837.5	116016.01	4.77
2015-01-16	8.34	9.02	9.0	8.34	209232.69	0.61	7.27	8.338	8.162	7.754	153752.01	144216.07	113709.71	5.75
2015-01-15	8.13	8.5	8.39	8.06	198085.22	0.29	3.58	8.144	8.01	7.679	142884.23	130845.95	111615.53	5.45
2015-01-14	8.08	8.17	8.1	8.01	106030.21	0.02	0.25	8.044	7.897	7.659	115415.59	115928.41	105394.14	2.92
2015-01-13	8.14	8.19	8.08	8.05	63999.18	-0.04	-0.49	8.036	7.826	7.658	119357.32	113197.23	105003.14	1.76
2015-01-12	8.1	8.17	8.12	8.03	191412.73	0.09	1.12	8.036	7.753	7.651	133521.42	117874.4	105734.26	5.26
2015-01-09	7.89	8.22	8.03	7.76	154893.81	0.14	1.77	7.986	7.672	7.641	134680.14	103333.79	103025.46	4.26
2015-01-08	8.04	8.19	7.89	7.89	60742.04	-0.17	-2.11	7.876	7.599	7.622	118807.66	92130.47	101414.02	1.67
2015-01-07	8.04	8.23	8.06	7.85	125738.82	-0.02	-0.25	7.75	7.522	7.593	116441.22	91372.6	109791.45	3.46
2015-01-06	7.85	8.18	8.08	7.66	134819.7	0.21	2.67	7.616	7.444	7.585	107037.13	87825.2	113234.71	3.71
2015-01-05	7.49	8.11	7.87	7.38	197206.34	0.39	5.21	7.47	7.401	7.6	102227.38	90194.51	115351.98	5.42
2014-12-31	7.21	7.64	7.48	7.19	75531.41	0.22	3.03	7.358	7.346	7.65	71987.43	83203.35	111690.33	2.08
2014-12-30	7.4	7.47	7.26	7.14	48909.81	-0.13	-1.76	7.322	7.348	7.716	65453.28	92385.11	111762.95	1.35
2014-12-29	7.57	7.57	7.39	7.35	78718.41	0.04	0.54	7.294	7.42	7.791	66303.99	94859.88	114537.78	2.17
2014-12-26	7.32	7.44	7.35	7.21	110770.92	0.04	0.55	7.272	7.49	7.854	68613.26	96809.05	114619.41	3.05
2014-12-25	7.3	7.42	7.31	7.25	46006.59	0.01	0.14	7.332	7.549	7.931	78161.65	93594.12	115325.27	1.27
2014-12-24	7.24	7.36	7.3	7.15	42860.68	0.18	2.53	7.334	7.609	8.018	94419.27	102717.14	120913.16	1.18
2014-12-23	7.26	7.45	7.12	7.08	53163.36	-0.16	-2.2	7.374	7.645	8.08	119316.94	110697.58	123493.83	1.46
2014-12-22	7.57	7.75	7.28	7.1	90264.76	-0.37	-4.84	7.546	7.663	8.159	123415.76	128210.29	125467.54	2.48
2014-12-19	7.33	7.66	7.65	7.0	158512.86	0.33	4.51	7.708	7.725	8.22	125004.84	138644.22	124454.61	4.36
2014-12-18	7.55	7.55	7.32	7.28	127294.69	-0.18	-2.4	7.766	7.798	8.264	109026.59	140509.45	119720.1	3.5
2014-12-17	7.78	8.02	7.5	7.36	167349.03	-0.48	-6.01	7.884	7.954	8.326	111015.02	140177.31	116067.22	4.6
2014-12-16	8.08	8.12	7.98	7.9	73657.45	-0.11	-1.36	7.916	8.084	8.381	102078.21	131140.79	112408.19	2.03
2014-12-15	7.93	8.2	8.09	7.84	98210.17	0.15	1.89	7.78	8.161	8.402	133004.83	134215.69	110697.01	2.7
2014-12-12	7.95	8.03	7.94	7.8	78621.6	0.03	0.38	7.742	8.217	8.416	152283.6	132429.76	109019.8	2.16
2014-12-11	7.56	8.15	7.91	7.52	137236.84	0.25	3.26	7.83	8.312	8.436	171992.32	137056.43	108859.82	3.77
2014-12-10	7.3	7.77	7.66	6.79	122665.01	0.36	4.93	8.024	8.426	8.454	169339.6	139109.17	107519.2	3.37
2014-12-09	7.9	7.95	7.3	7.18	228290.52	-0.6	-7.59	8.252	8.515	8.51	160203.38	136290.08	104462.63	6.28
2014-12-08	8.3	8.31	7.9	7.88	194604.05	-0.48	-5.73	8.542	8.655	8.579	135426.56	122724.79	99073.91	5.35
2014-12-05	8.81	8.87	8.38	8.19	177165.19	-0.5	-5.63	8.692	8.715	8.644	112575.93	110265.0	92762.38	4.87
2014-12-04	8.8	8.98	8.88	8.75	123973.21	0.08	0.91	8.794	8.73	8.68	102120.53	98930.75	87619.19	3.41
2014-12-03	8.72	8.85	8.8	8.6	76983.91	0.05	0.57	8.828	8.698	8.701	108878.75	91957.13	85742.68	2.12
2014-12-02	8.54	9.11	8.75	8.51	104406.42	0.1	1.16	8.778	8.677	8.726	112376.79	93675.59	84546.02	2.87
2014-12-01	8.91	8.97	8.65	8.6	80350.9	-0.24	-2.7	8.768	8.642	8.763	110023.02	87178.33	82761.47	2.21
2014-11-28	9.05	9.05	8.89	8.79	124888.22	-0.16	-1.77	8.738	8.614	8.805	107954.08	85609.85	86405.06	3.43
2014-11-27	8.54	9.08	9.05	8.5	157764.3	0.5	5.85	8.666	8.559	8.823	95740.96	80663.21	85378.48	4.34
2014-11-26	8.7	8.75	8.55	8.47	94474.12	-0.15	-1.72	8.568	8.482	8.842	75035.51	75929.23	87559.4	2.6
2014-11-25	8.5	8.77	8.7	8.48	92637.55	0.2	2.35	8.576	8.505	8.881	74974.39	72635.17	92938.81	2.55
2014-11-24	8.59	8.63	8.5	8.43	70006.2	-0.03	-0.35	8.516	8.502	8.902	64333.64	75423.03	101374.88	1.93
2014-11-21	8.56	8.64	8.53	8.4	63822.65	-0.03	-0.35	8.49	8.572	8.916	63265.61	75259.75	104863.92	1.76
2014-11-20	8.57	8.7	8.56	8.5	54237.05	-0.03	-0.35	8.452	8.629	8.928	65585.45	76307.64	111249.73	1.49
2014-11-19	8.4	8.68	8.59	8.39	94168.52	0.19	2.26	8.396	8.704	8.919	76822.94	79528.23	114248.74	2.59
2014-11-18	8.37	8.45	8.4	8.33	39433.76	0.03	0.36	8.434	8.775	8.908	70295.95	75416.45	117423.6	1.08
2014-11-17	8.35	8.5	8.37	8.33	64666.08	0.03	0.36	8.488	8.883	8.893	86512.43	78344.61	118319.98	1.78
2014-11-14	8.22	8.51	8.34	7.99	75421.82	0.06	0.72	8.654	8.996	8.883	87253.89	87200.27	118267.01	2.07
2014-11-13	8.78	8.89	8.28	8.1	110424.51	-0.5	-5.7	8.806	9.087	8.866	87029.82	90093.76	117872.77	3.04
2014-11-12	8.64	8.82	8.78	8.53	61533.58	0.11	1.27	9.012	9.202	8.86	82233.53	99189.57	118886.72	1.69
2014-11-11	9.2	9.2	8.67	8.45	120516.15	-0.53	-5.76	9.116	9.256	8.829	80536.94	113242.45	118678.56	3.31
2014-11-10	9.05	9.27	9.2	8.9	68373.41	0.1	1.1	9.278	9.302	8.802	70176.79	127326.74	116269.67	1.88
2014-11-07	9.31	9.38	9.1	9.07	74301.47	-0.21	-2.26	9.338	9.26	8.749	87146.64	134468.09	117873.17	2.04
2014-11-06	9.2	9.4	9.31	9.03	86443.04	0.01	0.11	9.368	9.226	8.715	93157.69	146191.82	117812.58	2.38
2014-11-05	9.39	9.64	9.3	9.3	53050.64	-0.18	-1.9	9.392	9.133	8.668	116145.62	148969.24	117772.41	1.46
2014-11-04	9.5	9.62	9.48	9.27	68715.38	-0.02	-0.21	9.396	9.041	8.625	145947.96	159430.76	119109.1	1.89
2014-11-03	9.21	9.81	9.5	9.07	153222.69	0.25	2.7	9.326	8.902	8.578	184476.69	158295.36	118781.91	4.21
2014-10-31	9.35	9.44	9.25	9.15	104356.72	-0.18	-1.91	9.182	8.769	8.53	181789.54	149333.75	118051.08	2.87
2014-10-30	9.32	9.49	9.43	9.15	201382.66	0.11	1.18	9.084	8.645	8.48	199225.95	145651.79	116936.31	5.54
2014-10-29	9.12	9.38	9.32	9.05	202062.34	0.19	2.08	8.874	8.517	8.42	181792.87	138583.87	112601.24	5.56
2014-10-28	8.78	9.19	9.13	8.76	261359.02	0.35	3.99	8.686	8.402	8.366	172913.56	124114.67	109650.28	7.19
2014-10-27	8.6	8.8	8.78	8.56	139786.95	0.02	0.23	8.478	8.302	8.313	132114.03	105212.6	100090.24	3.84
2014-10-24	8.4	8.79	8.76	8.36	191538.77	0.38	4.54	8.356	8.238	8.277	116877.95	101278.26	98720.79	5.27
2014-10-23	8.33	8.59	8.38	8.23	114217.26	0.0	0.0	8.206	8.204	8.239	92077.62	89433.33	94050.31	3.14
2014-10-22	8.11	8.47	8.38	8.09	157665.78	0.29	3.58	8.16	8.203	8.212	95374.87	86575.58	91506.82	4.34
2014-10-21	8.18	8.2	8.09	8.08	57361.41	-0.08	-0.98	8.118	8.209	8.19	75315.77	78787.45	88104.57	1.58
2014-10-20	7.99	8.17	8.17	7.95	63606.55	0.16	2.0	8.126	8.253	8.184	78311.16	79268.45	95421.3	1.75
2014-10-17	8.08	8.14	8.01	7.71	67537.11	-0.14	-1.72	8.12	8.29	8.201	85678.56	86768.41	99845.24	1.86
2014-10-16	8.17	8.19	8.15	7.95	130703.52	-0.02	-0.24	8.202	8.315	8.236	86789.04	88220.83	101498.41	3.59
2014-10-15	8.15	8.22	8.17	8.11	57370.28	0.04	0.49	8.246	8.323	8.261	77776.28	86618.61	100762.24	1.58
2014-10-14	8.14	8.2	8.13	8.06	72338.32	-0.01	-0.12	8.3	8.33	8.29	82259.12	95185.89	103698.67	1.99
2014-10-13	8.42	8.42	8.14	8.06	100443.55	-0.28	-3.33	8.38	8.324	8.312	80225.75	94967.89	104870.16	2.76
2014-10-10	8.36	8.48	8.42	8.3	73089.55	0.05	0.6	8.46	8.316	8.328	87858.27	96163.32	108486.56	2.01
2014-10-09	8.44	8.5	8.37	8.27	85639.71	-0.07	-0.83	8.428	8.274	8.347	89652.62	98667.28	109325.66	2.36
2014-10-08	8.53	8.53	8.44	8.34	79784.46	-0.09	-1.05	8.4	8.22	8.372	95460.94	96438.06	113620.16	2.19
2014-09-30	8.62	8.65	8.53	8.45	62171.47	-0.01	-0.12	8.36	8.171	8.39	108112.66	97421.7	118000.83	1.71
2014-09-29	8.26	8.55	8.54	8.26	138606.14	0.28	3.39	8.268	8.114	8.399	109710.04	111574.15	120735.29	3.81
2014-09-26	8.19	8.3	8.26	8.16	82061.32	0.03	0.36	8.172	8.112	8.397	104468.38	112922.07	120513.9	2.26
2014-09-25	8.24	8.38	8.23	8.09	114681.32	-0.01	-0.12	8.12	8.156	8.398	107681.93	114775.99	119672.15	3.15
2014-09-24	8.06	8.27	8.24	7.97	143043.05	0.17	2.11	8.04	8.198	8.399	97415.19	114905.86	117455.17	3.93
2014-09-23	8.06	8.17	8.07	7.96	70158.35	0.01	0.12	7.982	8.249	8.403	86730.74	112211.45	115539.45	1.93
2014-09-22	7.98	8.2	8.06	7.85	112397.86	0.06	0.75	7.96	8.299	8.417	113438.26	114772.43	120033.33	3.09
2014-09-19	7.83	8.06	8.0	7.77	98129.09	0.17	2.17	8.052	8.339	8.449	121375.76	120809.79	121965.1	2.7
2014-09-18	7.94	7.94	7.83	7.74	63347.59	-0.12	-1.51	8.192	8.419	8.483	121870.04	119984.05	127395.34	1.74
2014-09-17	7.9	8.07	7.95	7.74	89620.8	-0.01	-0.13	8.356	8.524	8.508	132396.53	130802.25	129964.92	2.46
2014-09-16	8.54	8.54	7.96	7.8	203695.97	-0.56	-6.57	8.516	8.609	8.535	137692.16	138579.96	134990.25	5.6
2014-09-15	8.67	8.72	8.52	8.49	152085.33	-0.18	-2.07	8.638	8.683	8.545	116106.59	129896.43	135959.03	4.18
2014-09-12	8.66	8.86	8.7	8.62	100600.51	0.05	0.58	8.626	8.681	8.502	120243.82	128105.73	133607.84	2.77
2014-09-11	8.78	8.86	8.65	8.6	115980.03	-0.1	-1.14	8.646	8.64	8.441	118098.06	124568.32	133645.23	3.19
2014-09-10	8.61	8.78	8.75	8.49	116098.95	0.18	2.1	8.692	8.599	8.381	129207.96	120004.48	132153.11	3.19
2014-09-09	8.46	8.65	8.57	8.34	95768.15	0.11	1.3	8.702	8.556	8.314	139467.76	118867.46	134510.07	2.63
2014-09-05	8.8	8.8	8.46	8.36	172771.45	-0.34	-3.86	8.728	8.534	8.263	143686.26	125294.24	134898.55	4.75
2014-09-04	8.79	8.93	8.8	8.76	89871.71	-0.08	-0.9	8.736	8.558	8.223	135967.65	123120.41	130213.65	2.47
2014-09-03	8.85	8.91	8.88	8.61	171529.56	0.08	0.91	8.634	8.546	8.153	131038.59	134806.63	130621.67	4.72
2014-09-02	8.67	8.89	8.8	8.58	167397.94	0.1	1.15	8.506	8.491	8.092	110801.0	129127.6	126110.57	4.6
2014-09-01	8.5	8.76	8.7	8.39	116860.65	0.2	2.35	8.41	8.461	8.031	98267.15	131400.55	121418.76	3.21
2014-08-29	8.35	8.59	8.5	8.26	134178.38	0.21	2.53	8.34	8.406	7.972	106902.21	142021.63	121653.15	3.69
2014-08-28	8.24	8.53	8.29	8.2	65226.41	0.05	0.61	8.38	8.323	7.915	110273.18	139109.95	119182.33	1.79
2014-08-27	8.3	8.44	8.24	8.16	70341.61	-0.08	-0.96	8.458	8.241	7.874	138574.67	142722.14	118917.52	1.93
2014-08-26	8.33	8.55	8.32	8.2	104728.72	-0.03	-0.36	8.476	8.163	7.837	147454.21	144301.74	119253.07	2.88
2014-08-25	8.55	8.72	8.35	8.19	160035.95	-0.35	-4.02	8.512	8.072	7.795	164533.95	150152.69	120258.54	4.4
2014-08-22	8.69	8.93	8.7	8.58	151033.19	0.02	0.23	8.472	7.992	7.751	177141.05	144502.86	122628.45	4.15
2014-08-21	8.31	9.07	8.68	8.31	206733.88	0.35	4.2	8.266	7.887	7.68	167946.72	137306.88	124409.04	5.69
2014-08-20	8.4	8.57	8.33	8.2	114739.3	-0.17	-2.0	8.024	7.76	7.593	146869.61	126436.72	125630.16	3.16
2014-08-19	8.14	8.5	8.5	8.02	190127.41	0.35	4.29	7.85	7.692	7.515	141149.27	123093.54	122783.32	5.23
2014-08-18	7.75	8.38	8.15	7.64	223071.45	0.48	6.26	7.632	7.6	7.432	135771.43	111436.97	118941.49	6.14
2014-08-15	7.5	7.7	7.67	7.42	105061.57	0.2	2.68	7.512	7.538	7.368	111864.68	101284.68	112112.38	2.89
2014-08-14	7.42	7.63	7.47	7.42	101348.32	0.01	0.13	7.508	7.507	7.327	106667.04	99254.71	113547.63	2.79
2014-08-13	7.41	7.6	7.46	7.3	86137.6	0.05	0.68	7.496	7.506	7.282	106003.82	95112.9	110996.38	2.37
2014-08-12	7.55	7.57	7.41	7.27	163238.23	-0.14	-1.85	7.534	7.51	7.243	105037.81	94204.39	109408.77	4.49
2014-08-11	7.69	7.77	7.55	7.53	103537.67	-0.1	-1.31	7.568	7.517	7.208	87102.51	90364.4	105931.96	2.85
2014-08-08	7.48	7.66	7.65	7.32	79073.36	0.24	3.24	7.564	7.509	7.161	90704.68	100754.04	103896.64	2.17
2014-08-07	7.67	7.81	7.41	7.36	98032.24	-0.24	-3.14	7.506	7.472	7.108	91842.38	111511.19	106521.05	2.7
2014-08-06	7.58	7.77	7.65	7.45	81307.53	0.07	0.92	7.516	7.425	7.053	84221.97	124823.6	103600.22	2.24
2014-08-05	7.45	7.64	7.58	7.4	73561.73	0.05	0.66	7.486	7.337	6.982	83370.98	122473.09	103504.65	2.02
2014-08-04	7.36	7.72	7.53	7.27	121548.54	0.17	2.31	7.466	7.264	6.919	93626.29	126446.01	103857.01	3.34
2014-08-01	7.45	7.49	7.36	7.3	84761.86	-0.1	-1.34	7.454	7.197	6.856	110803.4	122940.09	100529.49	2.33
2014-07-31	7.49	7.55	7.46	7.38	59930.2	-0.04	-0.53	7.438	7.147	6.803	131180.01	127840.56	99794.35	1.65
2014-07-30	7.47	7.55	7.5	7.35	77052.57	0.02	0.27	7.334	7.058	6.744	165425.22	126879.86	104407.32	2.12
2014-07-29	7.41	7.6	7.48	7.35	124838.29	0.01	0.13	7.188	6.976	6.685	161575.2	124613.15	107950.33	3.43
2014-07-28	7.28	7.51	7.47	7.15	207434.09	0.19	2.61	7.062	6.899	6.616	159265.73	121499.52	104810.93	5.71
2014-07-25	6.84	7.28	7.28	6.8	186644.88	0.34	4.9	6.94	6.813	6.543	135076.77	107039.24	98359.25	5.13
2014-07-24	6.72	7.22	6.94	6.72	231156.28	0.17	2.51	6.856	6.744	6.476	124501.11	101530.9	92210.12	6.36
2014-07-23	6.84	6.97	6.77	6.72	57802.48	-0.08	-1.17	6.782	6.68	6.422	88334.5	82376.84	83402.02	1.59
2014-07-22	6.9	7.0	6.85	6.73	113290.94	-0.01	-0.15	6.764	6.626	6.372	87651.09	84536.2	81935.87	3.12
2014-07-21	6.82	7.05	6.86	6.79	86489.27	0.0	0.0	6.736	6.574	6.319	83733.31	81268.01	77514.78	2.38
2014-07-18	6.58	6.99	6.86	6.53	133766.58	0.29	4.41	6.686	6.515	6.266	79001.7	78118.9	74884.39	3.68
2014-07-17	6.65	6.69	6.57	6.46	50323.22	-0.11	-1.65	6.632	6.459	6.208	78560.69	71748.15	69642.04	1.38
2014-07-16	6.69	6.76	6.68	6.59	54385.44	-0.03	-0.45	6.578	6.43	6.162	76419.19	81934.77	70236.48	1.5
2014-07-15	6.6	6.8	6.71	6.53	93702.03	0.1	1.51	6.488	6.394	6.118	81421.31	91287.52	70725.15	2.58
2014-07-14	6.58	6.72	6.61	6.53	62831.25	0.02	0.3	6.412	6.332	6.081	78802.71	88122.35	68146.72	1.73
2014-07-11	6.31	6.66	6.59	6.26	131561.5	0.29	4.6	6.344	6.273	6.053	77236.09	89679.26	67730.39	3.62
2014-07-10	6.23	6.31	6.3	6.21	39615.73	0.07	1.12	6.286	6.207	6.022	64935.61	82889.35	64206.18	1.09
2014-07-09	6.3	6.38	6.23	6.22	79396.04	-0.1	-1.58	6.282	6.163	6.002	87450.35	84427.19	66050.14	2.18
2014-07-08	6.27	6.39	6.33	6.23	80609.02	0.06	0.96	6.3	6.117	5.993	101153.72	79335.55	65417.35	2.22
2014-07-07	6.3	6.35	6.27	6.25	54998.14	-0.03	-0.48	6.252	6.063	5.979	97441.99	73761.55	65546.73	1.51
2014-07-04	6.31	6.4	6.3	6.21	70059.1	0.02	0.32	6.202	6.016	5.969	102122.44	71649.89	67670.83	1.93
2014-07-03	6.33	6.53	6.28	6.23	152189.45	-0.04	-0.63	6.128	5.957	5.95	100843.09	67535.93	67058.6	4.19
2014-07-02	6.1	6.37	6.32	6.03	147912.89	0.23	3.78	6.044	5.894	5.932	81404.03	58538.18	63562.53	4.07
2014-07-01	6.02	6.1	6.09	5.96	62050.35	0.07	1.16	5.934	5.842	5.908	57517.38	50162.79	62026.09	1.71
2014-06-30	5.91	6.08	6.02	5.88	78400.39	0.09	1.52	5.874	5.83	5.892	50081.12	48171.09	63316.66	2.16
2014-06-27	5.87	5.99	5.93	5.82	63662.38	0.07	1.2	5.83	5.832	5.874	41177.35	45781.51	61910.28	2.53
2014-06-26	5.75	5.88	5.86	5.71	54994.15	0.09	1.56	5.786	5.836	5.857	34228.77	45523.0	60448.81	2.18
2014-06-25	5.77	5.82	5.77	5.69	28479.63	-0.02	-0.34	5.744	5.84	5.849	35672.33	47673.08	59994.98	1.13
2014-06-24	5.84	5.85	5.79	5.77	24869.05	-0.01	-0.17	5.75	5.869	5.842	42808.19	51499.16	60019.99	0.99
2014-06-23	5.68	5.86	5.8	5.68	33881.52	0.09	1.58	5.786	5.894	5.836	46261.05	57331.91	61131.66	1.34
2014-06-20	5.68	5.72	5.71	5.63	28919.51	0.06	1.06	5.834	5.922	5.827	50385.68	63691.77	61297.26	1.15
2014-06-19	5.84	5.92	5.65	5.54	62211.94	-0.15	-2.59	5.886	5.943	5.819	56817.24	66581.27	61919.78	2.47
2014-06-18	5.95	5.95	5.8	5.77	64158.95	-0.17	-2.85	5.936	5.969	5.813	59673.83	68586.88	60481.23	2.55
2014-06-17	6.03	6.04	5.97	5.96	42133.34	-0.07	-1.16	5.988	5.973	5.798	60190.12	73889.38	59125.49	1.67
2014-06-16	6.0	6.08	6.04	5.96	54504.64	0.07	1.17	6.002	5.953	5.774	68402.76	78462.24	58758.27	2.16
2014-06-13	5.91	6.04	5.97	5.87	61077.31	0.07	1.19	6.01	5.916	5.746	76997.85	78039.05	59213.4	2.42
2014-06-12	6.06	6.06	5.9	5.89	76494.92	-0.16	-2.64	6.0	5.877	5.732	76345.31	75374.62	58181.41	3.03
2014-06-11	6.03	6.18	6.06	6.0	66740.4	0.02	0.33	6.002	5.857	5.729	77499.93	72316.88	55765.87	2.65
2014-06-10	6.07	6.14	6.04	6.01	83196.54	-0.04	-0.66	5.958	5.814	5.719	87588.65	68540.83	54828.36	3.3
2014-06-09	5.91	6.1	6.08	5.86	97480.1	0.16	2.7	5.904	5.778	5.708	88521.72	64931.41	53406.02	3.87
2014-06-06	5.8	5.97	5.92	5.8	57814.57	0.01	0.17	5.822	5.731	5.686	79080.25	58902.76	50210.88	2.29
2014-06-05	5.86	5.94	5.91	5.74	82268.06	0.07	1.2	5.754	5.694	5.68	74403.94	57258.29	49383.67	3.26
2014-06-04	5.7	6.0	5.84	5.7	117183.96	0.07	1.21	5.712	5.657	5.674	67133.82	52375.57	47471.48	4.65
2014-06-03	5.66	5.87	5.77	5.63	87861.9	0.1	1.76	5.67	5.622	5.681	49493.02	44361.59	43680.69	3.49
2014-05-30	5.6	5.72	5.67	5.55	50272.78	0.09	1.61	5.652	5.594	5.691	41341.11	39054.3	40805.95	1.99
2014-05-29	5.71	5.73	5.58	5.57	34432.99	-0.12	-2.1	5.64	5.575	5.703	38725.27	40387.74	40879.98	1.37
2014-05-28	5.64	5.73	5.7	5.61	45917.47	0.07	1.24	5.634	5.587	5.715	40112.65	40988.2	41727.15	1.82
2014-05-27	5.68	5.68	5.63	5.62	28979.94	-0.05	-0.88	5.602	5.6	5.718	37617.32	39214.86	43431.36	1.15
2014-05-26	5.63	5.69	5.68	5.59	47102.37	0.07	1.25	5.574	5.623	5.747	39230.17	41115.9	44858.66	1.87
2014-05-23	5.55	5.62	5.61	5.53	37193.57	0.06	1.08	5.536	5.637	5.784	36767.48	41880.63	45664.92	1.48
2014-05-22	5.55	5.63	5.55	5.54	41369.89	0.01	0.18	5.51	5.641	5.833	42050.22	41518.99	45894.49	1.64
2014-05-21	5.46	5.56	5.54	5.43	33440.83	0.05	0.91	5.54	5.665	5.881	41863.76	41509.04	47407.3	1.33
2014-05-20	5.52	5.58	5.49	5.48	37044.2	0.0	0.0	5.598	5.691	5.934	40812.4	42567.39	49938.21	1.47
2014-05-19	5.48	5.54	5.49	5.43	34788.92	0.01	0.18	5.672	5.74	5.996	43001.63	42999.79	54538.89	1.38
2014-05-16	5.65	5.68	5.48	5.39	63607.25	-0.17	-3.01	5.738	5.787	6.066	46993.78	42557.61	56373.63	2.52
2014-05-15	5.83	5.86	5.7	5.69	40437.58	-0.13	-2.23	5.772	5.83	6.136	40987.77	41372.22	56193.2	1.6
2014-05-14	5.85	5.88	5.83	5.79	28184.06	-0.03	-0.51	5.79	5.843	6.194	41154.32	42466.09	59360.73	1.12
2014-05-13	5.83	5.92	5.86	5.78	47990.32	0.04	0.69	5.784	5.835	6.253	44322.37	47647.87	64891.48	1.9
2014-05-12	5.7	5.84	5.82	5.68	54749.67	0.16	2.83	5.808	5.871	6.299	42997.96	48601.42	70321.17	2.17
2014-05-09	5.79	5.82	5.65	5.58	33577.22	-0.14	-2.42	5.836	5.931	6.36	38121.44	49449.2	76711.3	1.33
2014-05-08	5.77	5.88	5.79	5.76	41270.35	-0.01	-0.17	5.888	6.024	6.43	41756.66	50269.99	83922.93	1.64
2014-05-07	5.96	5.98	5.8	5.79	44024.29	-0.18	-3.01	5.896	6.097	6.496	43777.86	53305.56	105450.39	1.75
2014-05-06	5.98	6.05	5.98	5.96	41368.27	0.02	0.34	5.886	6.176	6.579	50973.36	57309.03	110533.57	1.64
2014-05-05	5.9	5.97	5.96	5.87	30367.05	0.05	0.85	5.934	6.251	6.671	54204.89	66077.98	114531.65	1.2
2014-04-30	5.85	5.98	5.91	5.78	51753.34	0.08	1.37	6.026	6.344	6.76	60776.97	70189.66	120477.33	2.05
2014-04-29	5.75	5.85	5.83	5.72	51376.33	0.08	1.39	6.16	6.441	6.837	58783.33	71014.18	122727.96	2.04
2014-04-28	6.2	6.2	5.75	5.75	80001.83	-0.47	-7.56	6.298	6.545	6.935	62833.26	76255.37	126417.59	3.17
2014-04-25	6.41	6.43	6.22	6.19	57525.89	-0.2	-3.12	6.466	6.67	7.027	63644.7	82135.09	126054.7	2.28
2014-04-24	6.56	6.56	6.42	6.36	63227.44	-0.16	-2.43	6.568	6.727	7.087	77951.07	92040.92	129614.97	2.51
2014-04-23	6.54	6.59	6.58	6.5	41785.15	0.06	0.92	6.662	6.789	7.143	79602.36	103973.39	130570.17	1.66
2014-04-22	6.56	6.67	6.52	6.41	71625.99	-0.07	-1.06	6.722	6.836	7.184	83245.03	117575.87	133317.45	2.84
2014-04-21	6.63	6.74	6.59	6.55	84059.02	-0.14	-2.08	6.792	6.895	7.217	89677.47	157595.22	133311.71	3.33
2014-04-18	6.84	6.88	6.73	6.67	129057.76	-0.16	-2.32	6.874	6.981	7.255	100625.49	163758.12	133201.22	5.12
2014-04-17	6.88	6.96	6.89	6.85	71483.87	0.01	0.14	6.886	7.091	7.271	106130.76	162985.31	129199.89	2.84
2014-04-16	6.85	6.91	6.88	6.81	59998.5	0.01	0.15	6.916	7.175	7.279	128344.43	170765.0	129323.61	2.38
2014-04-15	6.95	6.96	6.87	6.83	103788.22	-0.13	-1.86	6.95	7.233	7.275	151906.7	174441.74	129251.75	4.12
2014-04-14	6.8	7.03	7.0	6.76	138799.09	0.21	3.09	6.998	7.324	7.277	225512.96	176579.81	127919.6	5.51
2014-04-11	6.97	6.98	6.79	6.77	156584.12	-0.25	-3.55	7.088	7.383	7.282	226890.74	169974.31	124819.68	6.21
2014-04-10	7.07	7.12	7.04	6.94	182552.2	-0.01	-0.14	7.296	7.447	7.301	219839.86	167189.02	121970.46	7.24
2014-04-09	6.98	7.14	7.05	6.95	177809.88	-0.06	-0.84	7.434	7.496	7.308	213185.56	157166.96	122616.29	7.05
2014-04-08	7.86	7.86	7.11	6.9	471819.53	-0.34	-4.56	7.516	7.531	7.327	196976.79	149059.04	124323.5	18.72
2014-01-09	7.82	7.93	7.45	7.41	145687.98	-0.38	-4.85	7.65	7.539	7.351	127646.65	109028.2	121078.48	5.78
2014-01-08	7.76	8.02	7.83	7.7	121329.73	0.1	1.29	7.678	7.528	7.325	113057.88	102644.32	117233.9	4.81
2014-01-07	7.38	8.08	7.73	7.32	149280.7	0.27	3.62	7.598	7.45	7.278	114538.18	95414.47	118385.12	5.92
2014-01-06	7.8	7.83	7.46	7.45	96765.99	-0.32	-4.11	7.558	7.382	7.229	101148.35	87882.22	115081.51	3.84
2014-01-03	7.55	7.86	7.78	7.5	125168.86	0.19	2.5	7.546	7.317	7.182	101141.29	84061.76	113175.29	4.97
2014-01-02	7.34	7.6	7.59	7.25	72744.11	0.16	2.15	7.428	7.229	7.119	90409.75	79259.4	109756.02	2.89
2013-12-31	7.5	7.79	7.43	7.42	128731.23	-0.1	-1.33	7.378	7.18	7.071	92230.75	79665.04	110095.3	5.11
2013-12-30	7.39	7.55	7.53	7.3	82331.55	0.13	1.76	7.302	7.155	7.024	76290.77	76751.91	107331.13	3.27
2013-12-27	7.15	7.54	7.4	7.15	96730.71	0.21	2.92	7.206	7.119	6.967	74616.08	88065.62	111145.65	3.84
2013-12-26	7.3	7.35	7.19	7.16	71511.16	-0.15	-2.04	7.088	7.122	6.951	66982.23	99587.97	113500.88	2.84
2013-12-25	7.07	7.4	7.34	7.03	81849.12	0.29	4.11	7.03	7.162	6.946	68109.05	133128.75	116922.05	3.25
2013-12-24	7.02	7.13	7.05	6.94	49031.31	0.0	0.0	6.982	7.121	6.92	67099.33	131823.49	116461.57	1.94
2013-12-23	6.81	7.09	7.05	6.75	73958.12	0.24	3.52	7.008	7.106	6.911	77213.04	141355.76	117347.62	2.93
2013-12-20	6.94	6.94	6.81	6.7	58561.46	-0.09	-1.3	7.032	7.075	6.901	101515.16	142280.8	120251.83	2.32
2013-12-19	7.14	7.17	6.9	6.89	77145.24	-0.2	-2.82	7.156	7.046	6.905	132193.7	142288.83	124158.56	3.06
2013-12-18	7.16	7.24	7.1	7.04	76800.53	-0.08	-1.11	7.294	7.009	6.904	198148.46	140252.65	127760.21	3.05
2013-12-17	7.09	7.23	7.18	7.03	99599.85	0.01	0.14	7.26	6.961	6.892	196547.64	140525.55	128359.87	3.95
2013-12-16	7.57	7.58	7.17	7.06	195468.7	-0.26	-3.5	7.204	6.893	6.872	205498.47	137910.36	130432.69	7.75
2013-12-13	7.37	7.61	7.43	7.33	211954.17	-0.16	-2.11	7.118	6.814	6.847	183046.44	134225.69	124500.48	8.41
2013-12-12	6.9	7.62	7.59	6.87	406919.03	0.66	9.52	6.936	6.78	6.798	152383.95	127413.78	117795.27	16.14
2013-12-11	6.87	6.97	6.93	6.81	68796.44	0.03	0.43	6.724	6.729	6.733	82356.84	100715.34	100645.99	2.73
2013-12-10	6.74	7.05	6.9	6.69	144354.02	0.16	2.37	6.662	6.719	6.697	84503.46	101099.65	102322.06	5.73
2013-12-09	6.56	6.81	6.74	6.55	83208.56	0.22	3.37	6.582	6.716	6.681	70322.25	93339.48	106812.82	3.3
2013-12-06	6.54	6.59	6.52	6.35	58641.72	-0.01	-0.15	6.51	6.726	6.686	85404.93	98222.87	109412.03	2.33
2013-12-05	6.6	6.64	6.53	6.48	56783.45	-0.09	-1.36	6.624	6.763	6.691	102443.62	106028.3	110098.78	2.25
2013-12-04	6.6	6.68	6.62	6.5	79529.55	0.12	1.85	6.734	6.799	6.706	119073.85	115267.77	115153.82	3.15
2013-12-03	6.25	6.53	6.5	6.2	73447.96	0.12	1.88	6.776	6.822	6.705	117695.85	116194.19	114718.37	2.91
2013-12-02	6.78	6.83	6.38	6.38	158621.95	-0.71	-10.01	6.85	6.85	6.704	116356.72	122955.02	114999.82	6.29
2013-11-29	7.09	7.24	7.09	7.03	143835.17	0.01	0.14	6.942	6.879	6.697	111040.81	114775.27	108407.51	5.7
2013-11-28	6.83	7.08	7.08	6.82	139934.61	0.25	3.66	6.902	6.816	6.659	109612.98	108176.76	103122.99	5.55
2013-11-27	6.84	6.93	6.83	6.78	72639.54	-0.04	-0.58	6.864	6.737	6.624	111461.69	100576.63	98553.21	2.88
2013-11-26	6.88	6.93	6.87	6.76	66752.33	0.03	0.44	6.868	6.674	6.599	114692.53	103544.46	99950.74	2.65
2013-11-25	6.9	7.09	6.84	6.8	132042.41	-0.05	-0.73	6.85	6.645	6.584	129553.33	120286.15	100536.63	5.24
2013-11-22	6.93	7.12	6.89	6.82	136696.0	0.0	0.0	6.816	6.645	6.558	118509.72	120601.2	96129.95	5.42
2013-11-21	6.88	7.15	6.89	6.81	149178.17	0.04	0.58	6.73	6.619	6.533	106740.55	114169.26	91412.56	5.92
2013-11-20	6.76	6.88	6.85	6.69	88793.76	0.07	1.03	6.61	6.612	6.506	89691.58	115039.87	88394.93	3.52
2013-11-19	6.7	7.04	6.78	6.63	141056.3	0.11	1.65	6.48	6.588	6.5	92396.39	113242.55	88203.38	5.59
2013-11-18	6.53	6.75	6.67	6.48	76824.37	0.21	3.25	6.44	6.558	6.496	111018.98	107044.62	85510.01	3.05
2013-11-15	6.29	6.6	6.46	6.26	77850.14	0.17	2.7	6.474	6.515	6.491	122692.67	102039.74	84064.1	3.09
2013-11-14	6.18	6.39	6.29	6.11	63933.32	0.09	1.45	6.508	6.501	6.495	121597.98	98069.22	84539.23	2.54
2013-11-13	6.52	6.52	6.2	6.2	102317.8	-0.38	-5.78	6.614	6.511	6.514	140388.16	96529.78	88541.43	4.06
2013-11-12	7.1	7.29	6.58	6.5	234169.27	-0.26	-3.8	6.696	6.524	6.535	134088.72	96357.01	90572.47	9.29
2013-11-08	6.63	6.85	6.84	6.62	135192.83	0.21	3.17	6.676	6.523	6.547	103070.25	80787.1	82917.67	5.36
2013-11-07	6.73	6.79	6.63	6.59	72376.66	-0.19	-2.79	6.556	6.47	6.545	81386.82	71658.71	82158.39	2.87
2013-11-06	6.61	6.85	6.82	6.56	157884.25	0.21	3.18	6.494	6.446	6.558	74540.46	68655.85	83892.06	6.26
2013-11-05	6.5	6.68	6.61	6.4	70820.58	0.13	2.01	6.408	6.4	6.564	52671.39	61749.99	81953.26	2.81
2013-11-04	6.28	6.57	6.48	6.28	79076.94	0.24	3.85	6.352	6.411	6.586	58625.31	63164.21	84988.66	3.14
2013-11-01	6.32	6.36	6.24	6.2	26775.65	-0.08	-1.27	6.37	6.434	6.602	58503.94	63975.41	84289.35	1.06
2013-10-31	6.4	6.42	6.32	6.25	38144.86	-0.07	-1.09	6.384	6.466	6.622	61930.6	66088.46	87014.15	1.51
2013-10-30	6.23	6.42	6.39	6.22	48538.93	0.06	0.95	6.398	6.488	6.637	62771.25	71009.24	90310.02	1.93
2013-10-29	6.64	6.65	6.33	6.06	100590.16	-0.24	-3.65	6.392	6.517	6.655	70828.6	80553.08	96042.36	3.99
2013-10-28	6.32	6.62	6.57	6.31	78470.12	0.26	4.12	6.47	6.545	6.69	67703.11	84787.93	102795.62	3.11
2013-10-25	6.4	6.45	6.31	6.28	43908.92	-0.08	-1.25	6.498	6.57	6.709	69446.88	85048.24	109961.38	2.15
2013-10-24	6.47	6.48	6.39	6.32	42348.12	0.03	0.47	6.548	6.62	6.744	70246.32	92658.06	124854.49	2.08
2013-10-23	6.71	6.75	6.36	6.34	88825.66	-0.36	-5.36	6.578	6.669	6.753	79247.23	99128.27	133587.72	4.36
2013-10-22	6.7	6.85	6.72	6.63	84962.75	0.01	0.15	6.642	6.728	6.765	90277.56	102156.53	134732.62	4.17
2013-10-21	6.58	6.78	6.71	6.58	87188.93	0.15	2.29	6.62	6.76	6.761	101872.75	106813.11	136485.03	4.28
2013-10-18	6.56	6.62	6.56	6.5	47906.13	0.02	0.31	6.642	6.77	6.762	100649.61	104603.28	142827.19	2.35
2013-10-17	6.68	6.73	6.54	6.51	87352.67	-0.14	-2.1	6.692	6.777	6.764	115069.81	107939.84	151446.6	4.29
2013-10-16	6.57	6.88	6.68	6.57	143977.33	0.07	1.06	6.76	6.785	6.77	119009.32	109610.81	161510.67	7.06
2013-10-15	6.72	6.72	6.61	6.52	142938.67	-0.21	-3.08	6.814	6.792	6.756	114035.49	111531.63	163169.54	7.01
2013-10-14	6.87	6.89	6.82	6.75	81073.25	0.01	0.15	6.9	6.834	6.733	111753.47	120803.31	159290.96	3.98
2013-10-11	6.95	6.96	6.81	6.72	120007.13	-0.07	-1.02	6.898	6.847	6.699	108556.96	134874.51	158180.91	5.89
2013-10-10	6.98	7.02	6.88	6.82	107050.2	-0.07	-1.01	6.862	6.867	6.666	100809.86	157050.92	155267.85	5.25
2013-10-09	7.06	7.09	6.95	6.87	119108.2	-0.09	-1.28	6.81	6.837	6.634	100212.3	168047.16	153652.36	5.84
2013-10-08	6.8	7.09	7.04	6.74	131528.55	0.23	3.38	6.77	6.801	6.598	109027.78	167308.71	151552.54	6.45
2013-09-30	6.63	6.81	6.81	6.61	65090.7	0.18	2.71	6.768	6.761	6.551	129853.15	166156.96	150185.44	3.19
2013-09-27	6.63	6.78	6.63	6.58	81271.67	0.01	0.15	6.796	6.753	6.514	161192.07	181051.09	153286.87	3.99
2013-09-26	6.7	6.79	6.62	6.58	104062.4	-0.13	-1.93	6.872	6.75	6.495	213291.97	194953.36	154224.25	5.11
2013-09-25	7.03	7.03	6.75	6.68	163185.56	-0.28	-3.98	6.864	6.754	6.487	235882.03	213410.52	155196.1	8.01
2013-09-24	6.96	7.18	7.03	6.86	235655.44	0.08	1.15	6.832	6.719	6.467	225589.64	214807.45	150449.97	11.56
2013-09-23	7.01	7.02	6.95	6.79	221785.28	-0.06	-0.86	6.754	6.631	6.428	202460.77	197778.61	143764.51	10.88
2013-09-18	6.65	7.06	7.01	6.59	341771.16	0.43	6.54	6.71	6.55	6.396	200910.1	181487.32	136671.63	16.77
2013-09-17	6.72	6.88	6.58	6.55	217012.69	-0.01	-0.15	6.628	6.464	6.366	176614.76	153484.79	124217.36	10.65
2013-09-16	6.63	6.73	6.59	6.53	111723.61	-0.05	-0.75	6.644	6.431	6.349	190939.02	139257.56	118899.14	5.48
2013-09-13	6.73	6.74	6.64	6.6	120011.12	-0.09	-1.34	6.606	6.394	6.337	204025.27	135796.37	118875.58	5.89
2013-09-12	6.53	6.78	6.73	6.52	214031.94	0.13	1.97	6.508	6.341	6.315	193096.45	134213.92	121082.54	10.5
2013-09-11	6.58	6.76	6.6	6.41	220294.44	-0.06	-0.9	6.39	6.275	6.3	162064.53	125522.65	119704.34	10.81
2013-09-10	6.35	6.86	6.66	6.3	288634.0	0.26	4.06	6.3	6.24	6.305	130354.82	113495.13	122514.48	14.16
2013-09-09	6.3	6.51	6.4	6.26	177154.83	0.25	4.07	6.218	6.22	6.312	87576.1	96981.69	117182.6	8.69
2013-09-06	6.12	6.19	6.15	6.06	65367.04	0.01	0.16	6.182	6.214	6.331	67567.47	86092.5	119825.0	3.21
2013-09-05	6.15	6.23	6.14	6.13	58872.34	-0.01	-0.16	6.174	6.225	6.366	75331.39	89750.41	129048.36	2.89
2013-09-04	6.21	6.25	6.15	6.12	61745.9	-0.1	-1.6	6.16	6.242	6.404	88980.76	91855.95	145506.63	3.03
2013-09-03	6.2	6.28	6.25	6.14	74740.37	0.03	0.48	6.18	6.267	6.416	96635.44	94949.93	150057.93	3.67
2013-09-02	6.15	6.25	6.22	6.05	77111.71	0.11	1.8	6.222	6.267	6.433	106387.28	98540.72	152671.99	3.78
2013-08-30	6.04	6.24	6.11	6.03	104186.61	0.04	0.66	6.246	6.28	6.451	104617.53	101954.79	155310.52	5.11
2013-08-29	6.24	6.3	6.07	6.0	127119.22	-0.18	-2.88	6.276	6.289	6.476	104169.43	107951.16	165728.4	6.24
2013-08-28	6.4	6.42	6.25	6.24	100019.31	-0.21	-3.25	6.324	6.324	6.494	94731.14	113886.02	174765.92	4.91
2013-08-27	6.36	6.5	6.46	6.32	123499.53	0.12	1.89	6.354	6.369	6.476	93264.42	131533.83	173425.94	6.06
2013-08-26	6.28	6.35	6.34	6.23	68262.96	0.08	1.28	6.312	6.404	6.45	90694.16	137383.51	173706.11	3.35
2013-08-23	6.34	6.4	6.26	6.16	101946.12	-0.05	-0.79	6.314	6.447	6.439	99292.06	153557.49	176790.91	5.0
2013-08-22	6.37	6.42	6.31	6.29	79927.78	-0.09	-1.41	6.302	6.507	6.432	111732.88	168346.31	178470.51	3.92
2013-08-21	6.25	6.4	6.4	6.21	92685.69	0.15	2.4	6.324	6.566	6.419	133040.91	199157.31	184184.87	4.55
2013-08-20	6.3	6.38	6.25	6.18	110648.26	-0.1	-1.57	6.384	6.564	6.4	169803.25	205165.94	185985.15	5.43
2013-08-19	6.09	6.4	6.35	6.09	111252.45	0.15	2.42	6.496	6.599	6.408	184072.85	206803.27	189950.25	5.46
2013-08-16	6.36	6.58	6.2	6.18	164150.23	-0.22	-3.43	6.58	6.622	6.411	207822.92	208666.26	194322.35	8.05
2013-08-15	6.62	6.67	6.42	6.4	186467.92	-0.28	-4.18	6.712	6.662	6.424	224959.74	223505.65	196097.18	9.15
2013-08-14	6.78	6.82	6.7	6.52	276497.38	-0.11	-1.61	6.808	6.664	6.424	265273.71	235645.82	196699.01	13.56
2013-08-13	6.72	6.96	6.81	6.71	181996.27	0.04	0.59	6.744	6.582	6.405	240528.62	215318.05	191379.12	8.93
2013-08-12	6.83	6.94	6.77	6.6	230002.81	-0.09	-1.31	6.702	6.495	6.376	229533.69	210028.72	192049.32	11.28
2013-08-09	6.81	6.92	6.86	6.6	249834.31	-0.04	-0.58	6.664	6.43	6.346	209509.59	200024.32	189129.83	12.26
2013-08-08	6.33	7.02	6.9	6.31	388037.78	0.52	8.15	6.612	6.356	6.303	222051.56	188594.72	184071.12	19.04
2013-08-07	6.58	6.6	6.38	6.31	152771.95	-0.22	-3.33	6.52	6.272	6.249	206017.93	169212.43	165528.69	7.49
2013-08-06	6.58	6.75	6.6	6.49	127021.6	0.02	0.3	6.42	6.236	6.236	190107.48	166804.37	166804.37	6.23
2013-08-05	6.56	6.62	6.58	6.43	129882.3	-0.02	-0.3	6.288	6.196	6.196	190523.75	171224.68	171224.68	6.37
2013-08-02	6.39	6.66	6.6	6.34	312544.16	0.16	2.48	6.196	6.148	6.148	190539.05	176392.47	176392.47	15.33
2013-08-01	6.0	6.45	6.44	5.91	307869.62	0.56	9.52	6.1	6.083	6.083	155137.88	156942.23	156942.23	15.1
2013-07-31	5.91	6.04	5.88	5.86	73219.72	-0.06	-1.01	6.024	6.023	6.023	132406.92	131787.67	131787.67	3.59
2013-07-30	6.1	6.13	5.94	5.73	129102.93	-0.18	-2.94	6.052	6.052	6.052	143501.26	143501.26	143501.26	6.33
2013-07-29	6.04	6.28	6.12	6.03	129958.82	0.0	0.0	6.08	6.08	6.08	147100.84	147100.84	147100.84	6.38
2013-07-26	6.16	6.24	6.12	6.01	135538.31	0.06	0.99	6.067	6.067	6.067	152814.85	152814.85	152814.85	6.65
2013-07-25	6.0	6.31	6.06	5.98	194214.84	0.04	0.66	6.04	6.04	6.04	161453.12	161453.12	161453.12	9.53
2013-07-24	6.02	6.06	6.02	5.9	128691.39	-0.01	-0.17	6.02	6.02	6.02	128691.39	128691.39	128691.39	6.31
