date	open	high	close	low	volume	price_change	p_change	ma5	ma10	ma20	v_ma5	v_ma10	v_ma20	turnover
2016-07-22	13.45	13.9	13.65	13.45	47386.64	0.16	1.19	13.638	13.693	13.433	59075.67	76348.62	89286.78	0.99
2016-07-21	13.55	13.68	13.49	13.41	57348.87	-0.04	-0.3	13.692	13.665	13.351	70113.65	78840.52	91525.43	1.2
2016-07-20	13.75	13.79	13.53	13.4	60597.94	-0.19	-1.39	13.762	13.661	13.279	80857.19	81520.6	93125.25	1.27
2016-07-19	13.74	13.87	13.72	13.42	72121.4	-0.08	-0.58	13.782	13.687	13.2	83266.88	87451.56	93972.19	1.51
2016-07-18	13.93	14.02	13.8	13.79	57923.5	-0.12	-0.86	13.752	13.64	13.094	80255.74	88623.9	95348.33	1.21
2016-07-15	13.8	14.26	13.92	13.8	102576.54	0.08	0.58	13.748	13.579	13.0	93621.57	90801.19	97846.96	2.15
2016-07-14	13.6	14.01	13.84	13.5	111066.59	0.21	1.54	13.638	13.488	12.882	87567.4	88822.39	98160.72	2.32
2016-07-13	13.61	13.77	13.63	13.4	72646.38	0.06	0.44	13.56	13.392	12.752	82184.01	90064.17	95841.72	1.52
2016-07-12	13.45	13.75	13.57	13.35	57065.71	-0.21	-1.52	13.592	13.353	12.632	91636.24	95270.97	96022.74	1.19
2016-07-11	13.37	14.0	13.78	13.1	124752.64	0.41	3.07	13.528	13.312	12.491	96992.05	106132.27	95656.82	2.61
2016-07-08	13.38	13.44	13.37	13.2	72305.66	-0.08	-0.59	13.41	13.173	12.34	87980.8	102224.93	94658.82	1.51
2016-07-07	13.77	13.79	13.45	13.38	84149.65	-0.34	-2.47	13.338	13.036	12.235	90077.38	104210.35	95078.21	1.76
2016-07-06	13.15	13.88	13.79	13.13	119907.53	0.54	4.08	13.224	12.897	12.121	97944.33	104729.89	97300.58	2.51
2016-07-05	13.11	13.3	13.25	13.01	83844.75	0.06	0.46	13.114	12.712	11.968	98905.69	100492.83	94170.69	1.75
2016-07-04	13.0	13.28	13.19	12.8	79696.41	0.18	1.38	13.096	12.547	11.837	115272.49	102072.77	92990.61	1.67
2016-07-01	12.88	13.27	13.01	12.81	82788.56	0.13	1.01	12.936	12.421	11.709	116469.06	104892.74	91505.76	1.73
2016-06-30	13.26	13.35	12.88	12.68	123484.39	-0.36	-2.72	12.734	12.276	11.592	118343.31	107499.05	91270.22	2.58
2016-06-29	13.1	13.59	13.24	13.1	124714.36	0.08	0.61	12.57	12.112	11.478	111515.45	101619.27	89197.24	2.61
2016-06-28	12.39	13.38	13.16	12.2	165678.73	0.77	6.21	12.31	11.911	11.32	102079.96	96774.51	84329.25	3.47
2016-06-27	11.85	12.45	12.39	11.82	85679.25	0.39	3.25	11.998	11.669	11.172	88873.05	85181.36	77826.41	1.79
2016-06-24	12.02	12.3	12.0	11.55	92159.82	-0.06	-0.5	11.906	11.506	11.066	93316.42	87092.71	75798.32	1.93
2016-06-23	11.94	12.4	12.06	11.9	89345.1	0.12	1.0	11.818	11.434	10.98	96654.78	85946.08	73715.12	1.87
2016-06-22	11.63	11.99	11.94	11.51	77536.89	0.34	2.93	11.654	11.345	10.893	91723.08	89871.26	71933.07	1.62
2016-06-21	11.86	12.2	11.6	11.41	99644.18	-0.33	-2.77	11.512	11.224	10.823	91469.07	87848.55	72502.92	2.09
2016-06-20	11.55	12.06	11.93	11.36	107896.13	0.37	3.2	11.34	11.126	10.753	81489.68	83908.45	70028.45	2.26
2016-06-17	11.2	11.74	11.56	11.16	108851.6	0.32	2.85	11.106	10.996	10.659	80868.99	78118.78	67232.09	2.28
2016-06-16	11.19	11.29	11.24	11.09	64686.6	0.01	0.09	11.05	10.908	10.577	75237.37	75041.39	65064.44	1.35
2016-06-15	10.52	11.4	11.23	10.4	76266.84	0.49	4.56	11.036	10.844	10.521	88019.45	76775.22	65933.34	1.6
2016-06-14	10.78	10.88	10.74	10.6	49747.23	-0.02	-0.19	10.936	10.729	10.452	84228.04	71883.98	64163.72	1.04
2016-06-13	11.03	11.14	10.76	10.73	104792.69	-0.52	-4.61	10.912	10.674	10.396	86327.23	70471.46	65911.71	2.19
2016-06-08	11.16	11.38	11.28	11.01	80693.49	0.11	0.98	10.886	10.626	10.367	75368.56	64503.93	64229.52	1.69
2016-06-07	10.73	11.47	11.17	10.65	128596.99	0.44	4.1	10.766	10.526	10.3	74845.41	61484.17	62045.2	2.69
2016-06-06	10.62	10.86	10.73	10.62	57309.78	0.11	1.04	10.652	10.441	10.239	65530.99	53994.87	59292.07	1.2
2016-06-03	10.71	10.78	10.62	10.52	60243.18	-0.01	-0.09	10.522	10.422	10.212	59539.92	57157.28	61884.73	1.26
2016-06-02	10.62	10.77	10.63	10.56	49999.36	-0.05	-0.47	10.436	10.379	10.247	54615.69	56148.45	65728.98	1.05
2016-06-01	10.72	10.87	10.68	10.54	78077.76	0.08	0.76	10.366	10.322	10.305	53639.3	56345.41	67764.85	1.63
2016-05-31	10.21	10.65	10.6	10.1	82024.85	0.52	5.16	10.286	10.246	10.371	48122.92	55087.5	72325.43	1.72
2016-05-30	10.03	10.28	10.08	10.01	27354.46	-0.11	-1.08	10.23	10.198	10.412	42458.76	55091.46	71127.23	0.57
2016-05-27	10.32	10.32	10.19	10.12	35622.01	-0.09	-0.88	10.322	10.175	10.46	54774.64	56443.47	72046.26	0.75
2016-05-26	10.3	10.3	10.28	10.0	45117.41	0.0	0.0	10.322	10.118	10.516	57681.21	61351.96	72831.02	0.94
2016-05-25	10.45	10.53	10.28	10.17	50495.85	-0.04	-0.39	10.278	10.108	10.57	59051.52	63955.12	73537.51	1.06
2016-05-24	10.53	10.59	10.32	10.28	53704.06	-0.22	-2.09	10.206	10.073	10.618	62052.08	62606.24	73049.24	1.12
2016-05-23	10.21	10.69	10.54	10.2	88933.86	0.35	3.44	10.166	10.037	10.657	67724.16	64589.27	72131.76	1.86
2016-05-20	9.99	10.27	10.19	9.85	50154.88	0.13	1.29	10.028	10.002	10.685	58112.29	66612.18	70618.81	1.05
2016-05-19	9.93	10.25	10.06	9.82	51968.94	0.14	1.41	9.914	10.115	10.736	65022.7	75309.52	71937.02	1.09
2016-05-18	9.91	10.03	9.92	9.7	65498.64	-0.2	-1.98	9.938	10.288	10.795	68858.71	79184.28	76008.62	1.37
2016-05-17	9.88	10.27	10.12	9.79	82064.5	0.27	2.74	9.94	10.495	10.897	63160.4	89563.37	77320.7	1.72
2016-05-16	9.65	9.87	9.85	9.51	40874.5	0.23	2.39	9.908	10.625	10.975	61454.37	87163.0	77100.16	0.86
2016-05-13	10.03	10.24	9.62	9.54	84706.91	-0.56	-5.5	9.976	10.745	11.083	75112.07	87649.06	79040.38	1.77
2016-05-12	9.86	10.25	10.18	9.8	71149.02	0.25	2.52	10.316	10.913	11.213	85596.34	84310.08	79883.75	1.49
2016-05-11	10.02	10.12	9.93	9.8	37007.05	-0.03	-0.3	10.638	11.032	11.298	89509.85	83119.9	82381.26	0.77
2016-05-10	10.19	10.3	9.96	9.89	73534.35	-0.23	-2.26	11.05	11.163	11.395	115966.34	83492.24	84319.32	1.54
2016-05-09	11.05	11.29	10.19	10.19	109163.0	-1.13	-9.98	11.342	11.277	11.487	112871.63	79674.26	86190.95	2.28
2016-05-06	11.7	12.03	11.32	11.3	137128.27	-0.47	-3.99	11.514	11.368	11.557	100186.06	74625.45	86352.32	2.87
2016-05-05	11.75	11.97	11.79	11.74	90716.6	-0.2	-1.67	11.51	11.356	11.577	83023.82	68564.51	86377.19	1.9
2016-05-04	11.4	12.28	11.99	11.3	169289.5	0.57	4.99	11.426	11.302	11.587	76729.95	72832.95	91402.05	3.54
2016-05-03	11.12	11.46	11.42	10.95	58060.79	0.37	3.35	11.276	11.299	11.554	51018.13	65078.02	88924.71	1.22
2016-04-29	11.28	11.28	11.05	10.99	45735.15	-0.25	-2.21	11.212	11.325	11.528	46476.89	67037.33	90645.8	0.96
2016-04-28	11.4	11.45	11.3	10.98	51317.04	-0.07	-0.62	11.222	11.421	11.532	49064.83	70431.69	93993.89	1.07
2016-04-27	11.2	11.45	11.37	11.15	59247.27	0.13	1.16	11.202	11.513	11.517	54105.21	75457.42	96415.92	1.24
2016-04-26	10.96	11.27	11.24	10.96	40730.42	0.14	1.26	11.178	11.564	11.471	68935.95	81642.61	97254.8	0.85
2016-04-25	11.15	11.18	11.1	10.85	35354.58	0.0	0.0	11.322	11.626	11.453	79137.91	85146.41	101960.58	0.74
2016-04-22	11.05	11.28	11.1	10.9	58674.85	-0.09	-0.8	11.438	11.696	11.439	87597.77	92707.64	104110.45	1.23
2016-04-21	11.34	11.48	11.2	11.0	76518.94	-0.05	-0.44	11.62	11.746	11.414	91798.55	98079.2	105926.88	1.6
2016-04-20	11.9	12.14	11.25	10.88	133400.98	-0.71	-5.94	11.824	11.797	11.406	96809.63	104189.88	106021.3	2.79
2016-04-19	11.79	12.06	11.96	11.71	91740.21	0.28	2.4	11.95	11.872	11.39	94349.27	109971.15	103922.84	1.92
2016-04-18	11.95	12.01	11.68	11.54	77653.86	-0.33	-2.75	11.93	11.808	11.352	91154.9	112771.39	108919.86	1.63
2016-04-15	12.23	12.27	12.01	11.9	79678.74	-0.21	-1.72	11.954	11.731	11.313	97817.52	114254.27	111375.26	1.67
2016-04-14	12.06	12.3	12.22	11.9	101574.36	0.34	2.86	11.872	11.643	11.227	104359.86	117556.1	113478.87	2.13
2016-04-13	11.88	12.3	11.88	11.86	121099.16	0.02	0.17	11.77	11.52	11.098	111570.12	117374.41	111353.29	2.53
2016-04-12	11.75	11.9	11.86	11.6	75768.39	0.06	0.51	11.794	11.377	10.991	125593.03	112867.0	108328.53	1.59
2016-04-11	11.59	11.93	11.8	11.59	110966.93	0.2	1.72	11.686	11.279	10.891	134387.89	118774.76	109933.45	2.32
2016-04-08	11.51	11.71	11.6	11.04	112390.44	-0.11	-0.94	11.508	11.181	10.766	130691.03	115513.25	106540.76	2.35
2016-04-07	11.94	12.02	11.71	11.6	137625.69	-0.29	-2.42	11.414	11.081	10.653	130752.34	113774.56	105103.39	2.88
2016-04-06	11.25	12.11	12.0	11.21	191213.69	0.68	6.01	11.27	11.014	10.552	123178.71	107852.71	103852.69	4.0
2016-04-05	10.89	11.45	11.32	10.81	119742.68	0.41	3.76	10.96	10.908	10.448	100140.97	97874.53	100430.53	2.51
2016-04-01	11.05	11.1	10.91	10.7	92482.67	-0.22	-1.98	10.872	10.895	10.348	103161.64	105068.33	97476.88	1.94
2016-03-31	11.05	11.35	11.13	11.0	112696.97	0.14	1.27	10.854	10.894	10.25	100335.47	108496.25	97629.24	2.36
2016-03-30	10.56	11.05	10.99	10.51	99757.52	0.54	5.17	10.748	10.81	10.178	96796.78	109401.65	96585.77	2.09
2016-03-29	10.8	10.88	10.45	10.28	76024.99	-0.43	-3.95	10.758	10.676	10.116	92526.72	105332.16	96242.9	1.59
2016-03-28	10.93	11.33	10.88	10.76	134846.03	0.06	0.56	10.856	10.605	10.061	95608.1	103790.07	96942.73	2.82
2016-03-25	10.64	10.87	10.82	10.5	78351.83	0.22	2.08	10.918	10.503	9.967	106975.02	101092.14	95588.58	1.64
2016-03-24	10.88	10.97	10.6	10.58	95003.54	-0.44	-3.99	10.934	10.351	9.924	116657.03	97568.28	96839.96	1.99
2016-03-23	10.94	11.15	11.04	10.87	78407.22	0.1	0.91	10.872	10.224	9.909	122006.52	96432.22	98488.06	1.64
2016-03-22	10.95	11.11	10.94	10.81	91431.89	-0.25	-2.23	10.594	10.09	9.93	118137.6	99852.67	101086.7	1.91
2016-03-21	11.15	11.34	11.19	10.73	191680.64	0.29	2.66	10.354	9.987	9.98	111972.04	102986.52	99746.25	4.01
2016-03-18	10.33	11.03	10.9	10.19	126761.88	0.61	5.93	10.088	9.8	10.02	95209.26	89885.43	95315.4	2.65
2016-03-17	9.74	10.33	10.29	9.63	121750.97	0.64	6.63	9.768	9.605	10.065	78479.52	86762.22	93496.68	2.55
2016-03-16	9.96	10.02	9.65	9.57	59062.62	-0.09	-0.92	9.576	9.546	10.143	70857.91	83769.89	93875.23	1.24
2016-03-15	9.9	9.95	9.74	9.64	60604.11	-0.12	-1.22	9.586	9.556	10.278	81567.74	87153.65	97987.81	1.27
2016-03-14	9.4	10.07	9.86	9.4	107866.7	0.56	6.02	9.62	9.517	10.383	94000.99	90095.39	100654.68	2.26
2016-03-11	9.31	9.43	9.3	9.1	43113.18	-0.03	-0.32	9.512	9.431	10.451	84561.6	90085.03	100213.53	0.9
2016-03-10	9.85	9.87	9.33	9.26	83642.96	-0.37	-3.81	9.442	9.496	10.537	95044.93	96111.65	100949.43	1.75
2016-03-09	9.77	10.09	9.7	9.52	112611.77	-0.21	-2.12	9.516	9.594	10.628	96681.87	100543.9	104190.53	2.36
2016-03-08	9.37	10.1	9.91	8.9	122770.36	0.59	6.33	9.526	9.77	10.673	92739.55	102320.73	105993.21	2.57
2016-03-07	8.96	9.47	9.32	8.96	60669.74	0.37	4.13	9.414	9.973	10.697	86189.79	96505.98	110268.46	1.27
2016-03-04	9.7	9.8	8.95	8.88	95529.8	-0.75	-7.73	9.35	10.239	10.713	95608.46	100745.37	116820.52	2.0
2016-03-03	9.75	10.14	9.7	9.68	91827.67	-0.05	-0.51	9.55	10.524	10.8	97178.38	100231.14	125375.42	1.92
2016-03-02	9.26	9.85	9.75	9.15	92900.17	0.4	4.28	9.672	10.739	10.873	104405.94	103980.57	126804.52	1.94
2016-03-01	9.09	9.55	9.35	8.6	90021.59	0.35	3.89	10.014	11.0	11.005	111901.9	108821.97	130507.28	1.88
2016-02-29	9.78	9.91	9.0	8.96	107763.05	-0.95	-9.55	10.532	11.249	11.158	106822.17	111213.97	131182.66	2.26
2016-02-26	10.3	10.48	9.95	9.7	103379.42	-0.36	-3.49	11.128	11.47	11.385	105882.28	110342.03	131692.78	2.16
2016-02-25	11.44	11.44	10.31	10.31	127965.47	-1.15	-10.04	11.498	11.578	11.538	103283.9	105787.2	136406.83	2.68
2016-02-24	11.84	12.09	11.46	11.07	130379.98	-0.48	-4.02	11.806	11.661	11.668	103555.2	107837.16	136505.37	2.73
2016-02-23	11.97	12.04	11.94	11.75	64622.95	-0.04	-0.33	11.986	11.575	11.806	105742.05	109665.69	135823.01	1.35
2016-02-22	11.98	12.14	11.98	11.78	103063.57	0.18	1.52	11.966	11.421	11.952	115605.77	124030.94	141903.4	2.16
2016-02-19	11.94	12.04	11.8	11.62	90387.54	-0.05	-0.42	11.812	11.186	12.034	114801.78	132895.67	142746.24	1.89
2016-02-18	12.44	12.49	11.85	11.8	129321.97	-0.51	-4.13	11.658	11.076	12.109	108290.49	150519.7	142578.67	2.71
2016-02-17	11.88	12.65	12.36	11.69	141314.2	0.52	4.39	11.516	11.006	12.222	112119.11	149628.47	141992.36	2.96
2016-02-16	11.37	12.2	11.84	11.3	113941.56	0.63	5.62	11.164	11.009	12.284	113589.32	152192.58	139875.81	2.38
2016-02-15	10.55	11.5	11.21	10.55	99043.64	0.18	1.63	10.876	11.066	12.413	132456.12	151151.35	141363.99	2.07
2016-02-05	11.16	11.39	11.03	11.0	57831.09	-0.11	-0.99	10.56	11.299	12.545	150989.56	153043.53	143508.56	1.21
2016-02-04	10.66	11.47	11.14	10.6	148465.06	0.54	5.09	10.494	11.498	12.762	192748.92	167026.46	149294.32	3.11
2016-02-03	10.16	10.77	10.6	9.93	148665.27	0.2	1.92	10.496	11.675	12.959	187137.83	165173.57	142654.31	3.11
2016-02-02	9.76	10.59	10.4	9.7	208275.53	0.77	8.0	10.854	12.036	13.267	190795.84	161980.35	139816.03	4.36
2016-02-01	10.42	10.63	9.63	9.63	191710.84	-1.07	-10.0	11.256	12.482	13.567	169846.59	159775.85	137116.96	4.01
2016-01-29	10.6	11.26	10.7	10.04	266627.88	-0.45	-4.04	12.038	12.881	13.976	155097.5	152596.8	131648.18	5.58
2016-01-28	12.12	12.18	11.15	11.15	120409.65	-1.24	-10.01	12.502	13.141	14.431	141304.0	134637.63	122812.82	2.52
2016-01-27	12.48	12.62	12.39	11.28	166955.3	-0.02	-0.16	12.854	13.437	14.849	143209.31	134356.26	121085.9	3.49
2016-01-26	13.18	13.54	12.41	12.2	103529.27	-1.13	-8.35	13.218	13.558	15.182	133164.85	127559.04	115889.88	2.17
2016-01-25	13.2	14.0	13.54	13.16	117965.42	0.52	3.99	13.708	13.76	15.507	149705.11	131576.63	117473.07	2.47
2016-01-22	12.88	13.4	13.02	12.15	197660.34	0.11	0.85	13.724	13.79	15.765	150096.1	133973.6	114323.05	4.14
2016-01-21	13.81	14.51	12.91	12.79	129936.24	-1.3	-9.15	13.78	14.026	16.049	127971.26	131562.18	107956.8	2.72
2016-01-20	14.4	14.95	14.21	14.0	116732.98	-0.65	-4.37	14.02	14.243	16.364	125503.2	120135.05	105847.16	2.44
2016-01-19	13.55	14.98	14.86	13.25	186230.56	1.24	9.1	13.898	14.497	16.617	121953.23	117651.71	105923.66	3.9
2016-01-18	13.43	13.88	13.62	13.09	119920.39	0.32	2.41	13.812	14.651	16.821	113448.14	114458.08	102858.66	2.51
2016-01-15	14.09	14.1	13.3	12.96	87036.11	-0.81	-5.74	13.856	15.071	17.11	117851.09	110699.56	101423.7	1.82
2016-01-14	13.35	14.53	14.11	12.88	117595.96	0.51	3.75	14.272	15.721	17.432	135153.1	110988.01	103855.54	2.46
2016-01-13	14.6	14.88	13.6	13.48	98983.12	-0.83	-5.75	14.466	16.26	17.712	114766.91	107815.53	106239.96	2.07
2016-01-12	13.84	14.55	14.43	12.75	143705.14	0.59	4.26	15.096	16.805	18.005	113350.2	104220.73	109465.44	3.01
2016-01-11	14.9	15.92	13.84	13.84	141935.12	-1.54	-10.01	15.49	17.253	18.168	115468.01	103369.52	108225.25	2.97
2016-01-08	15.17	16.38	15.38	13.59	173546.16	0.3	1.99	16.286	17.739	18.333	103548.03	94672.51	106089.05	3.63
2016-01-07	16.2	16.26	15.08	15.08	15665.0	-1.67	-9.97	17.17	18.071	18.43	86822.91	84351.43	103339.32	0.33
2016-01-06	16.8	16.96	16.75	15.72	91899.56	0.35	2.13	18.054	18.485	18.515	100864.16	91559.27	111026.88	1.92
2016-01-05	16.31	17.66	16.4	16.04	154294.2	-1.42	-7.97	18.514	18.736	18.54	95091.26	94195.6	115053.55	3.23
2016-01-04	20.02	20.6	17.82	17.82	82335.22	-1.98	-10.0	19.016	18.991	18.618	91271.03	91259.25	121991.86	1.72
2015-12-31	19.55	20.08	19.8	19.2	89920.57	0.3	1.54	19.192	19.149	18.582	85796.99	92147.84	129444.23	1.88
2015-12-30	19.19	19.79	19.5	18.86	85871.24	0.45	2.36	18.972	19.143	18.423	81879.95	96723.08	132331.57	1.79
2015-12-29	18.93	19.15	19.05	18.43	63035.08	0.14	0.74	18.916	19.163	18.204	82254.39	104664.39	136442.77	1.31
2015-12-28	18.96	19.63	18.91	18.69	135193.02	0.21	1.12	18.958	19.204	18.091	93299.94	114710.16	143400.14	2.82
2015-12-25	19.28	19.36	18.7	18.39	54965.06	0.0	0.0	18.966	19.082	17.96	91247.47	113080.98	151463.21	1.15
2015-12-24	19.38	19.55	18.7	18.4	70335.33	-0.52	-2.71	19.106	18.927	17.778	98498.68	117505.6	163779.89	1.47
2015-12-23	18.89	19.88	19.22	18.89	87743.46	-0.04	-0.21	19.314	18.789	17.584	111566.22	122327.21	169402.14	1.83
2015-12-22	19.0	20.1	19.26	18.7	118262.83	0.31	1.64	19.41	18.545	17.358	127074.39	130494.48	174009.99	2.46
2015-12-21	18.94	19.3	18.95	17.8	124930.69	-0.45	-2.32	19.45	18.343	17.101	136120.37	135911.49	182567.46	2.6
2015-12-18	19.68	19.73	19.4	19.3	91221.09	-0.34	-1.72	19.198	18.245	16.851	134914.48	152724.47	192836.24	1.9
2015-12-17	19.88	20.0	19.74	19.28	135673.03	0.04	0.2	18.748	18.015	16.515	136512.52	166740.62	195098.22	2.83
2015-12-16	19.7	20.5	19.7	19.01	165284.3	0.24	1.23	18.264	17.703	16.17	133088.2	167940.06	195444.1	3.44
2015-12-15	17.79	19.46	19.46	17.65	163492.75	1.77	10.01	17.68	17.244	15.809	133914.58	168221.15	193254.02	3.41
2015-12-14	17.2	17.82	17.69	16.98	118901.22	0.54	3.15	17.236	16.977	15.485	135702.61	172090.13	190928.21	2.48
2015-12-11	17.26	17.66	17.15	16.4	99211.28	-0.17	-0.98	17.292	16.837	15.245	170534.46	189845.44	191597.46	2.07
2015-12-10	16.8	17.88	17.32	16.8	118551.43	0.54	3.22	17.282	16.628	15.04	196968.72	210054.19	190860.96	2.47
2015-12-09	16.99	18.01	16.78	16.6	169416.22	-0.46	-2.67	17.142	16.378	14.845	202791.92	216477.07	190774.32	3.53
2015-12-08	17.94	18.04	17.24	17.01	172432.91	-0.73	-4.06	16.808	16.17	14.681	202527.71	217525.49	188490.2	3.59
2015-12-07	16.86	18.78	17.97	16.86	293060.47	0.87	5.09	16.718	15.858	14.502	208477.64	229223.43	185588.15	6.11
2015-12-04	17.28	17.66	17.1	16.68	231382.59	0.48	2.89	16.382	15.456	14.295	209156.42	232948.01	180179.67	4.82
2015-12-03	15.2	16.62	16.62	15.2	147667.39	1.51	9.99	15.974	15.014	14.144	223139.65	223455.81	185060.12	3.08
2015-12-02	16.5	16.79	15.11	15.11	168095.2	-1.68	-10.01	15.614	14.636	13.953	230162.22	222948.14	190477.09	3.5
2015-12-01	16.3	17.04	16.79	15.71	202182.56	0.5	3.07	15.532	14.373	13.806	232523.27	218286.89	189605.35	4.21
2015-11-30	15.1	16.56	16.29	14.5	296454.34	1.23	8.17	14.998	13.992	13.539	249969.22	209766.3	182324.82	6.18
2015-11-27	14.67	16.15	15.06	14.56	301298.75	0.24	1.62	14.53	13.653	13.295	256739.6	193349.48	171769.97	6.28
2015-11-26	14.56	15.2	14.82	14.5	182780.23	0.12	0.82	14.054	13.451	13.118	223771.97	171667.72	161144.0	3.81
2015-11-25	14.23	14.86	14.7	14.2	179900.48	0.58	4.11	13.658	13.312	12.945	215734.07	165071.57	155616.45	3.75
2015-11-24	13.96	14.55	14.12	13.88	289412.28	0.17	1.22	13.214	13.191	12.774	204050.51	159454.9	150912.57	6.03
2015-11-23	12.56	13.95	13.95	12.56	330306.25	1.27	10.02	12.986	13.146	12.655	169563.37	141952.87	143378.87	6.88
2015-11-20	12.81	12.9	12.68	12.49	136460.62	-0.16	-1.25	12.776	13.134	12.525	129959.36	127411.33	135782.16	2.84
2015-11-19	12.35	12.86	12.84	12.2	142590.7	0.36	2.88	12.848	13.274	12.476	119563.48	146664.42	137271.07	2.97
2015-11-18	12.95	13.19	12.48	12.21	121482.68	-0.5	-3.85	12.966	13.27	12.408	114409.08	158006.03	139011.18	2.53
2015-11-17	13.02	13.35	12.98	12.89	116976.62	0.08	0.62	13.168	13.239	12.324	114859.3	160923.81	145172.42	2.44
2015-11-16	12.82	13.3	12.9	12.7	132286.2	-0.14	-1.07	13.306	13.085	12.275	114342.37	154883.34	148826.51	2.76
2015-11-13	13.33	13.33	13.04	12.99	84481.19	-0.39	-2.9	13.492	12.936	12.224	124863.3	150190.47	151399.07	1.76
2015-11-12	13.4	13.5	13.43	12.99	116818.72	-0.06	-0.45	13.7	12.784	12.194	173765.36	150620.27	158950.58	2.43
2015-11-11	13.79	14.05	13.49	13.35	123733.77	-0.18	-1.32	13.574	12.578	12.113	201602.99	146161.32	165437.96	2.58
2015-11-10	13.68	13.89	13.67	13.37	114391.99	-0.16	-1.16	13.31	12.357	11.975	206988.31	142370.23	167456.18	2.38
2015-11-09	14.1	14.15	13.83	13.51	184890.81	-0.25	-1.78	12.864	12.163	11.81	195424.3	144804.86	168562.54	3.85
2015-11-06	12.7	14.08	14.08	12.55	328991.53	1.28	10.0	12.38	11.916	11.636	175517.63	144153.0	167911.03	6.85
2015-11-05	12.3	12.96	12.8	11.9	256006.83	0.63	5.18	11.868	11.678	11.446	127475.17	127877.72	160250.06	5.33
2015-11-04	11.48	12.18	12.17	11.48	150660.41	0.73	6.38	11.582	11.546	11.286	90719.65	120016.33	152841.04	3.14
2015-11-03	11.48	11.6	11.44	11.28	56571.92	0.03	0.26	11.404	11.409	11.136	77752.14	129421.03	145425.42	1.18
2015-11-02	11.3	11.86	11.41	11.02	85357.48	-0.11	-0.95	11.462	11.465	11.019	94185.42	142769.67	146733.9	1.78
2015-10-30	11.48	11.9	11.52	11.21	88779.21	0.15	1.32	11.452	11.512	10.894	112788.36	152607.67	147792.31	1.85
2015-10-29	11.49	11.67	11.37	11.0	72229.23	0.09	0.8	11.488	11.603	10.762	128280.27	167280.9	148445.36	1.5
2015-10-28	11.8	11.85	11.28	11.25	85822.87	-0.45	-3.84	11.51	11.647	10.611	149313.02	184714.61	149160.39	1.79
2015-10-27	11.41	11.81	11.73	11.2	138738.31	0.37	3.26	11.414	11.593	10.487	181089.91	192542.13	149459.14	2.89
2015-10-26	11.79	11.88	11.36	10.99	178372.16	-0.34	-2.91	11.468	11.456	10.337	191353.93	192320.22	149708.32	3.72
2015-10-23	11.48	12.13	11.7	11.35	166238.78	0.22	1.92	11.572	11.355	10.211	192426.98	191669.06	149789.05	3.46
2015-10-22	10.69	11.55	11.48	10.59	177392.97	0.68	6.3	11.718	11.214	10.041	206281.53	192622.41	145626.91	3.7
2015-10-21	12.09	12.09	10.8	10.8	244707.33	-1.2	-10.0	11.784	11.026	9.869	220116.19	185665.75	141051.71	5.1
2015-10-20	11.8	12.18	12.0	11.7	190058.39	0.12	1.01	11.772	10.863	9.731	203994.35	161429.81	140000.85	3.96
2015-10-19	12.4	12.59	11.88	11.79	183737.41	-0.55	-4.42	11.444	10.573	9.545	193286.51	150698.12	139366.79	3.83
2015-10-16	11.93	12.6	12.43	11.61	235511.56	0.62	5.25	11.138	10.275	9.328	190911.13	142976.96	140002.35	4.91
2015-10-15	10.9	11.81	11.81	10.6	246566.28	1.07	9.96	10.71	9.92	9.117	178963.28	129609.82	146292.26	5.14
2015-10-14	10.36	10.99	10.74	10.21	164098.12	0.38	3.67	10.268	9.575	8.92	151215.3	113606.17	140471.61	3.42
2015-10-13	10.35	10.57	10.36	10.1	136519.19	0.01	0.1	9.954	9.381	8.765	118865.27	106376.15	138581.06	2.84
2015-10-12	10.3	10.83	10.35	10.1	171860.52	0.06	0.58	9.702	9.218	8.628	108109.72	107096.42	138362.42	3.58
2015-10-09	9.5	10.46	10.29	9.47	175772.31	0.69	7.19	9.412	9.066	8.478	95042.79	107909.05	133871.96	3.66
2015-10-08	9.4	9.69	9.6	9.2	107826.35	0.5	5.5	9.13	8.867	8.31	80256.35	98631.42	128302.79	2.25
2015-10-07	9.15	9.2	9.17	9.13	2348.0	0.07	0.77	8.882	8.712	8.167	75997.05	96437.68	126428.94	0.05
2015-09-30	8.9	9.3	9.1	8.85	82741.44	0.2	2.25	8.808	8.598	8.057	93887.03	118571.88	131407.74	1.72
2015-09-29	8.76	9.2	8.9	8.65	106525.83	0.02	0.23	8.734	8.517	7.962	106083.13	128035.46	132438.85	2.22
2015-09-28	8.35	8.94	8.88	8.35	101840.14	0.52	6.22	8.72	8.381	7.902	120775.31	137027.74	134018.68	2.12
2015-09-25	8.8	8.8	8.36	8.29	86529.84	-0.44	-5.0	8.604	8.313	7.813	117006.49	162974.7	134261.86	1.8
2015-09-24	8.6	8.84	8.8	8.6	91797.91	0.07	0.8	8.542	8.265	7.739	116878.31	167337.05	136839.87	1.91
2015-09-23	8.7	8.99	8.73	8.51	143721.91	-0.1	-1.13	8.388	8.148	7.671	143256.73	170785.97	137148.56	2.99
2015-09-22	8.35	8.99	8.83	8.21	179986.73	0.53	6.39	8.3	8.038	7.648	149987.8	169628.41	135045.41	3.75
2015-09-21	8.0	8.42	8.3	7.9	82996.05	0.25	3.11	8.042	7.89	7.666	153280.17	159834.87	132680.22	1.73
2015-09-18	7.93	8.18	8.05	7.85	85888.97	0.02	0.25	8.022	7.753	7.711	208942.92	157974.16	133600.11	1.79
2015-09-17	8.22	8.61	8.03	8.03	223689.98	-0.26	-3.14	7.988	7.622	7.794	217795.79	156420.19	138220.44	4.66
2015-09-16	7.5	8.29	8.29	7.5	177377.25	0.75	9.95	7.908	7.515	7.868	198315.21	144243.6	137100.46	3.7
2015-09-15	7.95	8.18	7.54	7.42	196448.58	-0.66	-8.05	7.776	7.406	7.982	189269.02	136842.23	135271.28	4.09
2015-09-14	7.99	8.67	8.2	7.82	361309.81	0.32	4.06	7.738	7.422	8.138	166389.58	131009.62	133309.24	7.53
2015-09-11	7.63	7.93	7.88	7.6	130153.35	0.25	3.28	7.484	7.312	8.265	107005.41	105549.02	122323.83	2.71
2015-09-10	7.48	7.8	7.63	7.39	126287.05	0.0	0.0	7.256	7.212	8.401	95044.58	106342.69	123207.01	2.63
2015-09-09	7.38	7.75	7.63	7.3	132146.3	0.28	3.81	7.122	7.193	8.551	90171.99	103511.15	127193.82	2.75
2015-09-08	6.93	7.39	7.35	6.83	82051.4	0.42	6.06	7.036	7.257	8.712	84415.45	100462.42	133162.88	1.71
2015-09-07	6.93	7.12	6.93	6.81	64388.93	0.19	2.82	7.106	7.441	8.859	95629.67	105525.57	136766.27	1.34
2015-09-02	6.6	7.21	6.74	6.55	70349.24	-0.22	-3.16	7.14	7.669	9.016	104092.63	109226.06	139306.51	1.47
2015-09-01	7.2	7.45	6.96	6.86	101924.1	-0.24	-3.33	7.168	7.965	9.18	117640.8	120020.69	146891.87	2.12
2015-08-31	7.58	7.59	7.2	7.19	103363.58	-0.5	-6.49	7.264	8.22	9.361	116850.31	129957.33	152505.37	2.15
2015-08-28	7.2	7.71	7.7	7.09	138122.48	0.6	8.45	7.478	8.557	9.493	116509.39	133700.32	158196.52	2.88
2015-08-27	7.05	7.25	7.1	6.53	106703.74	0.22	3.2	7.776	8.853	9.621	115421.47	135608.85	167788.79	2.22
2015-08-26	7.7	7.7	6.88	6.75	138090.08	-0.56	-7.53	8.198	9.217	9.835	114359.49	139098.64	189286.95	2.88
2015-08-25	7.5	7.8	7.44	7.44	97971.69	-0.83	-10.04	8.762	9.589	10.124	122400.59	140071.34	183309.59	2.04
2015-08-24	8.93	8.93	8.27	8.27	101658.98	-0.92	-10.01	9.176	9.908	10.455	143064.34	150876.48	178597.76	2.12
2015-08-21	9.19	9.63	9.19	8.72	132682.86	-0.02	-0.22	9.636	10.166	10.824	150891.24	165863.35	185453.46	2.76
2015-08-20	9.5	9.68	9.21	9.16	101393.86	-0.49	-5.05	9.93	10.276	11.152	155796.23	168006.98	191871.63	2.11
2015-08-19	9.18	9.75	9.7	8.68	178295.55	0.19	2.0	10.236	10.363	11.472	163837.78	169386.97	196346.33	3.71
2015-08-18	10.58	10.78	9.51	9.51	201290.44	-1.06	-10.03	10.416	10.394	11.777	157742.09	173763.05	198280.03	4.19
2015-08-17	10.53	10.57	10.57	10.29	140793.48	-0.09	-0.84	10.64	10.501	12.075	158688.62	175053.4	197323.58	2.93
2015-08-14	10.8	10.97	10.66	10.6	157207.81	-0.08	-0.74	10.696	10.429	12.317	180835.46	182692.71	202236.96	3.28
2015-08-13	10.58	10.79	10.74	10.21	141601.64	0.14	1.32	10.622	10.388	12.599	180217.73	199968.72	208369.09	2.95
2015-08-12	10.63	10.98	10.6	10.53	147817.08	-0.03	-0.28	10.49	10.453	12.891	174936.15	239475.25	215438.73	3.08
2015-08-11	10.77	10.87	10.63	10.58	206023.09	-0.22	-2.03	10.372	10.658	13.171	189784.01	226547.84	225143.21	4.29
2015-08-10	10.3	10.99	10.85	10.3	251527.66	0.56	5.44	10.362	11.001	13.42	191418.19	206319.03	231856.01	5.24
2015-08-07	10.13	10.39	10.29	10.06	154119.19	0.21	2.08	10.162	11.481	13.621	184549.97	205043.58	230815.09	3.21
2015-08-06	9.81	10.21	10.08	9.7	115193.72	0.07	0.7	10.154	12.027	13.805	219719.71	215736.28	234797.34	2.4
2015-08-05	10.35	10.5	10.01	9.95	222056.39	-0.57	-5.39	10.416	12.581	14.006	304014.35	223305.69	245042.65	4.63
2015-08-04	9.95	10.6	10.58	9.95	214193.98	0.73	7.41	10.944	13.16	14.268	263311.68	222797.01	247906.24	4.46
2015-08-03	9.88	10.45	9.85	9.58	217186.58	-0.4	-3.9	11.64	13.648	14.502	221219.88	219593.76	252886.63	4.52
2015-07-31	10.6	10.87	10.25	10.25	329967.88	-1.14	-10.01	12.8	14.204	14.752	225537.19	221781.2	258163.15	6.87
2015-07-30	11.52	12.44	11.39	11.39	536666.94	-1.26	-9.96	13.9	14.809	14.976	211752.85	216769.46	268437.32	11.18
2015-07-29	12.65	12.65	12.65	12.65	18543.0	-1.41	-10.03	14.746	15.328	15.133	142597.02	191402.21	251851.07	0.39
2015-07-28	14.06	14.06	14.06	14.06	3735.0	-1.56	-9.99	15.376	15.684	15.162	182282.34	223738.58	269434.42	0.08
2015-06-15	15.86	16.06	15.65	15.2	238773.12	-0.1	-0.64	15.656	15.838	15.1	217967.65	257393.0	282604.58	4.97
2015-06-12	15.61	15.85	15.75	15.24	261046.2	0.13	0.83	15.608	15.761	14.954	218025.21	256586.61	286263.48	5.44
2015-06-11	15.66	16.0	15.62	15.39	190887.78	-0.18	-1.14	15.718	15.582	14.782	221786.07	253858.39	286236.88	3.98
2015-06-10	15.42	16.11	15.8	14.94	216969.62	0.34	2.2	15.91	15.43	14.602	240207.41	266779.61	287373.21	4.52
2015-06-09	15.34	15.8	15.46	14.93	182161.52	0.05	0.32	15.992	15.375	14.408	265194.81	273015.47	286422.87	3.8
2015-06-08	16.1	16.12	15.41	15.19	239060.95	-0.89	-5.46	16.02	15.356	14.228	296818.34	286179.49	290623.16	4.98
2015-06-05	17.03	17.28	16.3	15.9	279850.47	-0.28	-1.69	15.914	15.3	14.047	295148.01	294545.1	292760.58	5.83
2015-06-04	16.1	16.93	16.58	15.04	282994.47	0.37	2.28	15.446	15.142	13.772	285930.72	320105.18	285638.82	5.9
2015-06-03	15.55	17.0	16.21	15.47	341906.66	0.61	3.91	14.95	14.938	13.456	293351.81	312299.92	277067.8	7.12
2015-06-02	15.15	15.7	15.6	14.65	340279.16	0.72	4.84	14.758	14.639	13.185	280836.13	315130.27	265187.8	7.09
2015-06-01	13.9	15.07	14.88	13.85	230709.27	0.92	6.59	14.692	14.361	12.961	275540.65	307816.16	253528.81	4.81
2015-05-29	14.0	14.46	13.96	12.81	233764.02	-0.14	-0.99	14.686	14.146	12.789	293942.2	315940.35	246735.17	4.87
2015-05-28	15.15	15.69	14.1	13.83	320099.94	-1.15	-7.54	14.838	13.982	12.669	354279.65	318615.37	241320.34	6.67
2015-05-27	15.2	15.64	15.25	14.51	279328.28	-0.02	-0.13	14.926	13.774	12.537	331248.04	307966.81	231018.49	5.82
2015-05-26	14.85	15.8	15.27	14.76	313801.72	0.42	2.83	14.52	13.44	12.339	349424.41	299830.27	225912.48	6.54
2015-05-25	14.0	14.99	14.85	13.86	322717.06	0.13	0.88	14.03	13.099	12.172	340091.68	295066.83	218578.25	6.72
2015-05-22	15.84	15.9	14.72	14.5	535451.25	0.18	1.24	13.606	12.793	12.026	337938.49	290976.05	210327.44	11.16
2015-05-21	13.29	14.54	14.54	13.29	204941.88	1.32	9.98	13.126	12.401	11.893	282951.09	251172.46	193938.57	4.27
2015-05-20	12.98	14.03	13.22	12.95	370210.12	0.4	3.12	12.622	11.974	11.762	284685.58	241835.67	194318.66	7.71
2015-05-19	12.72	12.88	12.82	12.36	267138.09	0.09	0.71	12.36	11.73	11.68	250236.14	215245.33	183782.41	5.57
2015-05-18	12.31	12.98	12.73	12.16	311951.12	0.41	3.33	12.168	11.561	11.594	250041.98	199241.46	180168.81	6.5
2015-05-15	12.02	12.5	12.32	11.49	260514.22	0.3	2.5	11.98	11.432	11.523	244013.6	177529.99	171989.16	5.43
2015-05-14	11.98	12.33	12.02	11.9	213614.36	0.11	0.92	11.676	11.355	11.469	219393.84	164025.32	166405.04	4.45
2015-05-13	11.64	12.05	11.91	11.39	197962.91	0.05	0.42	11.326	11.3	11.426	198985.76	154070.18	166027.33	4.12
2015-05-12	11.82	12.0	11.86	11.54	266167.31	0.07	0.59	11.1	11.237	11.43	180254.52	151994.69	164923.22	5.55
2015-05-11	10.99	11.88	11.79	10.9	281809.22	0.99	9.17	10.954	11.244	11.45	148440.95	142089.66	161585.19	5.87
2015-05-08	10.37	10.82	10.8	10.37	137415.41	0.53	5.16	10.884	11.258	11.465	111046.38	129678.83	156084.58	2.86
2015-05-07	10.79	10.94	10.27	10.21	111573.94	-0.51	-4.73	11.034	11.385	11.522	108656.79	136704.68	161574.93	2.32
2015-05-06	11.25	11.46	10.78	10.02	104306.71	-0.35	-3.15	11.274	11.55	11.626	109154.6	146801.66	170033.74	2.17
2015-05-05	11.5	11.5	11.13	11.05	107099.45	-0.31	-2.71	11.374	11.629	11.736	123734.86	152319.48	180217.53	2.23
2015-05-04	11.47	11.55	11.44	11.18	94836.41	-0.11	-0.95	11.534	11.626	11.809	135738.38	161096.15	197403.47	1.98
2015-04-30	11.52	11.9	11.55	11.48	125467.45	0.08	0.7	11.632	11.614	11.858	148311.28	166448.33	214892.24	2.61
2015-04-29	11.24	11.64	11.47	11.13	114062.97	0.19	1.68	11.736	11.583	11.845	164752.57	168784.76	219431.8	2.38
2015-04-28	11.94	12.0	11.28	11.18	177208.0	-0.65	-5.45	11.826	11.551	11.821	184448.72	177984.47	225574.92	3.69
2015-04-27	11.88	12.28	11.93	11.87	167117.06	0.0	0.0	11.884	11.623	11.822	180904.11	177851.75	226589.52	3.48
2015-04-24	11.95	12.07	11.93	11.75	157700.92	-0.14	-1.16	11.718	11.655	11.804	186453.93	181080.72	231156.42	3.29
2015-04-23	11.96	12.27	12.07	11.82	207673.88	0.15	1.26	11.596	11.671	11.771	184585.38	182490.33	236197.32	4.33
2015-04-22	11.6	12.19	11.92	11.6	212543.73	0.35	3.02	11.43	11.659	11.729	172816.95	186445.19	236768.7	4.43
2015-04-21	11.11	11.65	11.57	11.11	159484.94	0.47	4.23	11.276	11.701	11.695	171520.23	193265.83	240791.74	3.32
2015-04-20	11.3	11.51	11.1	11.03	194866.16	-0.22	-1.94	11.362	11.842	11.688	174799.4	208115.57	245802.68	4.06
2015-04-17	11.35	11.59	11.32	11.3	148358.17	0.08	0.71	11.592	11.992	11.675	175707.51	233710.78	252304.34	3.09
2015-04-16	11.03	11.44	11.24	10.94	148831.73	0.09	0.81	11.746	12.102	11.622	180395.28	263336.14	254662.26	3.1
2015-04-15	11.94	11.94	11.15	11.15	206060.16	-0.85	-7.08	11.888	12.107	11.572	200073.43	270078.83	256860.92	4.29
2015-04-14	12.26	12.4	12.0	11.86	175880.78	-0.25	-2.04	12.126	12.091	11.521	215011.42	273165.37	262107.43	3.66
2015-04-13	12.05	12.5	12.25	11.88	199406.7	0.16	1.32	12.322	12.021	11.411	241431.75	275327.29	263106.58	4.15
2015-04-10	11.8	12.3	12.09	11.68	171797.03	0.14	1.17	12.392	11.952	11.269	291714.06	281232.13	257844.5	3.58
2015-04-09	12.4	12.4	11.95	11.21	247222.47	-0.39	-3.16	12.458	11.871	11.126	346277.01	289904.32	255848.63	5.15
2015-04-08	13.0	13.01	12.34	12.2	280750.12	-0.64	-4.93	12.326	11.799	10.998	340084.24	287092.21	248658.62	5.85
2015-04-07	12.57	13.5	12.98	12.34	307982.41	0.38	3.02	12.056	11.689	10.852	331319.32	288317.66	240778.63	6.42
2015-04-03	12.3	12.96	12.6	12.03	450818.25	0.18	1.45	11.72	11.533	10.668	309222.84	283489.78	229379.89	9.39
2015-04-02	11.28	12.42	12.42	11.2	444611.78	1.13	10.01	11.512	11.358	10.496	270750.2	270897.9	213345.73	9.26
2015-04-01	11.3	11.35	11.29	11.03	216258.64	0.3	2.73	11.284	11.141	10.346	233531.63	245988.37	200013.5	4.51
2015-03-31	11.21	11.21	10.99	10.9	236925.52	-0.31	-2.74	11.272	11.036	10.256	234100.18	243643.0	202374.07	4.94
2015-03-30	11.65	11.65	11.3	11.26	197500.02	-0.26	-2.25	11.322	10.95	10.157	245316.0	251049.49	196651.98	4.11
2015-03-27	11.25	11.79	11.56	11.05	258455.02	0.28	2.48	11.346	10.801	10.048	257756.71	250885.87	192998.18	5.38
2015-03-26	11.19	11.36	11.28	10.75	258518.95	0.05	0.45	11.204	10.586	9.918	271045.6	234456.88	184933.69	5.39
2015-03-25	11.21	11.23	11.23	10.87	219101.41	-0.01	-0.09	10.998	10.381	9.797	258445.11	221792.95	174401.09	4.56
2015-03-24	11.54	11.63	11.24	10.75	293004.62	-0.18	-1.58	10.8	10.196	9.676	253185.82	210225.03	165964.77	6.1
2015-03-23	10.85	11.5	11.42	10.85	259703.56	0.57	5.25	10.578	10.014	9.557	256782.98	193239.6	151423.21	5.41
2015-03-20	10.18	11.22	10.85	10.17	324899.47	0.6	5.85	10.256	9.802	9.424	244015.02	175270.01	141312.68	6.77
2015-03-19	10.25	10.52	10.25	10.06	195516.47	0.01	0.1	9.968	9.634	9.324	197868.16	155793.57	127760.37	4.07
2015-03-18	10.14	10.3	10.24	9.97	192804.97	0.11	1.09	9.764	9.551	9.243	185140.79	154038.64	120882.62	4.02
2015-03-17	9.82	10.38	10.13	9.73	310990.44	0.32	3.26	9.592	9.475	9.158	167264.23	161105.13	114622.74	6.48
2015-03-16	9.49	9.96	9.81	9.42	195863.77	0.4	4.25	9.45	9.364	9.074	129696.21	142254.46	100200.76	4.08
2015-03-13	9.21	9.45	9.41	9.2	94165.17	0.18	1.95	9.348	9.295	9.004	106524.99	135110.48	91738.56	1.96
2015-03-12	9.34	9.64	9.23	9.2	131879.59	-0.15	-1.6	9.3	9.25	8.95	113718.97	135410.5	88820.96	2.75
2015-03-11	9.42	9.48	9.38	9.29	103422.19	-0.04	-0.42	9.338	9.212	8.912	122936.48	127009.23	85163.99	2.15
2015-03-10	9.3	9.57	9.42	9.24	123150.35	0.12	1.29	9.358	9.156	8.88	154946.03	121704.52	82821.94	2.57
2015-03-09	9.1	9.34	9.3	9.06	80007.65	0.13	1.42	9.278	9.1	8.846	154812.71	109606.83	79014.83	1.67
2015-03-06	9.4	9.53	9.17	9.13	130135.07	-0.25	-2.65	9.242	9.046	8.825	163695.98	107355.35	78065.81	2.71
2015-03-05	9.49	9.76	9.42	9.36	177967.16	-0.06	-0.63	9.2	9.013	8.798	157102.02	99727.17	73371.18	3.71
2015-03-04	8.98	9.57	9.48	8.97	263469.91	0.46	5.1	9.086	8.935	8.76	131081.98	87726.59	67250.08	5.49
2015-03-03	9.16	9.16	9.02	9.01	122483.78	-0.1	-1.1	8.954	8.841	8.727	88463.02	68140.36	56357.94	2.55
2015-03-02	9.0	9.14	9.12	8.88	124423.97	0.16	1.79	8.922	8.783	8.717	64400.95	58147.06	53580.99	2.59
2015-02-27	8.79	8.98	8.96	8.77	97165.29	0.11	1.24	8.85	8.712	8.708	51014.73	48366.64	51733.35	2.02
2015-02-26	8.82	8.86	8.85	8.77	47866.97	0.03	0.34	8.826	8.65	8.712	42352.33	42231.42	50697.19	1.0
2015-02-25	8.76	8.84	8.82	8.73	50375.07	0.06	0.69	8.784	8.612	8.715	44371.21	43318.74	53563.85	1.05
2015-02-24	8.77	8.86	8.86	8.75	2173.44	0.1	1.14	8.728	8.604	8.73	47817.69	43939.36	58768.02	0.05
2015-02-17	8.87	8.89	8.76	8.68	57492.87	-0.08	-0.91	8.644	8.591	8.737	51893.17	48422.82	70587.23	1.2
2015-02-16	8.68	8.85	8.84	8.64	53853.29	0.2	2.31	8.574	8.603	8.727	45718.56	48776.26	73819.17	1.12
2015-02-13	8.55	8.71	8.64	8.49	57961.36	0.1	1.17	8.474	8.582	8.694	42110.51	47015.18	74854.88	1.21
2015-02-12	8.48	8.56	8.54	8.35	67607.51	0.1	1.19	8.44	8.584	8.675	42266.27	46773.56	74728.43	1.41
2015-02-11	8.48	8.48	8.44	8.39	22550.83	0.03	0.36	8.48	8.613	8.657	40061.03	44575.52	73232.62	0.47
2015-02-10	8.28	8.41	8.41	8.28	26619.81	0.07	0.84	8.538	8.651	8.644	44952.47	49014.93	73939.31	0.55
2015-02-09	8.44	8.49	8.34	8.33	35813.04	-0.13	-1.53	8.632	8.704	8.633	51833.96	55100.06	74693.28	0.75
2015-02-06	8.77	8.8	8.47	8.42	58740.16	-0.27	-3.09	8.69	8.773	8.62	51919.86	59162.95	75242.69	1.22
2015-02-05	8.79	8.89	8.74	8.73	56581.33	0.01	0.12	8.728	8.817	8.609	51280.85	63808.96	74938.25	1.18
2015-02-04	8.93	8.93	8.73	8.7	47007.99	-0.15	-1.69	8.746	8.856	8.585	49090.01	73596.67	75162.08	0.98
2015-02-03	8.7	8.88	8.88	8.6	61027.28	0.25	2.9	8.764	8.882	8.56	53077.39	92751.64	76277.99	1.27
2015-02-02	8.57	8.73	8.63	8.52	36242.53	-0.03	-0.35	8.776	8.851	8.536	58366.17	98862.07	78798.56	0.76
2015-01-30	8.87	8.9	8.66	8.5	55545.1	-0.17	-1.93	8.856	8.805	8.507	66406.05	102694.58	81102.82	1.16
2015-01-29	8.74	8.91	8.83	8.74	45627.17	0.01	0.11	8.906	8.766	8.481	76337.07	102683.3	82081.24	0.95
2015-01-28	8.78	8.9	8.82	8.73	66944.86	-0.12	-1.34	8.966	8.7	8.458	98103.33	101889.72	82045.95	1.39
2015-01-27	9.06	9.09	8.94	8.75	87471.17	-0.09	-1.0	9.0	8.637	8.431	132425.88	98863.7	81466.27	1.82
2015-01-26	8.91	9.09	9.03	8.91	76441.95	0.12	1.35	8.926	8.562	8.406	139357.98	94286.49	80135.77	1.59
2015-01-23	9.16	9.16	8.91	8.85	105200.19	-0.22	-2.41	8.754	8.466	8.382	138983.1	91322.43	78594.39	2.19
2015-01-22	9.0	9.18	9.13	8.81	154458.48	0.14	1.56	8.626	8.4	8.366	129029.53	86067.54	75665.08	3.22
2015-01-21	8.73	9.4	8.99	8.73	238557.62	0.42	4.9	8.434	8.314	8.332	105676.12	76727.49	70227.73	4.97
2015-01-20	8.15	8.59	8.57	8.15	122131.66	0.4	4.9	8.274	8.238	8.302	65301.51	59804.35	62980.25	2.54
2015-01-19	8.15	8.4	8.17	8.02	74567.55	-0.1	-1.21	8.198	8.221	8.321	49215.01	58735.05	62468.61	1.55
2015-01-16	8.16	8.28	8.27	8.11	55432.36	0.1	1.22	8.178	8.209	8.372	43661.76	59511.06	71293.79	1.15
2015-01-15	8.18	8.25	8.17	8.15	37691.39	-0.02	-0.24	8.174	8.196	8.393	43105.54	61479.18	72112.6	0.79
2015-01-14	8.13	8.22	8.19	8.09	36684.59	0.0	0.0	8.194	8.215	8.432	47778.86	62202.17	73785.64	0.76
2015-01-13	8.02	8.23	8.19	7.98	41699.15	0.12	1.49	8.202	8.225	8.478	54307.19	64068.85	76153.4	0.87
2015-01-12	8.2	8.25	8.07	8.02	46801.33	-0.18	-2.18	8.244	8.25	8.515	68255.1	65985.05	77361.52	0.98
2015-01-09	8.23	8.35	8.25	8.21	52651.23	-0.02	-0.24	8.24	8.297	8.549	75360.35	65866.34	77808.23	1.1
2015-01-08	8.28	8.37	8.27	8.15	61057.98	0.04	0.49	8.218	8.332	8.568	79852.83	65262.62	78463.94	1.27
2015-01-07	8.35	8.44	8.23	8.15	69326.27	-0.17	-2.02	8.236	8.35	8.572	76625.48	63727.98	80413.32	1.44
2015-01-06	8.16	8.42	8.4	8.0	111438.69	0.35	4.35	8.248	8.365	8.595	73830.51	66156.16	80853.82	2.32
2015-01-05	8.13	8.13	8.05	7.88	82327.58	-0.09	-1.11	8.256	8.42	8.609	63715.0	66202.17	80727.53	1.72
2014-12-31	8.4	8.42	8.14	7.99	75113.61	-0.22	-2.63	8.354	8.535	8.663	56372.34	83076.51	81346.74	1.56
2014-12-30	8.3	8.45	8.36	8.27	44921.25	0.07	0.84	8.446	8.59	8.709	50672.41	82746.02	83435.07	0.94
2014-12-29	8.4	8.4	8.29	8.26	55351.42	-0.15	-1.78	8.464	8.649	8.74	50830.49	85369.11	83498.66	1.15
2014-12-26	8.54	8.54	8.44	8.35	60861.14	-0.1	-1.17	8.482	8.731	8.771	58481.8	88237.94	84185.41	1.27
2014-12-25	8.6	8.65	8.54	8.5	45614.26	-0.06	-0.7	8.584	8.779	8.81	68689.34	88737.99	85088.26	0.95
2014-12-24	8.51	8.62	8.6	8.43	46613.98	0.15	1.77	8.716	8.8	8.847	109780.69	89750.11	86911.53	0.97
2014-12-23	8.32	8.64	8.45	8.32	45711.64	0.07	0.83	8.734	8.803	8.876	114819.64	91665.27	88299.15	0.95
2014-12-22	8.8	8.84	8.38	8.33	93608.0	-0.57	-6.37	8.834	8.793	8.904	119907.73	97098.66	88634.93	1.95
2014-12-19	9.07	9.24	8.95	8.72	111898.8	-0.25	-2.72	8.98	8.824	8.926	117994.08	95551.48	86392.75	2.33
2014-12-18	9.56	9.56	9.2	9.08	251071.05	0.51	5.87	8.974	8.797	8.92	108786.64	95252.89	82659.41	5.23
2014-12-17	8.95	8.95	8.69	8.68	71808.7	-0.26	-2.9	8.884	8.79	8.898	69719.52	79616.96	71445.39	1.5
2014-12-16	9.13	9.16	8.95	8.89	71152.08	-0.16	-1.76	8.872	8.827	8.905	68510.89	84124.12	69621.3	1.48
2014-12-15	8.91	9.11	9.11	8.82	84039.78	0.19	2.13	8.752	8.83	8.896	74289.6	81628.22	67637.57	1.75
2014-12-12	8.71	8.93	8.92	8.7	65861.6	0.17	1.94	8.668	8.811	8.878	73108.87	80132.88	65581.14	1.37
2014-12-11	8.59	8.75	8.75	8.55	55735.45	0.12	1.39	8.62	8.84	8.86	81719.14	81438.53	64547.21	1.16
2014-12-10	8.29	8.66	8.63	8.28	65765.56	0.28	3.35	8.696	8.893	8.851	89514.39	84072.96	66079.18	1.37
2014-12-09	8.69	8.79	8.35	8.35	100045.62	-0.34	-3.91	8.782	8.949	8.867	99737.34	84933.03	64998.32	2.08
2014-12-08	8.6	8.86	8.69	8.45	78136.12	0.01	0.12	8.908	9.014	8.893	88966.83	80171.2	65124.26	1.63
2014-12-05	9.11	9.13	8.68	8.4	108912.94	-0.45	-4.93	8.954	9.028	8.928	87156.88	77234.02	63640.82	2.27
2014-12-04	9.05	9.14	9.13	9.0	94711.73	0.07	0.77	9.06	9.042	8.959	81157.93	70065.94	62301.37	1.97
2014-12-03	8.97	9.07	9.06	8.75	116880.28	0.08	0.89	9.09	9.006	8.981	78631.52	63273.83	62061.18	2.44
2014-12-02	8.88	9.03	8.98	8.83	46193.07	0.06	0.67	9.116	8.982	8.999	70128.73	55118.49	60165.16	0.96
2014-12-01	9.23	9.23	8.92	8.9	69086.39	-0.29	-3.15	9.12	8.961	9.009	71375.56	53646.92	60384.1	1.44
2014-11-28	9.28	9.35	9.21	9.15	78918.19	-0.07	-0.75	9.102	8.945	9.03	67311.16	51029.41	59394.13	1.64
2014-11-27	9.17	9.49	9.28	9.15	82079.69	0.09	0.98	9.024	8.879	9.035	58973.94	47655.88	58630.21	1.71
2014-11-26	9.0	9.29	9.19	8.95	74366.32	0.19	2.11	8.922	8.809	9.043	47916.14	48085.4	57942.4	1.55
2014-11-25	8.82	9.0	9.0	8.81	52427.23	0.17	1.93	8.848	8.784	9.062	40108.24	45063.62	58943.36	1.09
2014-11-24	8.92	8.93	8.83	8.79	48764.37	0.01	0.11	8.802	8.772	9.083	35918.27	50077.32	60169.34	1.02
2014-11-21	8.79	8.87	8.82	8.77	37232.1	0.05	0.57	8.788	8.828	9.097	34747.66	50047.61	59679.65	0.78
2014-11-20	8.84	8.85	8.77	8.7	26790.67	-0.05	-0.57	8.734	8.875	9.106	36337.81	54536.8	60316.3	0.56
2014-11-19	8.75	8.84	8.82	8.72	35326.83	0.05	0.57	8.696	8.955	9.112	48254.67	60848.54	62214.28	0.74
2014-11-18	8.71	8.87	8.77	8.71	31477.4	0.01	0.11	8.72	9.016	9.127	50018.99	65211.83	62969.18	0.66
2014-11-17	8.56	8.82	8.76	8.52	42911.3	0.21	2.46	8.742	9.057	9.152	64236.36	67121.29	64364.38	0.89
2014-11-14	8.56	8.64	8.55	8.37	45182.86	-0.03	-0.35	8.868	9.115	9.183	65347.56	67758.84	64706.12	0.94
2014-11-13	8.9	8.95	8.58	8.49	86374.94	-0.36	-4.03	9.016	9.19	9.219	72735.79	69604.54	68704.76	1.8
2014-11-12	8.9	8.99	8.94	8.82	44148.45	0.06	0.68	9.214	9.277	9.273	73442.41	67799.39	70112.98	0.92
2014-11-11	9.43	9.46	8.88	8.8	102564.26	-0.51	-5.43	9.312	9.339	9.328	80404.66	72823.11	73446.55	2.14
2014-11-10	9.15	9.4	9.39	9.15	48467.31	0.1	1.08	9.372	9.393	9.395	70006.22	70261.37	75916.4	1.01
2014-11-07	9.57	9.66	9.29	9.22	82123.98	-0.28	-2.93	9.362	9.366	9.422	70170.12	69311.7	78887.65	1.71
2014-11-06	9.43	9.63	9.57	9.37	89908.04	0.14	1.49	9.364	9.337	9.464	66473.29	66095.8	81796.74	1.87
2014-11-05	9.17	9.45	9.43	9.16	78959.71	0.25	2.72	9.34	9.268	9.498	62156.38	63580.02	87330.07	1.64
2014-11-04	9.34	9.35	9.18	9.15	50572.04	-0.16	-1.71	9.366	9.238	9.547	65241.56	60726.54	104170.91	1.05
2014-11-03	9.29	9.36	9.34	9.23	49286.84	0.04	0.43	9.414	9.246	9.595	70516.52	61607.47	111417.18	1.03
2014-10-31	9.47	9.52	9.3	9.2	63639.8	-0.15	-1.59	9.37	9.25	9.59	68453.27	61653.39	113572.2	1.33
2014-10-30	9.5	9.56	9.45	9.38	68323.49	-0.11	-1.15	9.31	9.247	9.587	65718.31	67804.99	114812.28	1.42
2014-10-29	9.45	9.6	9.56	9.33	94385.62	0.14	1.49	9.196	9.269	9.564	65003.67	72426.57	115643.46	1.97
2014-10-28	9.16	9.47	9.42	9.13	76946.84	0.3	3.29	9.11	9.316	9.537	56211.52	74069.99	114179.57	1.6
2014-10-27	9.01	9.12	9.12	8.85	38970.61	0.12	1.33	9.078	9.396	9.51	52698.41	81571.43	112586.43	0.81
2014-10-24	8.89	9.12	9.0	8.87	49964.98	0.12	1.35	9.13	9.477	9.492	54853.51	88463.6	112904.32	1.04
2014-10-23	9.09	9.17	8.88	8.82	64750.32	-0.25	-2.74	9.184	9.591	9.488	69891.67	97497.68	112896.25	1.35
2014-10-22	9.21	9.38	9.13	9.09	50424.85	-0.13	-1.4	9.342	9.728	9.483	79849.46	111080.12	111885.03	1.05
2014-10-21	9.38	9.46	9.26	9.18	59381.31	-0.12	-1.28	9.522	9.855	9.468	91928.45	147615.28	112726.62	1.24
2014-10-20	9.18	9.4	9.38	9.16	49746.08	0.11	1.19	9.714	9.944	9.445	110444.45	161226.9	116016.89	1.04
2014-10-17	9.59	9.65	9.27	8.99	125155.79	-0.4	-4.14	9.824	9.929	9.437	122073.68	165491.02	118316.49	2.61
2014-10-16	9.95	9.96	9.67	9.6	114539.28	-0.36	-3.59	9.998	9.926	9.44	125103.68	161819.58	117354.75	2.39
2014-10-15	10.05	10.12	10.03	9.82	110819.8	-0.19	-1.86	10.114	9.859	9.423	142310.77	158860.36	120751.16	2.31
2014-10-14	9.94	10.52	10.22	9.93	151961.28	0.29	2.92	10.188	9.758	9.377	203302.11	154289.15	119879.3	3.17
2014-10-13	10.05	10.05	9.93	9.82	107892.26	-0.21	-2.07	10.174	9.623	9.319	212009.35	143601.43	115506.25	2.25
2014-10-10	10.09	10.38	10.14	10.07	140305.8	-0.11	-1.07	10.034	9.506	9.277	208908.35	137345.05	114675.18	2.92
2014-10-09	10.39	10.4	10.25	10.06	200574.7	-0.15	-1.44	9.854	9.384	9.229	198535.47	128294.81	112998.95	4.18
2014-10-08	10.3	10.85	10.4	10.18	415776.5	0.25	2.46	9.604	9.238	9.172	175409.95	112689.95	108038.97	8.66
2014-09-30	9.35	10.15	10.15	9.34	195497.47	0.92	9.97	9.328	9.08	9.11	105276.2	77837.96	92507.81	4.07
2014-09-29	9.24	9.31	9.23	9.18	92387.29	-0.01	-0.11	9.072	8.946	9.058	75193.51	70806.88	88363.97	1.92
2014-09-26	9.0	9.25	9.24	8.93	88441.37	0.24	2.67	8.978	8.945	9.039	65781.75	71141.96	88331.2	1.84
2014-09-25	9.05	9.15	9.0	8.95	84947.13	-0.02	-0.22	8.914	8.953	8.999	58054.16	72889.92	87131.65	1.77
2014-09-24	8.87	9.04	9.02	8.8	65107.74	0.15	1.69	8.872	8.987	8.979	49969.95	82641.97	86119.2	1.36
2014-09-23	8.75	8.89	8.87	8.72	45084.02	0.11	1.26	8.832	8.996	8.954	50399.71	85469.44	89340.9	0.94
2014-09-22	8.88	8.89	8.76	8.71	45328.48	-0.16	-1.79	8.82	9.014	8.96	66420.24	87411.08	90897.16	0.94
2014-09-19	8.81	8.95	8.92	8.77	49803.43	0.13	1.48	8.912	9.048	8.973	76502.16	92005.31	93548.77	1.04
2014-09-18	8.83	8.87	8.79	8.75	44526.08	-0.03	-0.34	8.992	9.073	8.982	87725.68	97703.09	98412.32	0.93
2014-09-17	8.81	8.9	8.82	8.65	67256.56	0.01	0.11	9.102	9.106	9.009	115313.98	103387.99	105692.38	1.4
2014-09-16	9.2	9.29	8.81	8.77	125186.67	-0.41	-4.45	9.16	9.139	9.026	120539.16	107177.67	114653.23	2.61
2014-09-15	9.32	9.32	9.22	9.15	95738.07	-0.1	-1.07	9.208	9.17	9.035	108401.92	105921.06	116989.15	1.99
2014-09-12	9.36	9.4	9.32	9.2	105921.0	-0.02	-0.21	9.184	9.132	9.021	107508.45	105520.45	123529.69	2.21
2014-09-11	9.11	9.34	9.34	9.1	182467.61	0.23	2.52	9.154	9.045	9.005	107680.51	101373.39	136319.12	3.8
2014-09-10	9.05	9.12	9.11	8.96	93382.45	0.06	0.66	9.11	8.971	8.952	91462.0	89596.44	134435.95	1.95
2014-09-09	9.1	9.1	9.05	9.02	64500.45	-0.05	-0.55	9.118	8.912	8.914	93816.18	93212.37	142607.06	1.34
2014-09-05	9.26	9.26	9.1	9.04	91270.76	-0.07	-0.76	9.132	8.905	8.879	103440.21	94383.24	153701.57	1.9
2014-09-04	9.09	9.28	9.17	9.07	106781.26	0.05	0.55	9.08	8.897	8.804	103532.45	95092.23	150945.57	2.22
2014-09-03	9.18	9.23	9.12	9.03	101375.06	-0.03	-0.33	8.936	8.89	8.725	95066.27	99121.55	148667.93	2.11
2014-09-02	9.14	9.2	9.15	9.0	105153.38	0.03	0.33	8.832	8.911	8.651	87730.89	107996.77	146434.57	2.19
2014-09-01	8.92	9.25	9.12	8.85	112620.58	0.28	3.17	8.706	8.913	8.577	92608.56	122128.79	144773.31	2.35
2014-08-29	8.47	8.85	8.84	8.47	91731.95	0.39	4.62	8.678	8.899	8.498	85326.27	128057.23	141291.98	1.91
2014-08-28	8.66	8.73	8.45	8.44	64450.38	-0.15	-1.74	8.714	8.91	8.43	86652.01	141538.92	140839.12	1.34
2014-08-27	8.54	8.72	8.6	8.54	64698.16	0.08	0.94	8.844	8.965	8.387	103176.83	171264.85	141849.21	1.35
2014-08-26	8.93	9.0	8.52	8.42	129541.73	-0.46	-5.12	8.99	8.932	8.329	128262.65	179275.46	141087.96	2.7
2014-08-25	9.02	9.1	8.98	8.91	76209.14	-0.04	-0.44	9.12	8.915	8.273	151649.02	192001.75	138589.45	1.59
2014-08-22	9.09	9.09	9.02	8.93	98360.62	-0.08	-0.88	9.12	8.853	8.191	170788.19	213019.9	136967.59	2.05
2014-08-21	9.33	9.34	9.1	8.9	147074.5	-0.23	-2.46	9.106	8.711	8.097	196425.84	206798.92	133576.0	3.06
2014-08-20	9.08	9.59	9.33	9.05	190127.27	0.16	1.75	9.086	8.559	7.998	239352.87	198214.32	128412.14	3.96
2014-08-19	8.99	9.5	9.17	8.99	246473.55	0.19	2.12	8.874	8.39	7.894	230288.28	184872.37	121093.13	5.13
2014-08-18	8.87	8.98	8.98	8.71	171905.02	0.03	0.34	8.71	8.24	7.807	232354.49	167417.83	110401.25	3.58
2014-08-15	8.85	9.11	8.95	8.65	226548.88	-0.05	-0.56	8.586	8.096	7.727	255251.6	154526.73	103160.24	4.72
2014-08-14	8.24	9.1	9.0	8.16	361709.62	0.73	8.83	8.316	7.949	7.649	217171.99	140139.32	93651.05	7.54
2014-08-13	8.31	8.31	8.27	8.06	144804.31	-0.08	-0.96	8.032	7.808	7.569	157075.76	112433.57	77206.89	3.02
2014-08-12	8.48	8.55	8.35	8.24	256804.62	-0.01	-0.12	7.906	7.725	7.527	139456.47	102900.46	72225.1	5.35
2014-08-11	7.66	8.36	8.36	7.66	286390.59	0.76	10.0	7.77	7.631	7.487	102481.16	85177.14	61855.8	5.97
2014-08-08	7.57	7.63	7.6	7.56	36150.81	0.02	0.26	7.606	7.528	7.449	53801.86	60915.29	50181.46	0.75
2014-08-07	7.66	7.72	7.58	7.57	61228.49	-0.06	-0.79	7.582	7.482	7.446	63106.65	60353.08	53519.87	1.28
2014-08-06	7.65	7.68	7.64	7.58	56707.85	-0.03	-0.39	7.584	7.436	7.455	67791.38	58609.96	53691.73	1.18
2014-08-05	7.53	7.68	7.67	7.45	71928.06	0.13	1.72	7.544	7.397	7.463	66344.45	57313.88	55108.47	1.5
2014-08-04	7.46	7.58	7.54	7.45	42994.11	0.06	0.8	7.492	7.374	7.482	67873.13	53384.68	54639.54	0.9
2014-08-01	7.56	7.68	7.48	7.45	82674.72	-0.11	-1.45	7.45	7.358	7.503	68028.71	51793.75	56947.23	1.72
2014-07-31	7.46	7.62	7.59	7.36	84652.17	0.15	2.02	7.382	7.348	7.536	57599.52	47162.78	55992.02	1.76
2014-07-30	7.43	7.5	7.44	7.39	49473.19	0.03	0.41	7.288	7.329	7.565	49428.53	41980.2	55464.3	1.03
2014-07-29	7.32	7.48	7.41	7.3	79571.45	0.08	1.09	7.25	7.328	7.606	48283.31	41549.74	57219.16	1.66
2014-07-28	7.18	7.34	7.33	7.17	43772.03	0.19	2.66	7.256	7.342	7.651	38896.23	38534.45	57612.15	0.91
2014-07-25	7.11	7.19	7.14	7.1	30528.77	0.02	0.28	7.266	7.37	7.695	35558.78	39447.62	58317.12	0.64
2014-07-24	7.23	7.26	7.12	7.08	43797.2	-0.13	-1.79	7.314	7.409	7.748	36726.03	46686.66	59936.81	0.91
2014-07-23	7.45	7.48	7.25	7.25	43747.11	-0.19	-2.55	7.37	7.473	7.806	34531.87	48773.5	62115.62	0.91
2014-07-22	7.39	7.48	7.44	7.34	32636.06	0.06	0.81	7.406	7.529	7.845	34816.17	52903.06	62207.4	0.68
2014-07-21	7.37	7.41	7.38	7.31	27084.78	0.0	0.0	7.428	7.59	7.88	38172.67	55894.41	64163.34	0.56
2014-07-18	7.32	7.45	7.38	7.32	36365.02	-0.02	-0.27	7.474	7.648	7.921	43336.46	62100.72	66170.71	0.76
2014-07-17	7.44	7.48	7.4	7.38	32826.39	-0.03	-0.4	7.504	7.724	7.962	56647.28	64821.26	66753.58	0.68
2014-07-16	7.55	7.56	7.43	7.42	45168.61	-0.12	-1.59	7.576	7.801	7.997	63015.13	68948.39	70434.77	0.94
2014-07-15	7.58	7.65	7.55	7.48	49418.57	-0.06	-0.79	7.652	7.883	8.037	70989.96	72888.59	72542.55	1.03
2014-07-14	7.49	7.63	7.61	7.43	52903.72	0.08	1.06	7.752	7.959	8.081	73616.14	76689.84	77543.02	1.1
2014-07-11	7.65	7.65	7.53	7.34	102919.12	-0.23	-2.96	7.822	8.019	8.136	80864.97	77186.62	88315.34	2.14
2014-07-10	7.84	7.92	7.76	7.73	64665.61	-0.05	-0.64	7.944	8.087	8.169	72995.23	73186.96	89175.93	1.35
2014-07-09	8.06	8.11	7.81	7.81	85042.76	-0.24	-2.98	8.026	8.138	8.189	74881.66	75457.74	91665.92	1.77
2014-07-08	7.98	8.07	8.05	7.96	62549.49	0.09	1.13	8.114	8.16	8.644	74787.22	71511.74	91831.49	1.3
2014-07-07	8.1	8.15	7.96	7.92	89147.86	-0.18	-2.21	8.166	8.169	9.106	79763.53	72432.28	94419.49	1.86
2014-07-04	8.17	8.23	8.14	8.1	63570.45	-0.03	-0.37	8.216	8.193	9.536	73508.28	70240.7	94487.09	1.32
2014-07-03	8.25	8.25	8.17	8.14	74097.74	-0.08	-0.97	8.23	8.2	9.976	73378.69	68685.9	100406.49	1.54
2014-07-02	8.27	8.36	8.25	8.14	84570.55	-0.06	-0.72	8.25	8.192	10.356	76033.81	71921.15	100690.73	1.76
2014-07-01	8.22	8.36	8.31	8.11	87431.07	0.1	1.22	8.206	8.191	10.66	68236.26	72196.51	97668.5	1.82
2014-06-30	8.23	8.26	8.21	8.1	57871.58	0.0	0.0	8.172	8.202	10.978	65101.02	78396.21	94956.61	1.21
2014-06-27	8.34	8.38	8.21	8.15	62922.49	-0.06	-0.73	8.17	8.252	11.312	66973.13	99444.06	93937.97	1.31
2014-06-26	8.04	8.37	8.27	8.04	87373.37	0.24	2.99	8.17	8.25	11.661	63993.11	105164.9	92371.31	1.82
2014-06-25	8.11	8.21	8.03	8.0	45582.78	-0.11	-1.35	8.134	8.24	12.018	67808.48	107874.11	89863.15	0.95
2014-06-24	8.2	8.25	8.14	8.06	71754.88	-0.06	-0.73	8.176	9.127	12.363	76156.76	112151.24	88757.02	1.49
2014-06-23	8.22	8.41	8.2	8.16	67232.11	-0.01	-0.12	8.232	10.042	12.717	91691.4	116406.71	87718.53	1.4
2014-06-20	8.13	8.25	8.21	8.03	48022.39	0.12	1.48	8.334	10.879	13.042	131915.0	118733.49	85937.18	1.0
2014-06-19	8.24	8.46	8.09	7.95	106450.26	-0.15	-1.82	8.33	11.751	13.349	146336.69	132127.08	84696.57	2.22
2014-06-18	8.41	8.57	8.24	8.15	87324.14	-0.18	-2.14	8.346	12.519	13.674	147939.74	129460.32	80065.44	1.82
2014-06-17	8.57	8.62	8.42	8.38	149428.08	-0.29	-3.33	10.078	13.129	13.981	148145.72	123140.48	76468.86	3.11
2014-06-16	8.1	9.01	8.71	8.05	268350.12	0.52	6.35	11.852	13.753	14.269	141122.03	111517.01	69592.26	5.59
2014-06-13	8.13	8.24	8.19	7.93	120130.87	0.02	0.24	13.424	14.371	14.539	105551.97	88431.87	56815.91	2.5
2014-06-12	8.34	8.34	8.17	8.02	114465.51	-0.21	-2.51	15.172	15.072	14.845	117917.46	79577.72	51535.93	2.38
2014-06-11	17.11	17.29	16.9	16.73	88354.03	-0.39	-2.26	16.692	15.795	15.157	110980.89	71852.18	46441.01	3.68
2014-06-10	16.4	17.3	17.29	16.05	114309.61	0.72	4.34	16.18	15.599	15.033	98135.24	65362.81	43244.4	4.76
2014-06-09	16.81	16.88	16.57	16.38	90499.84	-0.36	-2.13	15.654	15.392	14.887	81911.99	59030.35	38756.36	3.77
2014-06-06	16.21	17.26	16.93	16.16	181958.31	1.16	7.36	15.318	15.204	14.748	71311.77	53140.88	35616.87	7.58
2014-06-05	14.5	15.77	15.77	14.47	79782.68	1.43	9.97	14.972	14.946	14.614	41237.98	37266.06	27379.21	3.32
2014-06-04	14.66	14.66	14.34	14.27	24125.78	-0.32	-2.18	14.898	14.828	14.546	32723.47	30670.55	24310.28	1.01
2014-06-03	14.88	14.88	14.66	14.65	33193.33	-0.23	-1.54	15.018	14.832	14.576	32590.37	29797.23	24384.04	1.38
2014-05-30	15.15	15.17	14.89	14.77	37498.73	-0.31	-2.04	15.13	14.784	14.601	36148.71	27667.5	23489.45	1.56
2014-05-29	15.32	15.45	15.2	15.07	31589.38	-0.2	-1.3	15.09	14.706	14.605	34969.99	25199.95	23027.0	1.32
2014-05-28	14.94	15.48	15.4	14.87	37210.12	0.46	3.08	14.92	14.617	14.578	33294.15	23494.14	22789.23	1.55
2014-05-27	15.22	15.22	14.94	14.89	23460.29	-0.28	-1.84	14.758	14.518	14.508	28617.64	21029.84	22478.9	0.98
2014-05-26	14.78	15.34	15.22	14.75	50985.05	0.53	3.61	14.646	14.466	14.494	27004.08	21125.99	23018.92	2.12
2014-05-23	14.3	14.69	14.69	14.13	31605.11	0.34	2.37	14.438	14.382	14.513	19186.29	18482.36	21277.49	1.32
2014-05-22	14.66	14.68	14.35	14.27	23210.18	-0.24	-1.65	14.322	14.291	14.573	15429.91	18092.87	21034.21	0.97
2014-05-21	14.32	14.6	14.59	14.21	13827.56	0.21	1.46	14.314	14.282	14.633	13694.13	17492.35	21539.69	0.58
2014-05-20	14.34	14.55	14.38	14.28	15392.52	0.2	1.41	14.278	14.263	14.691	13442.04	17950.01	22674.36	0.64
2014-05-19	14.09	14.39	14.18	14.02	11896.1	0.07	0.5	14.286	14.32	14.776	15247.9	18970.86	24332.77	0.5
2014-05-16	14.31	14.36	14.11	13.86	12823.17	-0.2	-1.4	14.326	14.418	14.893	17778.43	19311.4	24934.36	0.53
2014-05-15	14.4	14.72	14.31	14.25	14531.3	-0.1	-0.69	14.26	14.503	15.012	20755.83	20854.06	25432.67	0.61
2014-05-14	14.41	14.56	14.41	14.31	12567.1	-0.01	-0.07	14.25	14.539	15.127	21290.56	22084.33	26276.26	0.52
2014-05-13	14.38	14.83	14.42	14.32	24421.81	0.04	0.28	14.248	14.498	15.24	22457.99	23927.95	27787.26	1.02
2014-05-12	14.02	14.4	14.38	13.86	24548.75	0.54	3.9	14.354	14.522	15.341	22693.83	24911.84	28220.34	1.02
2014-05-09	14.25	14.44	13.78	13.58	27710.18	-0.48	-3.37	14.51	14.643	15.448	20844.37	24072.61	30812.06	1.39
2014-05-08	14.3	14.75	14.26	14.2	17204.98	-0.14	-0.97	14.746	14.855	15.584	20952.3	23975.55	32188.93	0.86
2014-05-07	14.91	14.91	14.4	14.35	18404.22	-0.55	-3.68	14.828	14.984	15.687	22878.09	25587.04	34397.82	0.92
2014-05-06	15.02	15.25	14.95	14.83	25601.0	-0.21	-1.39	14.748	15.118	15.762	25397.92	27398.72	35621.68	1.28
2014-05-05	14.93	15.16	15.16	14.82	15301.49	0.2	1.34	14.69	15.232	15.808	27129.86	29694.67	38389.73	0.77
2014-04-30	14.6	15.05	14.96	14.5	28249.79	0.29	1.98	14.776	15.367	15.84	27300.85	30557.32	42668.21	1.41
2014-04-29	14.0	14.72	14.67	13.9	26833.97	0.67	4.79	14.964	15.52	15.914	26998.8	30011.27	46416.03	1.34
2014-04-28	14.6	14.6	14.0	13.83	31003.34	-0.66	-4.5	15.14	15.714	16.054	28295.98	30468.2	45657.88	1.55
2014-04-25	15.59	15.59	14.66	14.65	34260.72	-0.93	-5.96	15.488	15.981	16.325	29399.51	31646.57	44989.54	1.71
2014-04-24	15.9	15.9	15.59	15.45	16156.44	-0.31	-1.95	15.774	16.159	16.607	32259.48	31528.84	44262.88	0.81
2014-04-23	15.53	15.91	15.9	15.38	26739.54	0.35	2.25	15.958	16.253	16.879	33813.79	37551.5	44613.19	1.34
2014-04-22	15.75	15.85	15.55	15.31	33319.85	-0.19	-1.21	16.076	16.313	17.146	33023.74	40402.3	43686.61	1.67
2014-04-21	15.98	16.06	15.74	15.6	36521.02	-0.35	-2.17	16.288	16.389	17.425	32640.42	43208.6	42606.85	1.83
2014-04-18	16.46	16.46	16.09	15.97	48560.56	-0.42	-2.54	16.474	16.405	17.718	33893.63	43844.64	41561.56	2.43
2014-04-17	16.57	16.65	16.51	16.43	23927.99	0.02	0.12	16.544	16.383	17.988	30798.19	47084.79	39634.86	1.2
2014-04-16	16.41	16.7	16.49	16.41	22789.3	-0.12	-0.72	16.548	16.312	18.278	41289.21	54779.1	38921.29	1.14
2014-04-15	16.67	16.68	16.61	16.4	31403.25	-0.06	-0.36	16.55	16.308	18.571	47780.86	62820.78	38514.84	1.57
2014-04-14	16.47	16.78	16.67	16.4	42787.04	0.23	1.4	16.49	16.394	18.844	53776.77	60847.56	37589.32	2.14
2014-04-11	16.42	16.58	16.44	16.22	33083.38	-0.09	-0.54	16.336	16.668	19.084	53795.66	58332.51	36134.9	1.65
2014-04-10	16.51	16.8	16.53	16.44	76383.09	0.03	0.18	16.222	17.054	19.364	63371.39	56996.91	34942.01	3.82
2014-04-09	16.3	16.53	16.5	16.25	55247.55	0.19	1.17	16.076	17.505	19.612	68268.99	51674.87	31664.11	2.76
2014-04-08	15.91	16.31	16.31	15.84	61382.77	0.41	2.58	16.066	17.978	19.847	77860.71	46970.92	29590.68	3.07
2014-04-04	15.83	15.97	15.9	15.65	42881.51	0.03	0.19	16.298	18.461	20.102	67918.35	42005.1	27316.91	2.14
2014-04-03	15.74	16.05	15.87	15.7	80962.01	0.07	0.44	17.0	19.031	20.427	62869.36	39278.47	25695.57	4.05
2014-04-02	16.2	16.39	15.8	15.7	100871.1	-0.65	-3.95	17.886	19.592	20.761	50622.44	32184.93	22229.54	5.04
2014-04-01	15.81	16.77	16.45	15.81	103206.14	-1.02	-5.84	18.934	20.244	21.109	35080.76	23063.47	18209.16	5.16
2014-03-31	17.47	17.47	17.47	17.47	11671.0	-1.94	-9.99	19.89	20.834	21.414	16081.14	14208.89	13954.66	0.58
2014-03-28	20.17	20.4	19.41	19.41	17636.55	-0.89	-4.38	20.624	21.294	21.697	16091.84	14331.09	14545.63	0.88
2014-03-27	21.0	21.17	20.3	20.25	19727.41	-0.74	-3.52	21.062	21.5	21.876	15687.59	13937.29	15624.78	0.99
2014-03-26	21.3	21.36	21.04	20.91	23162.69	-0.19	-0.9	21.298	21.673	21.941	13747.42	12887.1	16024.67	1.16
2014-03-25	21.14	21.5	21.23	21.0	8208.06	0.09	0.43	21.554	21.719	21.948	11046.18	11653.35	16044.29	0.41
2014-03-24	21.6	21.65	21.14	21.02	11724.5	-0.46	-2.13	21.778	21.716	21.959	12336.63	12210.43	17185.13	0.59
2014-03-21	21.48	21.67	21.6	20.89	15615.28	0.12	0.56	21.964	21.742	22.036	12570.34	12628.73	17521.27	0.78
2014-03-20	22.16	22.39	21.48	21.35	10026.56	-0.84	-3.76	21.938	21.822	22.079	12186.99	12112.66	18242.23	0.5
2014-03-19	22.35	22.35	22.32	21.94	9656.52	-0.03	-0.13	22.048	21.93	22.15	12026.78	12274.15	19297.38	0.48
2014-03-18	22.12	22.58	22.35	22.06	14660.3	0.28	1.27	21.884	21.974	22.204	12260.52	13354.84	20195.06	0.73
2014-03-17	21.39	22.12	22.07	21.37	12893.03	0.6	2.79	21.654	21.993	22.272	12084.22	13700.44	21131.78	0.64
2014-03-14	21.9	22.15	21.47	21.25	13698.53	-0.56	-2.54	21.52	22.099	22.36	12687.12	14760.17	22238.33	0.68
2014-03-13	21.69	22.1	22.03	21.69	9225.51	0.53	2.46	21.706	22.252	22.452	12038.33	17312.27	23563.14	0.46
2014-03-12	21.2	21.7	21.5	21.19	10825.25	0.3	1.42	21.812	22.208	22.506	12521.53	19162.25	26494.68	0.54
2014-03-11	21.38	21.62	21.2	21.1	13778.79	-0.2	-0.94	22.064	22.176	22.654	14449.16	20435.22	28053.72	0.69
2014-03-10	22.4	22.4	21.4	21.4	15907.5	-1.0	-4.46	22.332	22.201	22.823	15316.65	22159.83	30402.27	0.8
2014-03-07	22.75	22.88	22.4	22.31	10454.59	-0.16	-0.71	22.678	22.33	23.017	16833.22	22413.81	32779.23	0.52
2014-03-06	22.96	22.97	22.56	22.4	11641.5	-0.2	-0.88	22.798	22.336	23.164	22586.21	24371.81	34207.99	0.58
2014-03-05	22.8	23.19	22.76	22.54	20463.4	0.22	0.98	22.604	22.37	23.25	25802.97	26320.61	35188.27	1.02
2014-03-04	23.12	23.12	22.54	22.31	18116.28	-0.59	-2.55	22.288	22.433	23.307	26421.29	27035.28	35086.67	0.91
2014-03-03	23.13	23.45	23.13	22.83	23490.33	0.13	0.56	22.07	22.55	23.385	29003.01	28563.12	35233.18	1.17
2014-02-28	21.66	23.15	23.0	21.65	39219.55	1.41	6.53	21.982	22.62	23.435	27994.41	29716.5	36868.13	1.96
2014-02-27	21.14	22.58	21.59	21.11	27725.29	0.41	1.94	21.874	22.652	23.493	26157.41	29814.01	40105.71	1.39
2014-02-26	21.25	21.5	21.18	20.7	23555.01	-0.27	-1.26	22.136	22.803	23.713	26838.24	33827.12	40058.2	1.18
2014-02-25	22.87	23.18	21.45	21.21	31024.88	-1.24	-5.46	22.578	23.132	23.921	27649.27	35672.23	39551.01	1.55
2014-02-24	22.2	22.83	22.69	22.2	18447.3	0.23	1.02	23.03	23.445	24.106	28123.23	38644.71	38584.16	0.92
2014-02-21	22.84	22.88	22.46	22.11	30034.56	-0.44	-1.92	23.258	23.703	24.212	31438.59	43144.64	38725.61	1.5
2014-02-20	23.31	23.6	22.9	22.64	31129.46	-0.49	-2.1	23.43	23.991	24.39	33470.62	44044.16	37634.6	1.56
2014-02-19	23.71	23.92	23.39	23.27	27610.15	-0.32	-1.35	23.47	24.129	24.534	40815.99	44055.92	36926.64	1.38
2014-02-18	23.7	23.92	23.71	23.29	33394.66	-0.12	-0.5	23.686	24.181	24.665	43695.18	43138.06	36384.84	1.67
2014-02-17	23.36	23.91	23.83	23.32	35024.12	0.51	2.19	23.86	24.22	24.783	49166.2	41903.24	35694.06	1.75
2014-02-14	23.19	23.49	23.32	23.0	40194.71	0.22	0.95	24.148	24.25	24.836	54850.7	44019.75	34581.74	2.01
2014-02-13	24.4	24.4	23.1	23.03	67856.3	-1.37	-5.6	24.552	24.333	24.916	54617.71	50397.41	33699.42	3.39
2014-02-12	24.4	24.86	24.47	24.3	42006.11	-0.11	-0.45	24.788	24.623	25.066	47295.86	46289.28	31655.35	2.1
2014-02-11	25.29	25.75	24.58	24.42	60749.76	-0.69	-2.73	24.676	24.709	25.177	42580.94	43429.8	31497.4	3.04
2014-02-10	25.26	26.19	25.27	25.01	63446.61	-0.07	-0.28	24.58	24.767	25.211	34640.27	38523.61	29757.62	3.17
2014-02-07	24.42	25.49	25.34	24.21	39029.76	1.06	4.37	24.352	24.72	25.184	33188.81	34306.58	27698.03	1.95
2014-01-30	23.93	24.29	24.28	23.0	31247.06	0.37	1.55	24.114	24.789	25.199	46177.1	31225.04	26548.84	1.56
2014-01-29	23.98	24.28	23.91	23.91	18431.49	-0.19	-0.79	24.458	24.938	25.239	45282.7	29797.36	25919.04	0.92
2014-01-28	23.89	24.34	24.1	23.8	21046.45	-0.03	-0.12	24.742	25.148	25.255	44278.67	29631.62	26003.66	1.05
2014-01-27	24.4	24.42	24.13	23.45	56189.28	-0.02	-0.08	24.954	25.346	25.307	42406.94	29484.88	25539.52	2.81
2014-01-24	24.0	25.1	24.15	23.79	103971.24	-1.85	-7.12	25.088	25.421	25.343	35424.34	25143.73	23265.24	5.2
2014-01-23	25.55	26.26	26.0	25.1	26775.06	0.67	2.65	25.464	25.499	25.365	16272.97	17001.44	18901.21	1.34
2014-01-22	25.17	25.69	25.33	24.9	13411.32	0.17	0.68	25.418	25.508	25.346	14312.02	17021.41	18791.76	0.67
2014-01-21	24.66	25.54	25.16	24.62	11687.82	0.36	1.45	25.554	25.644	25.304	14984.58	19565.0	18828.26	0.58
2014-01-20	26.05	26.33	24.8	24.6	21276.27	-1.23	-4.72	25.738	25.654	25.296	16562.81	20991.62	19321.38	1.06
2014-01-17	25.62	26.42	26.03	25.61	8214.39	0.26	1.01	25.754	25.648	25.265	14863.11	21089.48	18970.89	0.41
2014-01-16	26.01	26.9	25.77	25.66	16970.29	-0.24	-0.92	25.534	25.609	25.172	17729.9	21872.64	19295.54	0.85
2014-01-15	26.08	26.55	26.01	25.81	16774.12	-0.07	-0.27	25.598	25.539	25.056	19730.81	22040.71	18687.74	0.84
2014-01-14	24.8	26.08	26.08	24.27	19578.99	1.2	4.82	25.734	25.362	24.922	24145.42	22375.69	18319.67	0.98
2014-01-13	25.0	25.23	24.88	24.6	12777.76	-0.05	-0.2	25.57	25.267	24.815	25420.43	21594.16	18235.75	0.64
2014-01-10	26.09	26.53	24.93	24.5	22548.35	-1.16	-4.45	25.542	25.264	24.773	27315.85	21386.75	18052.61	1.13
2014-01-09	26.43	26.93	26.09	25.8	26974.83	-0.6	-2.25	25.684	25.231	24.726	26015.39	20800.99	17627.06	1.35
2014-01-08	25.36	26.69	26.69	25.0	38847.16	1.43	5.66	25.48	25.184	24.581	24350.61	20562.1	16623.4	1.94
2014-01-07	24.48	25.58	25.26	24.3	25954.05	0.52	2.1	24.99	24.964	24.391	20605.96	18091.53	15136.84	1.3
2014-01-06	25.6	25.63	24.74	24.33	22254.85	-0.9	-3.51	24.964	24.937	24.286	17767.89	17651.14	14151.36	1.11
2014-01-03	24.99	25.65	25.64	24.78	16046.04	0.57	2.27	24.986	24.882	24.205	15457.66	16852.3	13992.5	0.8
2014-01-02	24.3	25.1	25.07	24.05	18650.94	0.83	3.42	24.778	24.735	24.055	15586.59	16718.44	14512.82	0.93
2013-12-31	25.2	25.25	24.24	24.12	20123.93	-0.89	-3.54	24.888	24.572	23.987	16773.6	15334.78	14749.81	1.01
2013-12-30	24.89	25.85	25.13	24.69	11763.7	0.28	1.13	24.938	24.482	23.978	15577.09	14263.64	15773.13	0.59
2013-12-27	24.6	25.1	24.85	24.42	10703.67	0.25	1.02	24.91	24.363	23.904	17534.38	14877.34	17970.41	0.54
2013-12-26	25.52	25.55	24.6	24.6	16690.69	-1.02	-3.98	24.778	24.281	23.911	18246.94	14718.48	18073.88	0.83
2013-12-25	24.54	25.69	25.62	24.32	24585.99	1.13	4.61	24.692	24.221	23.941	17850.29	14453.13	17920.56	1.23
2013-12-24	25.22	25.23	24.49	24.06	14141.42	-0.5	-2.0	24.256	23.977	23.934	13895.96	12684.7	18327.6	0.71
2013-12-23	24.18	24.99	24.99	23.3	21550.15	0.8	3.31	24.026	23.818	23.962	12950.19	12182.15	19421.57	1.08
2013-12-20	24.16	24.59	24.19	23.92	14266.43	0.02	0.08	23.816	23.634	23.888	12220.3	10651.58	19223.89	0.71
2013-12-19	23.35	24.3	24.17	23.32	14707.47	0.73	3.11	23.784	23.528	23.811	11190.02	11132.71	18938.84	0.74
2013-12-18	23.3	23.55	23.44	23.2	4814.33	0.1	0.43	23.75	23.374	23.75	11055.97	12307.19	18763.63	0.24
2013-12-17	23.51	23.9	23.34	23.23	9412.56	-0.6	-2.51	23.698	23.401	23.733	11473.43	14164.84	18895.08	0.47
2013-12-16	23.5	24.08	23.94	23.15	17900.73	-0.09	-0.38	23.61	23.473	23.733	11414.12	17282.63	19030.49	0.9
2013-12-13	23.81	24.28	24.03	23.6	9114.99	0.03	0.12	23.452	23.444	23.701	9082.86	21063.47	19749.88	0.46
2013-12-12	23.15	24.15	24.0	22.95	14037.26	0.82	3.54	23.272	23.541	23.642	11075.4	21429.29	20751.4	0.7
2013-12-11	22.95	23.55	23.18	22.71	6901.63	0.28	1.22	22.998	23.661	23.525	13558.41	21387.99	20775.9	0.35
2013-12-10	23.15	23.53	22.9	22.74	9115.97	-0.25	-1.08	23.104	23.891	23.403	16856.24	23970.51	21513.5	0.46
2013-12-09	23.09	23.39	23.15	22.9	6244.46	0.02	0.09	23.336	24.106	23.339	23151.14	26660.98	21716.1	0.31
2013-12-06	22.63	23.3	23.13	22.0	19077.69	0.5	2.21	23.436	24.141	23.242	33044.07	27796.2	21771.2	0.95
2013-12-05	23.45	23.6	22.63	22.48	26452.3	-1.08	-4.55	23.81	24.093	23.155	31783.18	26744.96	21511.02	1.32
2013-12-04	24.0	24.49	23.71	23.5	23390.76	-0.35	-1.46	24.324	24.125	23.081	29217.56	25220.07	21722.33	1.17
2013-12-03	23.4	24.48	24.06	22.82	40590.49	0.41	1.73	24.678	24.065	22.906	31084.78	23625.32	21523.34	2.03
2013-12-02	23.5	24.42	23.65	23.0	55709.12	-1.35	-5.4	24.876	23.992	22.758	30170.82	20778.36	20388.3	2.79
2013-11-29	25.11	25.4	25.0	24.86	12773.21	-0.2	-0.79	24.846	23.957	22.638	22548.32	18436.3	18191.46	0.64
2013-11-28	25.5	25.64	25.2	25.02	13624.23	-0.28	-1.1	24.376	23.743	22.478	21706.75	20073.5	18043.66	0.68
2013-11-27	25.0	25.53	25.48	24.51	32726.85	0.43	1.72	23.926	23.389	22.291	21222.59	20163.81	17735.22	1.64
2013-11-26	23.6	25.2	25.05	23.6	36020.69	1.55	6.6	23.452	22.914	22.108	16165.85	19056.49	16762.2	1.8
2013-11-25	22.68	23.69	23.5	22.45	17596.62	0.85	3.75	23.108	22.572	21.91	11385.9	16771.23	15938.48	0.88
2013-11-22	23.16	23.22	22.65	22.56	8565.35	-0.3	-1.31	23.068	22.343	21.816	14324.28	15746.21	15724.34	0.43
2013-11-21	23.1	23.1	22.95	22.49	11203.42	-0.16	-0.69	23.11	22.216	21.78	18440.26	16277.07	16272.08	0.56
2013-11-20	23.32	23.33	23.11	22.91	7443.19	-0.22	-0.94	22.852	22.037	21.75	19105.03	18224.59	16110.68	0.37
2013-11-19	23.3	23.49	23.33	23.1	12120.92	0.03	0.13	22.376	21.746	21.721	21947.13	19421.36	17177.32	0.61
2013-11-18	22.9	23.91	23.3	22.8	32288.53	0.44	1.93	22.036	21.523	21.732	22156.56	19998.25	18251.7	1.61
2013-11-15	21.65	22.86	22.86	21.64	29145.23	1.2	5.54	21.618	21.318	21.722	17168.14	17946.63	18025.18	1.46
2013-11-14	20.73	21.66	21.66	20.58	14527.29	0.93	4.49	21.322	21.213	21.705	14113.88	16013.83	17081.82	0.73
2013-11-13	21.63	21.84	20.73	20.6	21653.7	-0.9	-4.16	21.222	21.193	21.737	17344.15	15306.62	17255.57	1.08
2013-11-12	21.21	22.05	21.63	21.05	13168.05	0.42	1.98	21.116	21.302	21.799	16895.59	14467.9	17271.35	0.66
2013-11-11	21.08	21.48	21.21	20.88	7346.44	-0.17	-0.8	21.01	21.248	21.862	17839.93	15105.74	17615.15	0.37
2013-11-08	20.9	21.38	21.38	20.5	13873.94	0.22	1.04	21.018	21.288	21.965	18725.11	15702.46	18546.37	0.69
2013-11-07	20.02	21.33	21.16	19.5	30678.61	0.96	4.75	21.104	21.343	22.017	17913.77	16267.08	18700.52	1.53
2013-11-06	21.05	21.18	20.2	20.08	19410.91	-0.9	-4.26	21.164	21.462	22.086	13269.1	13996.76	18173.14	0.97
2013-11-05	21.21	21.33	21.1	20.4	17889.75	-0.15	-0.71	21.488	21.696	22.196	12040.21	14933.29	18645.67	0.89
2013-11-04	21.85	21.99	21.25	21.22	11772.35	-0.56	-2.57	21.486	21.94	22.295	12371.55	16505.15	18365.02	0.59
2013-11-01	21.21	21.85	21.81	21.16	9817.22	0.35	1.63	21.558	22.125	22.387	12679.81	18103.73	18742.91	0.49
2013-10-31	21.8	21.8	21.46	21.45	7455.27	-0.36	-1.65	21.582	22.197	22.47	14620.39	18149.81	19005.1	0.37
2013-10-30	21.09	21.9	21.82	20.79	13266.48	0.73	3.46	21.76	22.281	22.515	14724.42	19204.52	19656.14	0.66
2013-10-29	21.5	21.9	21.09	20.01	19546.43	-0.52	-2.41	21.904	22.296	22.568	17826.36	20074.8	20150.54	0.98
2013-10-28	21.8	22.35	21.61	21.4	13313.63	-0.32	-1.46	22.394	22.475	22.689	20638.75	20124.57	20554.48	0.67
2013-10-25	22.56	22.73	21.93	21.2	19520.16	-0.42	-1.88	22.692	22.641	22.754	23527.65	21390.27	21367.59	0.98
2013-10-24	22.38	22.78	22.35	22.19	7975.41	-0.19	-0.84	22.812	22.691	22.794	21679.23	21133.96	21693.21	0.4
2013-10-23	23.53	23.53	22.54	22.02	28776.17	-1.0	-4.25	22.802	22.709	22.796	23684.62	22349.52	23567.91	1.44
2013-10-22	22.85	23.92	23.54	22.85	33608.4	0.44	1.91	22.688	22.696	22.746	22323.25	22358.05	24646.88	1.68
2013-10-21	22.68	23.15	23.1	22.02	27758.1	0.57	2.53	22.556	22.649	22.594	19610.38	20224.89	24144.93	1.39
2013-10-18	22.2	22.6	22.53	22.03	10278.05	0.23	1.03	22.59	22.649	22.45	19252.9	19382.09	23806.09	0.51
2013-10-17	22.01	22.8	22.3	22.01	18002.37	0.33	1.5	22.57	22.742	22.325	20588.69	19860.39	24479.75	0.9
2013-10-16	23.2	23.2	21.97	21.83	21969.31	-0.91	-3.98	22.616	22.749	22.229	21014.43	20107.76	24624.05	1.1
2013-10-15	23.43	23.65	22.88	22.31	20044.06	-0.39	-1.68	22.704	22.84	22.166	22392.86	20226.28	25134.78	1.0
2013-10-14	22.46	23.3	23.27	22.26	25970.7	0.84	3.75	22.742	22.902	22.05	20839.4	20984.39	26122.75	1.3
2013-10-11	22.56	22.72	22.43	22.2	16957.03	-0.1	-0.44	22.708	22.866	21.86	19511.28	21344.9	25712.87	0.85
2013-10-10	22.41	23.0	22.53	22.3	20131.05	0.12	0.54	22.914	22.897	21.7	19132.08	22252.47	25764.2	1.01
2013-10-09	23.03	23.03	22.41	22.25	28861.44	-0.66	-2.86	22.882	22.883	21.553	19201.08	24786.29	25492.61	1.44
2013-10-08	23.15	23.57	23.07	22.65	12276.79	-0.03	-0.13	22.976	22.796	21.403	18059.7	26935.7	24535.97	0.61
2013-09-30	23.36	24.29	23.1	22.7	19330.07	-0.36	-1.53	23.062	22.539	21.209	21129.38	28064.98	25250.39	0.97
2013-09-27	22.25	23.46	23.46	22.25	15061.06	1.09	4.87	23.024	22.251	21.037	23178.52	28230.09	25257.51	0.75
2013-09-26	22.6	22.92	22.37	22.2	20476.06	-0.51	-2.23	22.88	21.908	20.863	25372.85	29099.11	25615.39	1.02
2013-09-25	23.5	24.2	22.88	22.68	23154.53	-0.62	-2.64	22.884	21.709	20.779	30371.49	29140.34	25699.81	1.16
2013-09-24	22.71	23.96	23.5	22.51	27625.17	0.59	2.58	22.616	21.491	20.683	35811.7	30043.29	25855.07	1.38
2013-09-23	22.67	23.12	22.91	22.15	29575.79	0.17	0.75	22.016	21.197	20.55	35000.57	31261.1	26679.3	1.48
2013-09-18	22.48	22.86	22.74	21.95	26032.72	0.35	1.56	21.478	20.854	20.405	33281.65	30080.84	25965.3	1.3
2013-09-17	21.43	22.67	22.39	21.17	45469.24	0.85	3.95	20.936	20.502	20.264	32825.36	29275.93	25565.86	2.27
2013-09-16	20.46	21.99	21.54	20.2	50355.6	1.04	5.07	20.534	20.223	20.147	27909.2	26198.94	24251.22	2.52
2013-09-13	19.95	20.66	20.5	19.86	23569.52	0.28	1.39	20.366	20.01	20.053	24274.87	22136.24	22269.47	1.18
2013-09-12	19.6	20.27	20.22	19.6	20981.18	0.19	0.95	20.378	19.879	19.982	27521.63	22435.8	21988.3	1.05
2013-09-11	20.38	20.38	20.03	19.4	23751.28	-0.35	-1.72	20.23	19.823	19.97	26880.04	22284.94	22289.73	1.19
2013-09-10	20.8	20.88	20.38	20.26	20888.4	-0.32	-1.55	20.068	19.817	19.973	25726.5	22131.67	22083.67	1.04
2013-09-09	20.66	20.89	20.7	20.26	32183.96	0.14	0.68	19.912	19.849	19.962	24488.68	22259.27	22466.03	1.61
2013-09-06	19.58	20.68	20.56	19.41	39803.33	1.08	5.54	19.654	19.874	19.896	19997.62	21666.85	21709.24	1.99
2013-09-05	19.21	19.8	19.48	19.02	17773.22	0.26	1.35	19.38	19.902	19.847	17349.97	22097.5	21053.24	0.89
2013-09-04	19.6	19.6	19.22	18.98	17983.58	-0.38	-1.94	19.416	19.955	19.868	17689.83	21849.75	21157.52	0.9
2013-09-03	19.5	19.7	19.6	19.32	14699.31	0.19	0.98	19.566	20.026	19.909	18536.85	21855.8	21471.47	0.73
2013-09-02	19.19	19.46	19.41	18.9	9728.64	0.22	1.15	19.786	20.071	19.939	20029.86	22303.5	22402.76	0.49
2013-08-30	19.61	19.88	19.19	18.81	26565.1	-0.47	-2.39	20.094	20.096	19.961	23336.08	22402.7	23245.03	1.33
2013-08-29	19.78	20.15	19.66	19.5	19472.54	-0.31	-1.55	20.424	20.085	19.987	26845.03	21540.8	23881.51	0.97
2013-08-28	20.66	20.66	19.97	19.91	22218.64	-0.73	-3.53	20.494	20.116	19.996	26009.66	22294.53	25036.12	1.11
2013-08-27	20.95	21.04	20.7	20.53	22164.39	-0.25	-1.19	20.486	20.128	19.925	25174.75	22035.67	24965.08	1.11
2013-08-26	20.84	21.09	20.95	20.43	26259.71	0.11	0.53	20.356	20.075	19.813	24577.14	22672.78	25313.01	1.31
2013-08-23	19.99	21.13	20.84	19.98	44109.87	0.83	4.15	20.098	19.917	19.711	21469.32	21751.63	25416.23	2.21
2013-08-22	19.96	20.19	20.01	19.61	15295.69	0.08	0.4	19.746	19.791	19.619	16236.57	20008.97	25026.26	0.76
2013-08-21	20.0	20.27	19.93	19.88	18044.07	-0.12	-0.6	19.738	19.78	19.566	18579.4	20465.29	27551.32	0.9
2013-08-20	19.52	20.05	20.05	19.51	19176.36	0.39	1.98	19.77	19.792	19.606	18896.58	21087.14	28742.57	0.96
2013-08-19	19.1	19.76	19.66	19.1	10720.6	0.58	3.04	19.794	19.806	19.583	20768.43	22502.02	29246.05	0.54
2013-08-16	19.61	20.25	19.08	19.0	17946.15	-0.89	-4.46	19.736	19.825	19.578	22033.95	24087.36	30275.24	0.9
2013-08-15	20.18	20.48	19.97	19.88	27009.82	-0.12	-0.6	19.836	19.889	19.608	23781.37	26222.22	31000.48	1.35
2013-08-14	20.28	20.3	20.09	19.76	19629.99	-0.08	-0.4	19.822	19.875	19.585	22351.19	27777.71	31249.9	0.98
2013-08-13	19.33	20.44	20.17	19.33	28535.58	0.8	4.13	19.814	19.721	19.551	23277.69	27894.49	32024.56	1.43
2013-08-12	19.58	19.92	19.37	19.12	17048.21	-0.21	-1.07	19.818	19.551	19.507	24235.62	27953.24	32273.78	0.85
2013-08-09	19.78	20.24	19.58	19.18	26683.24	-0.32	-1.61	19.914	19.504	19.518	26140.77	29080.83	33444.97	1.33
2013-08-08	20.0	20.35	19.9	19.64	19858.92	-0.15	-0.75	19.942	19.446	19.513	28663.07	30043.56	34008.45	0.99
2013-08-07	20.19	20.38	20.05	19.64	24262.48	-0.14	-0.69	19.928	19.351	19.477	33204.23	34637.34	35294.77	1.21
2013-08-06	19.9	20.57	20.19	19.82	33325.25	0.34	1.71	19.628	19.42	19.42	32511.29	36398.0	36398.0	1.67
2013-08-05	19.75	20.05	19.85	19.33	26573.98	0.13	0.66	19.284	19.334	19.334	31670.86	36739.42	36739.42	1.33
2013-08-02	20.0	20.78	19.72	19.7	39294.72	-0.11	-0.56	19.094	19.27	19.27	32020.89	38010.1	38010.1	1.96
2013-08-01	18.69	19.87	19.83	18.66	42564.72	1.28	6.9	18.95	19.206	19.206	31424.05	37826.58	37826.58	2.13
2013-07-31	18.51	18.9	18.55	18.3	20797.78	0.08	0.43	18.774	19.102	19.102	36070.45	37036.89	37036.89	1.04
2013-07-30	18.8	19.2	18.47	17.85	29123.11	-0.43	-2.27	19.212	19.212	19.212	40284.71	40284.71	40284.71	1.46
2013-07-29	18.99	19.48	18.9	18.41	28324.13	-0.1	-0.53	19.398	19.398	19.398	43075.11	43075.11	43075.11	1.42
2013-07-26	18.88	19.42	19.0	18.2	36310.49	0.05	0.26	19.563	19.563	19.563	47992.1	47992.1	47992.1	1.82
2013-07-25	20.35	20.59	18.95	18.93	65796.72	-1.79	-8.63	19.845	19.845	19.845	53832.91	53832.91	53832.91	3.29
2013-07-24	20.55	21.27	20.74	20.22	41869.1	-0.12	-0.57	20.74	20.74	20.74	41869.1	41869.1	41869.1	2.09
