             open   high  close    low     volume  price_change  p_change  \
date                                                                        
2016-07-22  13.80  13.95  13.74  13.63  173733.16         -0.06     -0.43   
2016-07-21  14.00  14.45  13.80  13.77  362166.44         -0.34     -2.40   
2016-07-20  13.70  14.47  14.14  13.61  436948.56          0.45      3.29   
2016-07-19  13.23  13.74  13.69  13.14  187573.88          0.46      3.48   
2016-07-18  13.55  13.59  13.23  13.15  171969.06         -0.32     -2.36   
2016-07-15  13.62  13.98  13.55  13.55  199841.45         -0.19     -1.38   
2016-07-14  13.60  14.09  13.74  13.38  376095.62          0.43      3.23   
2016-07-13  13.25  13.47  13.31  13.10  190982.97          0.04      0.30   
2016-07-12  13.20  13.33  13.27  12.69  212734.19          0.09      0.68   
2016-07-11  13.25  13.62  13.18  13.15  178257.59         -0.07     -0.53   
2016-07-08  13.15  13.44  13.25  12.98  210653.17          0.20      1.53   
2016-07-07  13.45  13.64  13.05  12.98  221180.25         -0.45     -3.33   
2016-07-06  13.59  13.74  13.50  13.40  193691.16         -0.19     -1.39   
2016-07-05  13.60  14.12  13.69  13.42  288998.31          0.15      1.11   
2016-07-04  13.28  13.71  13.54  13.10  308908.88          0.08      0.59   
2016-07-01  13.21  13.78  13.46  13.07  398541.44          0.06      0.45   
2016-06-30  12.74  13.40  13.40  12.71  458001.34          0.62      4.85   
2016-06-29  13.10  13.10  12.78  12.69  305968.50         -0.32     -2.44   
2016-06-28  13.04  13.18  13.10  12.74  313904.47         -0.17     -1.28   
2016-06-27  12.92  13.61  13.27  12.70  457409.91          0.07      0.53   
2016-06-24  12.59  13.39  13.20  11.95  482537.03          0.60      4.76   
2016-06-23  12.45  13.12  12.60  12.25  546355.75          0.47      3.88   
2016-06-22  11.03  12.13  12.13  11.00  293878.00          1.10      9.97   
2016-06-21  11.10  11.28  11.03  10.95  121143.48          0.02      0.18   
2016-06-20  11.28  11.28  11.01  10.89  170436.48         -0.17     -1.52   
2016-06-17  11.12  11.47  11.18  11.07  149030.91          0.09      0.81   
2016-06-16  11.31  11.45  11.09  11.01  161110.17         -0.34     -2.98   
2016-06-15  10.89  11.70  11.43  10.81  143507.45          0.38      3.44   
2016-06-14  11.02  11.29  11.05  10.92  134508.59         -0.15     -1.34   
2016-06-13  11.86  12.05  11.20  11.10  144774.56         -0.88     -7.29   
...           ...    ...    ...    ...        ...           ...       ...   
2013-09-03  31.00  32.17  31.68  30.80    9150.94          0.55      1.77   
2013-09-02  30.22  31.79  31.13  30.00   13768.60          0.93      3.08   
2013-08-30  31.89  31.89  30.20  30.12    7102.53         -1.60     -5.03   
2013-08-29  32.20  32.74  31.80  31.20    5984.70         -0.59     -1.82   
2013-08-28  33.00  33.43  32.39  32.20   10905.32         -0.91     -2.73   
2013-08-27  33.27  33.40  33.30  32.00    9697.33          0.03      0.09   
2013-08-26  33.49  33.97  33.27  32.88   11058.97         -0.21     -0.63   
2013-08-23  31.98  34.48  33.48  31.84   25420.55          1.48      4.62   
2013-08-22  30.43  32.70  32.00  30.43   12620.73          1.58      5.19   
2013-08-21  30.81  31.00  30.42  30.19    9863.23         -0.61     -1.97   
2013-08-20  31.45  31.69  31.03  30.20   12200.98         -0.38     -1.21   
2013-08-19  31.00  32.30  31.41  30.58   15222.99          0.01      0.03   
2013-08-16  32.69  32.69  31.40  31.20   11072.07         -1.59     -4.82   
2013-08-15  33.03  33.77  32.99  32.25   10063.53         -0.08     -0.24   
2013-08-14  32.54  33.50  33.07  31.80   10244.87          0.91      2.83   
2013-08-13  32.06  32.50  32.16  31.34    9109.42          0.26      0.81   
2013-08-12  32.87  32.95  31.90  31.05   13619.04         -0.97     -2.95   
2013-08-09  33.68  33.97  32.87  32.00   10206.92         -0.79     -2.35   
2013-08-08  34.00  34.50  33.66  32.80   17471.30         -0.49     -1.44   
2013-08-07  35.90  36.00  34.15  34.00   15073.20         -1.95     -5.40   
2013-08-06  36.77  36.77  36.10  35.82    9402.17          0.04      0.11   
2013-08-05  36.00  36.63  36.06  35.00   10393.71          0.26      0.73   
2013-08-02  34.39  36.36  35.80  33.80   16865.48          1.41      4.10   
2013-08-01  31.80  34.50  34.39  31.48   20600.97          2.56      8.04   
2013-07-31  30.88  32.00  31.83  30.10    8086.35          0.83      2.68   
2013-07-30  31.94  32.29  31.00  29.60   15089.62         -0.70     -2.21   
2013-07-29  32.19  32.86  31.70  30.80   13576.91         -0.89     -2.73   
2013-07-26  30.18  33.20  32.59  30.00   22819.98          2.08      6.82   
2013-07-25  31.79  32.85  30.51  28.84   35112.04         -1.53     -4.78   
2013-07-24  31.41  32.99  32.04  31.41   19886.45          0.16      0.50   

               ma5    ma10    ma20      v_ma5     v_ma10     v_ma20  turnover  
date                                                                           
2016-07-22  13.720  13.565  13.435  266478.22  249030.29  282378.02      2.42  
2016-07-21  13.682  13.516  13.408  271699.88  252722.29  297818.21      5.05  
2016-07-20  13.670  13.441  13.348  274485.71  238623.67  307027.68      6.09  
2016-07-19  13.504  13.377  13.247  225292.60  214297.93  299874.15      2.62  
2016-07-18  13.420  13.377  13.114  230324.66  224440.38  296552.63      2.40  
2016-07-15  13.410  13.408  13.003  231582.36  238134.36  296476.00      2.79  
2016-07-14  13.350  13.399  12.885  233744.71  258004.36  293935.47      5.24  
2016-07-13  13.212  13.365  12.752  202761.63  266194.93  283186.20      2.66  
2016-07-12  13.250  13.312  12.658  203303.27  277693.48  280812.42      2.97  
2016-07-11  13.334  13.295  12.547  218556.10  287810.51  276901.14      2.49  
2016-07-08  13.406  13.304  12.448  244686.35  315725.74  275226.99      2.94  
2016-07-07  13.448  13.299  12.390  282264.01  342914.13  270921.86      3.08  
2016-07-06  13.518  13.254  12.343  329628.23  375431.68  268885.81      2.70  
2016-07-05  13.374  13.117  12.294  352083.69  385450.36  268632.30      4.03  
2016-07-04  13.256  12.851  12.226  357064.93  368664.88  263197.69      4.31  
2016-07-01  13.202  12.598  12.159  386765.13  354817.64  253204.49      5.56  
2016-06-30  13.150  12.370  12.087  403564.25  329866.59  240188.41      6.39  
2016-06-29  12.990  12.139  12.020  421235.13  300177.47  227746.77      4.27  
2016-06-28  12.860  12.004  11.940  418817.03  283931.37  215309.22      4.38  
2016-06-27  12.446  11.799  11.849  380264.83  265991.78  202648.46      6.38  
2016-06-24  11.994  11.592  11.757  322870.15  234728.24  183800.32      6.73  
2016-06-23  11.590  11.480  11.664  256168.92  198929.60  164572.40      7.62  
2016-06-22  11.288  11.431  11.614  179119.81  162339.95  142625.83      4.10  
2016-06-21  11.148  11.470  11.587  149045.70  151814.24  133933.83      1.69  
2016-06-20  11.152  11.600  11.599  151718.72  157730.50  132130.25      2.38  
2016-06-17  11.190  11.720  11.600  146586.34  151591.33  129807.41      2.08  
2016-06-16  11.370  11.804  11.581  141690.28  150510.23  126920.05      2.25  
2016-06-15  11.574  11.900  11.594  145560.09  155316.06  124267.19      2.00  
2016-06-14  11.792  11.875  11.594  154582.79  146687.07  121030.33      1.88  
2016-06-13  12.048  11.899  11.587  163742.29  139305.14  117786.42      2.02  
...            ...     ...     ...        ...        ...        ...       ...  
2013-09-03  31.440  31.967  32.216    9382.42   11557.29   11992.86      1.59  
2013-09-02  31.764  31.902  32.437    9491.70   11862.29   12005.42      2.39  
2013-08-30  32.192  31.930  32.683    8949.77   12007.73   11836.68      1.23  
2013-08-29  32.848  32.050  32.963   12613.37   12404.69   12324.83      1.04  
2013-08-28  32.888  32.169  33.092   13940.58   12812.57   13055.64      1.89  
2013-08-27  32.494  32.237  33.065   13732.16   12746.53   12914.69      1.68  
2013-08-26  32.040  32.123  32.950   14232.89   12687.73   13184.31      1.92  
2013-08-23  31.668  31.986  32.871   15065.70   12943.74   13310.20      4.41  
2013-08-22  31.252  31.925  32.827   12196.00   11422.38   13180.17      2.19  
2013-08-21  31.450  32.091  32.752   11684.56   11907.44   14304.74      1.71  
2013-08-20  31.980  32.464  32.833   11760.89   12428.43   14805.90      2.12  
2013-08-19  32.206  32.971  32.928   11142.58   12148.55   14943.00      2.64  
2013-08-16  32.304  33.436  33.012   10821.79   11665.62   14927.45      1.92  
2013-08-15  32.598  33.876  33.107   10648.76   12244.96   15154.23      1.74  
2013-08-14  32.732  34.016  33.114   12130.31   13298.71   15472.40      1.78  
2013-08-13  32.948  33.892  33.117   13095.98   13082.86   15820.90      1.58  
2013-08-12  33.736  33.776  33.186   13154.53   13680.88   16300.30      2.36  
2013-08-09  34.568  33.756  33.285   12509.46   13676.66   16506.55      1.77  
2013-08-08  35.154  33.728  33.319   13841.17   14937.97   17031.52      3.03  
2013-08-07  35.300  33.413  33.288   14467.11   16702.04   16991.53      2.61  
2013-08-06  34.836  33.202  33.202   13069.74   17183.37   17183.37      1.63  
2013-08-05  33.816  32.880  32.880   14207.23   18047.95   18047.95      1.80  
2013-08-02  32.944  32.483  32.483   14843.87   19004.73   19004.73      2.92  
2013-08-01  32.302  32.009  32.009   16034.77   19310.33   19310.33      3.57  
2013-07-31  31.526  31.612  31.612   18936.98   19095.22   19095.22      1.40  
2013-07-30  31.568  31.568  31.568   21297.00   21297.00   21297.00      2.62  
2013-07-29  31.710  31.710  31.710   22848.84   22848.84   22848.84      2.35  
2013-07-26  31.713  31.713  31.713   25939.49   25939.49   25939.49      3.96  
2013-07-25  31.275  31.275  31.275   27499.25   27499.25   27499.25      6.09  
2013-07-24  32.040  32.040  32.040   19886.45   19886.45   19886.45      3.45  

[596 rows x 14 columns]