             open   high  close    low     volume  price_change  p_change  \
date                                                                        
2016-07-22  13.45  13.90  13.65  13.45   47386.64          0.16      1.19   
2016-07-21  13.55  13.68  13.49  13.41   57348.87         -0.04     -0.30   
2016-07-20  13.75  13.79  13.53  13.40   60597.94         -0.19     -1.39   
2016-07-19  13.74  13.87  13.72  13.42   72121.40         -0.08     -0.58   
2016-07-18  13.93  14.02  13.80  13.79   57923.50         -0.12     -0.86   
2016-07-15  13.80  14.26  13.92  13.80  102576.54          0.08      0.58   
2016-07-14  13.60  14.01  13.84  13.50  111066.59          0.21      1.54   
2016-07-13  13.61  13.77  13.63  13.40   72646.38          0.06      0.44   
2016-07-12  13.45  13.75  13.57  13.35   57065.71         -0.21     -1.52   
2016-07-11  13.37  14.00  13.78  13.10  124752.64          0.41      3.07   
2016-07-08  13.38  13.44  13.37  13.20   72305.66         -0.08     -0.59   
2016-07-07  13.77  13.79  13.45  13.38   84149.65         -0.34     -2.47   
2016-07-06  13.15  13.88  13.79  13.13  119907.53          0.54      4.08   
2016-07-05  13.11  13.30  13.25  13.01   83844.75          0.06      0.46   
2016-07-04  13.00  13.28  13.19  12.80   79696.41          0.18      1.38   
2016-07-01  12.88  13.27  13.01  12.81   82788.56          0.13      1.01   
2016-06-30  13.26  13.35  12.88  12.68  123484.39         -0.36     -2.72   
2016-06-29  13.10  13.59  13.24  13.10  124714.36          0.08      0.61   
2016-06-28  12.39  13.38  13.16  12.20  165678.73          0.77      6.21   
2016-06-27  11.85  12.45  12.39  11.82   85679.25          0.39      3.25   
2016-06-24  12.02  12.30  12.00  11.55   92159.82         -0.06     -0.50   
2016-06-23  11.94  12.40  12.06  11.90   89345.10          0.12      1.00   
2016-06-22  11.63  11.99  11.94  11.51   77536.89          0.34      2.93   
2016-06-21  11.86  12.20  11.60  11.41   99644.18         -0.33     -2.77   
2016-06-20  11.55  12.06  11.93  11.36  107896.13          0.37      3.20   
2016-06-17  11.20  11.74  11.56  11.16  108851.60          0.32      2.85   
2016-06-16  11.19  11.29  11.24  11.09   64686.60          0.01      0.09   
2016-06-15  10.52  11.40  11.23  10.40   76266.84          0.49      4.56   
2016-06-14  10.78  10.88  10.74  10.60   49747.23         -0.02     -0.19   
2016-06-13  11.03  11.14  10.76  10.73  104792.69         -0.52     -4.61   
...           ...    ...    ...    ...        ...           ...       ...   
2013-09-03  19.50  19.70  19.60  19.32   14699.31          0.19      0.98   
2013-09-02  19.19  19.46  19.41  18.90    9728.64          0.22      1.15   
2013-08-30  19.61  19.88  19.19  18.81   26565.10         -0.47     -2.39   
2013-08-29  19.78  20.15  19.66  19.50   19472.54         -0.31     -1.55   
2013-08-28  20.66  20.66  19.97  19.91   22218.64         -0.73     -3.53   
2013-08-27  20.95  21.04  20.70  20.53   22164.39         -0.25     -1.19   
2013-08-26  20.84  21.09  20.95  20.43   26259.71          0.11      0.53   
2013-08-23  19.99  21.13  20.84  19.98   44109.87          0.83      4.15   
2013-08-22  19.96  20.19  20.01  19.61   15295.69          0.08      0.40   
2013-08-21  20.00  20.27  19.93  19.88   18044.07         -0.12     -0.60   
2013-08-20  19.52  20.05  20.05  19.51   19176.36          0.39      1.98   
2013-08-19  19.10  19.76  19.66  19.10   10720.60          0.58      3.04   
2013-08-16  19.61  20.25  19.08  19.00   17946.15         -0.89     -4.46   
2013-08-15  20.18  20.48  19.97  19.88   27009.82         -0.12     -0.60   
2013-08-14  20.28  20.30  20.09  19.76   19629.99         -0.08     -0.40   
2013-08-13  19.33  20.44  20.17  19.33   28535.58          0.80      4.13   
2013-08-12  19.58  19.92  19.37  19.12   17048.21         -0.21     -1.07   
2013-08-09  19.78  20.24  19.58  19.18   26683.24         -0.32     -1.61   
2013-08-08  20.00  20.35  19.90  19.64   19858.92         -0.15     -0.75   
2013-08-07  20.19  20.38  20.05  19.64   24262.48         -0.14     -0.69   
2013-08-06  19.90  20.57  20.19  19.82   33325.25          0.34      1.71   
2013-08-05  19.75  20.05  19.85  19.33   26573.98          0.13      0.66   
2013-08-02  20.00  20.78  19.72  19.70   39294.72         -0.11     -0.56   
2013-08-01  18.69  19.87  19.83  18.66   42564.72          1.28      6.90   
2013-07-31  18.51  18.90  18.55  18.30   20797.78          0.08      0.43   
2013-07-30  18.80  19.20  18.47  17.85   29123.11         -0.43     -2.27   
2013-07-29  18.99  19.48  18.90  18.41   28324.13         -0.10     -0.53   
2013-07-26  18.88  19.42  19.00  18.20   36310.49          0.05      0.26   
2013-07-25  20.35  20.59  18.95  18.93   65796.72         -1.79     -8.63   
2013-07-24  20.55  21.27  20.74  20.22   41869.10         -0.12     -0.57   

               ma5    ma10    ma20      v_ma5     v_ma10    v_ma20  turnover  
date                                                                          
2016-07-22  13.638  13.693  13.433   59075.67   76348.62  89286.78      0.99  
2016-07-21  13.692  13.665  13.351   70113.65   78840.52  91525.43      1.20  
2016-07-20  13.762  13.661  13.279   80857.19   81520.60  93125.25      1.27  
2016-07-19  13.782  13.687  13.200   83266.88   87451.56  93972.19      1.51  
2016-07-18  13.752  13.640  13.094   80255.74   88623.90  95348.33      1.21  
2016-07-15  13.748  13.579  13.000   93621.57   90801.19  97846.96      2.15  
2016-07-14  13.638  13.488  12.882   87567.40   88822.39  98160.72      2.32  
2016-07-13  13.560  13.392  12.752   82184.01   90064.17  95841.72      1.52  
2016-07-12  13.592  13.353  12.632   91636.24   95270.97  96022.74      1.19  
2016-07-11  13.528  13.312  12.491   96992.05  106132.27  95656.82      2.61  
2016-07-08  13.410  13.173  12.340   87980.80  102224.93  94658.82      1.51  
2016-07-07  13.338  13.036  12.235   90077.38  104210.35  95078.21      1.76  
2016-07-06  13.224  12.897  12.121   97944.33  104729.89  97300.58      2.51  
2016-07-05  13.114  12.712  11.968   98905.69  100492.83  94170.69      1.75  
2016-07-04  13.096  12.547  11.837  115272.49  102072.77  92990.61      1.67  
2016-07-01  12.936  12.421  11.709  116469.06  104892.74  91505.76      1.73  
2016-06-30  12.734  12.276  11.592  118343.31  107499.05  91270.22      2.58  
2016-06-29  12.570  12.112  11.478  111515.45  101619.27  89197.24      2.61  
2016-06-28  12.310  11.911  11.320  102079.96   96774.51  84329.25      3.47  
2016-06-27  11.998  11.669  11.172   88873.05   85181.36  77826.41      1.79  
2016-06-24  11.906  11.506  11.066   93316.42   87092.71  75798.32      1.93  
2016-06-23  11.818  11.434  10.980   96654.78   85946.08  73715.12      1.87  
2016-06-22  11.654  11.345  10.893   91723.08   89871.26  71933.07      1.62  
2016-06-21  11.512  11.224  10.823   91469.07   87848.55  72502.92      2.09  
2016-06-20  11.340  11.126  10.753   81489.68   83908.45  70028.45      2.26  
2016-06-17  11.106  10.996  10.659   80868.99   78118.78  67232.09      2.28  
2016-06-16  11.050  10.908  10.577   75237.37   75041.39  65064.44      1.35  
2016-06-15  11.036  10.844  10.521   88019.45   76775.22  65933.34      1.60  
2016-06-14  10.936  10.729  10.452   84228.04   71883.98  64163.72      1.04  
2016-06-13  10.912  10.674  10.396   86327.23   70471.46  65911.71      2.19  
...            ...     ...     ...        ...        ...       ...       ...  
2013-09-03  19.566  20.026  19.909   18536.85   21855.80  21471.47      0.73  
2013-09-02  19.786  20.071  19.939   20029.86   22303.50  22402.76      0.49  
2013-08-30  20.094  20.096  19.961   23336.08   22402.70  23245.03      1.33  
2013-08-29  20.424  20.085  19.987   26845.03   21540.80  23881.51      0.97  
2013-08-28  20.494  20.116  19.996   26009.66   22294.53  25036.12      1.11  
2013-08-27  20.486  20.128  19.925   25174.75   22035.67  24965.08      1.11  
2013-08-26  20.356  20.075  19.813   24577.14   22672.78  25313.01      1.31  
2013-08-23  20.098  19.917  19.711   21469.32   21751.63  25416.23      2.21  
2013-08-22  19.746  19.791  19.619   16236.57   20008.97  25026.26      0.76  
2013-08-21  19.738  19.780  19.566   18579.40   20465.29  27551.32      0.90  
2013-08-20  19.770  19.792  19.606   18896.58   21087.14  28742.57      0.96  
2013-08-19  19.794  19.806  19.583   20768.43   22502.02  29246.05      0.54  
2013-08-16  19.736  19.825  19.578   22033.95   24087.36  30275.24      0.90  
2013-08-15  19.836  19.889  19.608   23781.37   26222.22  31000.48      1.35  
2013-08-14  19.822  19.875  19.585   22351.19   27777.71  31249.90      0.98  
2013-08-13  19.814  19.721  19.551   23277.69   27894.49  32024.56      1.43  
2013-08-12  19.818  19.551  19.507   24235.62   27953.24  32273.78      0.85  
2013-08-09  19.914  19.504  19.518   26140.77   29080.83  33444.97      1.33  
2013-08-08  19.942  19.446  19.513   28663.07   30043.56  34008.45      0.99  
2013-08-07  19.928  19.351  19.477   33204.23   34637.34  35294.77      1.21  
2013-08-06  19.628  19.420  19.420   32511.29   36398.00  36398.00      1.67  
2013-08-05  19.284  19.334  19.334   31670.86   36739.42  36739.42      1.33  
2013-08-02  19.094  19.270  19.270   32020.89   38010.10  38010.10      1.96  
2013-08-01  18.950  19.206  19.206   31424.05   37826.58  37826.58      2.13  
2013-07-31  18.774  19.102  19.102   36070.45   37036.89  37036.89      1.04  
2013-07-30  19.212  19.212  19.212   40284.71   40284.71  40284.71      1.46  
2013-07-29  19.398  19.398  19.398   43075.11   43075.11  43075.11      1.42  
2013-07-26  19.563  19.563  19.563   47992.10   47992.10  47992.10      1.82  
2013-07-25  19.845  19.845  19.845   53832.91   53832.91  53832.91      3.29  
2013-07-24  20.740  20.740  20.740   41869.10   41869.10  41869.10      2.09  

[706 rows x 14 columns]