             open   high  close    low     volume  price_change  p_change  \
date                                                                        
2016-07-22  38.53  38.98  38.00  37.70   44084.68         -0.78     -2.01   
2016-07-21  39.00  39.50  38.78  38.60   40620.23         -0.56     -1.42   
2016-07-20  38.53  39.88  39.34  38.00   71700.42          0.84      2.18   
2016-07-19  37.98  39.61  38.50  37.70   71572.56          0.50      1.32   
2016-07-18  38.88  39.96  38.00  37.88   78804.07          0.40      1.06   
2016-07-15  37.00  39.20  37.60  36.90   74556.11          0.18      0.48   
2016-07-14  36.01  37.42  37.42  35.80   53902.91          1.41      3.92   
2016-07-13  35.99  36.60  36.01  35.81   43048.97         -0.33     -0.91   
2016-07-12  35.47  36.57  36.34  34.03   77586.23          0.68      1.91   
2016-07-11  36.85  36.85  35.66  35.60   62025.42         -0.97     -2.65   
2016-07-08  36.18  37.39  36.63  35.70  106268.09          2.26      6.58   
2016-07-07  34.25  34.95  34.37  33.80   48630.54         -0.10     -0.29   
2016-07-06  33.90  34.97  34.47  33.80   54968.43          0.58      1.71   
2016-07-05  33.60  34.65  33.89  33.25   70994.02         -0.01     -0.03   
2016-07-04  31.35  34.88  33.90  31.32   94524.74          2.08      6.54   
2016-07-01  32.20  32.50  31.82  31.57   93737.25          1.51      4.98   
2016-06-24  30.85  31.24  30.36  29.56   51502.06         -0.59     -1.91   
2016-06-23  31.48  31.57  30.95  30.70   33962.14         -0.53     -1.68   
2016-06-22  30.50  31.55  31.48  30.50   36530.98          0.66      2.14   
2016-06-21  31.70  32.01  30.82  30.65   47800.07         -0.67     -2.13   
2016-06-20  30.90  31.68  31.49  30.18   44609.61          0.50      1.61   
2016-06-17  31.13  32.00  30.99  30.58   59866.90          0.27      0.88   
2016-06-16  31.38  31.80  30.72  30.50   66008.47         -0.97     -3.06   
2016-06-15  29.74  31.96  31.69  29.61   58283.91          1.76      5.88   
2016-06-14  29.97  30.29  29.93  29.32   57410.91         -0.18     -0.60   
2016-06-13  32.77  33.13  30.11  30.11  100213.03         -3.30     -9.88   
2016-06-08  33.02  33.76  33.41  32.93   37849.40          0.06      0.18   
2016-06-07  33.70  33.93  33.35  32.75   54330.21         -0.34     -1.01   
2016-06-06  33.48  34.88  33.69  33.48   51948.04          0.22      0.66   
2016-06-03  33.40  33.98  33.47  32.80   60410.92          0.01      0.03   
...           ...    ...    ...    ...        ...           ...       ...   
2013-09-03  15.20  15.42  15.34  15.06   40064.23          0.09      0.59   
2013-09-02  14.30  15.25  15.25  14.21   38627.42          0.91      6.35   
2013-08-30  15.00  15.15  14.34  14.18   37665.66         -0.82     -5.41   
2013-08-29  14.78  15.40  15.16  14.53   54959.30          0.78      5.42   
2013-08-28  14.76  14.86  14.38  14.32   23921.94         -0.52     -3.49   
2013-08-27  15.10  15.15  14.90  14.79   21618.86         -0.20     -1.32   
2013-08-26  14.98  15.26  15.10  14.96   27179.64          0.12      0.80   
2013-08-23  15.00  15.24  14.98  14.50   30930.09          0.04      0.27   
2013-08-22  14.85  14.97  14.94  14.71   23535.99          0.10      0.67   
2013-08-21  14.39  14.85  14.84  14.36   25788.18          0.46      3.20   
2013-08-20  14.70  14.75  14.38  14.23   23790.63         -0.29     -1.98   
2013-08-19  14.19  14.74  14.67  14.18   20237.64          0.48      3.38   
2013-08-16  14.40  15.04  14.19  14.18   25490.18         -0.23     -1.59   
2013-08-15  14.91  15.03  14.42  14.42   27017.08         -0.49     -3.29   
2013-08-14  15.09  15.12  14.91  14.70   17511.19         -0.18     -1.19   
2013-08-13  14.92  15.26  15.09  14.82   20412.10          0.14      0.94   
2013-08-12  15.34  15.48  14.95  14.78   36796.08         -0.40     -2.61   
2013-08-09  15.88  16.05  15.35  15.08   40116.01         -0.47     -2.97   
2013-08-08  15.22  16.12  15.82  15.18   63520.50          0.44      2.86   
2013-08-07  15.21  15.70  15.38  14.76   58629.55          0.06      0.39   
2013-08-06  15.43  15.49  15.32  15.12   40055.42         -0.23     -1.48   
2013-08-05  14.67  15.65  15.55  14.66   48015.99          0.81      5.50   
2013-08-02  14.80  15.28  14.74  14.66   36457.86         -0.09     -0.61   
2013-08-01  14.09  14.85  14.83  14.09   29085.44          0.80      5.70   
2013-07-31  14.05  14.43  14.03  13.98   16914.18          0.06      0.43   
2013-07-30  14.65  14.96  13.97  13.60   30136.38         -0.75     -5.09   
2013-07-29  15.08  15.18  14.72  14.69   24650.29         -0.46     -3.03   
2013-07-26  14.90  15.23  15.18  14.46   35339.73          0.21      1.40   
2013-07-25  15.90  16.05  14.97  14.85   62917.28         -1.05     -6.55   
2013-07-24  15.28  16.14  16.02  15.21   73034.72          0.60      3.89   

               ma5    ma10    ma20     v_ma5    v_ma10    v_ma20  turnover  
date                                                                        
2016-07-22  38.524  37.565  35.217  61356.39  61790.16  62841.00      4.11  
2016-07-21  38.444  37.428  34.892  67450.68  68008.50  62867.24      3.79  
2016-07-20  38.172  36.987  34.502  70107.21  68809.53  63829.58      6.69  
2016-07-19  37.506  36.500  34.071  64376.92  67136.33  63544.98      6.68  
2016-07-18  37.074  36.039  33.731  65579.66  67078.48  62880.55      7.35  
2016-07-15  36.606  35.629  33.327  62223.93  68650.55  61810.89      6.95  
2016-07-14  36.412  35.051  32.953  68566.32  70568.66  63093.73      5.03  
2016-07-13  35.802  34.345  32.752  67511.85  70328.58  62291.06      4.01  
2016-07-12  35.494  33.839  32.619  69895.74  69419.89  62855.12      7.24  
2016-07-11  35.004  33.353  32.487  68577.30  65314.37  61573.21      5.78  
2016-07-08  34.652  32.869  32.377  75077.16  63891.83  61492.49      9.91  
2016-07-07  33.690  32.355  32.219  72571.00  57725.98  59869.22      4.54  
2016-07-06  32.888  32.017  32.099  73145.30  58849.62  60154.40      5.13  
2016-07-05  32.184  31.642  31.970  68944.04  59953.62  60665.43      6.62  
2016-07-04  31.702  31.422  31.810  62051.43  58682.61  59623.86      8.82  
2016-07-01  31.086  31.025  31.644  52706.50  54971.23  58308.65      8.74  
2016-06-24  31.020  30.854  31.595  42880.97  55618.81  57346.64      4.80  
2016-06-23  31.146  31.159  31.550  44553.94  54253.54  57214.62      3.17  
2016-06-22  31.100  31.399  31.477  50963.21  56290.35  58626.05      3.41  
2016-06-21  31.142  31.620  31.338  55313.79  57832.06  58565.79      4.46  
2016-06-20  30.964  31.885  31.209  57235.96  59093.14  58134.24      4.16  
2016-06-17  30.688  32.082  31.044  68356.64  62012.46  57960.04      5.58  
2016-06-16  31.172  32.181  30.883  63953.14  61459.17  57566.16      6.16  
2016-06-15  31.698  32.297  30.832  61617.49  61377.25  57472.93      5.44  
2016-06-14  32.098  32.198  30.683  60350.32  60565.10  56509.03      5.35  
2016-06-13  32.806  32.263  30.569  60950.32  61646.08  55334.22      9.35  
2016-06-08  33.476  32.335  30.486  55668.28  59074.48  53182.40      3.53  
2016-06-07  33.190  31.940  30.235  58965.20  60175.69  53386.70      5.07  
2016-06-06  32.896  31.555  29.963  61137.00  60961.75  52327.14      4.84  
2016-06-03  32.298  31.055  29.685  60779.88  59299.53  52812.88      5.63  
...            ...     ...     ...       ...       ...       ...       ...  
2013-09-03  14.894  14.923  14.920  39047.71  32429.13  32890.61      6.44  
2013-09-02  14.806  14.827  14.919  35358.64  30801.77  32890.17      6.21  
2013-08-30  14.776  14.769  14.934  33069.08  28962.79  33359.60      6.06  
2013-08-29  14.904  14.754  14.954  31721.97  27745.25  33299.21      8.84  
2013-08-28  14.860  14.680  14.937  25437.30  24951.02  32005.52      3.85  
2013-08-27  14.952  14.733  14.920  25810.55  24309.95  31655.13      3.48  
2013-08-26  14.848  14.752  14.873  26244.91  24189.27  32081.01      4.37  
2013-08-23  14.762  14.737  14.854  24856.51  25150.92  31954.54      4.98  
2013-08-22  14.604  14.774  14.864  23768.52  26069.51  32175.02      3.79  
2013-08-21  14.500  14.862  14.866  24464.74  30067.96  34144.09      4.15  
2013-08-20  14.514  14.916  14.925  22809.34  33352.10  36506.41      3.83  
2013-08-19  14.656  15.010  14.953  22133.64  34978.57  37175.66      3.26  
2013-08-16  14.712  15.098  14.969  25445.33  37756.41  38116.67      4.10  
2013-08-15  14.944  15.153  15.015  28370.49  38853.18  38859.40      4.35  
2013-08-14  15.224  15.194  15.052  35671.18  39060.01  39599.54      2.82  
2013-08-13  15.318  15.106  15.061  43894.85  39000.31  41072.10      3.28  
2013-08-12  15.364  14.994  15.059  47823.51  39972.74  42547.82      5.92  
2013-08-09  15.484  14.971  15.068  50067.49  38758.16  42990.26      6.45  
2013-08-08  15.362  14.954  15.044  49335.86  38280.53  43229.78     10.22  
2013-08-07  15.164  14.869  14.974  42448.85  38220.21  41385.17      9.43  
2013-08-06  14.894  14.933  14.933  34105.78  39660.73  39660.73      6.44  
2013-08-05  14.624  14.890  14.890  32121.97  39616.87  39616.87      7.72  
2013-08-02  14.458  14.808  14.808  27448.83  38566.99  38566.99      5.86  
2013-08-01  14.546  14.817  14.817  27225.20  38868.29  38868.29      4.68  
2013-07-31  14.574  14.815  14.815  33991.57  40498.76  40498.76      2.72  
2013-07-30  14.972  14.972  14.972  45215.68  45215.68  45215.68      4.85  
2013-07-29  15.223  15.223  15.223  48985.51  48985.51  48985.51      3.97  
2013-07-26  15.390  15.390  15.390  57097.24  57097.24  57097.24      5.68  
2013-07-25  15.495  15.495  15.495  67976.00  67976.00  67976.00     10.12  
2013-07-24  16.020  16.020  16.020  73034.72  73034.72  73034.72     11.75  

[731 rows x 14 columns]