date	open	high	close	low	volume	price_change	p_change	ma5	ma10	ma20	v_ma5	v_ma10	v_ma20	turnover
2016-07-22	13.8	13.95	13.74	13.63	173733.16	-0.06	-0.43	13.72	13.565	13.435	266478.22	249030.29	282378.02	2.42
2016-07-21	14.0	14.45	13.8	13.77	362166.44	-0.34	-2.4	13.682	13.516	13.408	271699.88	252722.29	297818.21	5.05
2016-07-20	13.7	14.47	14.14	13.61	436948.56	0.45	3.29	13.67	13.441	13.348	274485.71	238623.67	307027.68	6.09
2016-07-19	13.23	13.74	13.69	13.14	187573.88	0.46	3.48	13.504	13.377	13.247	225292.6	214297.93	299874.15	2.62
2016-07-18	13.55	13.59	13.23	13.15	171969.06	-0.32	-2.36	13.42	13.377	13.114	230324.66	224440.38	296552.63	2.4
2016-07-15	13.62	13.98	13.55	13.55	199841.45	-0.19	-1.38	13.41	13.408	13.003	231582.36	238134.36	296476.0	2.79
2016-07-14	13.6	14.09	13.74	13.38	376095.62	0.43	3.23	13.35	13.399	12.885	233744.71	258004.36	293935.47	5.24
2016-07-13	13.25	13.47	13.31	13.1	190982.97	0.04	0.3	13.212	13.365	12.752	202761.63	266194.93	283186.2	2.66
2016-07-12	13.2	13.33	13.27	12.69	212734.19	0.09	0.68	13.25	13.312	12.658	203303.27	277693.48	280812.42	2.97
2016-07-11	13.25	13.62	13.18	13.15	178257.59	-0.07	-0.53	13.334	13.295	12.547	218556.1	287810.51	276901.14	2.49
2016-07-08	13.15	13.44	13.25	12.98	210653.17	0.2	1.53	13.406	13.304	12.448	244686.35	315725.74	275226.99	2.94
2016-07-07	13.45	13.64	13.05	12.98	221180.25	-0.45	-3.33	13.448	13.299	12.39	282264.01	342914.13	270921.86	3.08
2016-07-06	13.59	13.74	13.5	13.4	193691.16	-0.19	-1.39	13.518	13.254	12.343	329628.23	375431.68	268885.81	2.7
2016-07-05	13.6	14.12	13.69	13.42	288998.31	0.15	1.11	13.374	13.117	12.294	352083.69	385450.36	268632.3	4.03
2016-07-04	13.28	13.71	13.54	13.1	308908.88	0.08	0.59	13.256	12.851	12.226	357064.93	368664.88	263197.69	4.31
2016-07-01	13.21	13.78	13.46	13.07	398541.44	0.06	0.45	13.202	12.598	12.159	386765.13	354817.64	253204.49	5.56
2016-06-30	12.74	13.4	13.4	12.71	458001.34	0.62	4.85	13.15	12.37	12.087	403564.25	329866.59	240188.41	6.39
2016-06-29	13.1	13.1	12.78	12.69	305968.5	-0.32	-2.44	12.99	12.139	12.02	421235.13	300177.47	227746.77	4.27
2016-06-28	13.04	13.18	13.1	12.74	313904.47	-0.17	-1.28	12.86	12.004	11.94	418817.03	283931.37	215309.22	4.38
2016-06-27	12.92	13.61	13.27	12.7	457409.91	0.07	0.53	12.446	11.799	11.849	380264.83	265991.78	202648.46	6.38
2016-06-24	12.59	13.39	13.2	11.95	482537.03	0.6	4.76	11.994	11.592	11.757	322870.15	234728.24	183800.32	6.73
2016-06-23	12.45	13.12	12.6	12.25	546355.75	0.47	3.88	11.59	11.48	11.664	256168.92	198929.6	164572.4	7.62
2016-06-22	11.03	12.13	12.13	11.0	293878.0	1.1	9.97	11.288	11.431	11.614	179119.81	162339.95	142625.83	4.1
2016-06-21	11.1	11.28	11.03	10.95	121143.48	0.02	0.18	11.148	11.47	11.587	149045.7	151814.24	133933.83	1.69
2016-06-20	11.28	11.28	11.01	10.89	170436.48	-0.17	-1.52	11.152	11.6	11.599	151718.72	157730.5	132130.25	2.38
2016-06-17	11.12	11.47	11.18	11.07	149030.91	0.09	0.81	11.19	11.72	11.6	146586.34	151591.33	129807.41	2.08
2016-06-16	11.31	11.45	11.09	11.01	161110.17	-0.34	-2.98	11.37	11.804	11.581	141690.28	150510.23	126920.05	2.25
2016-06-15	10.89	11.7	11.43	10.81	143507.45	0.38	3.44	11.574	11.9	11.594	145560.09	155316.06	124267.19	2.0
2016-06-14	11.02	11.29	11.05	10.92	134508.59	-0.15	-1.34	11.792	11.875	11.594	154582.79	146687.07	121030.33	1.88
2016-06-13	11.86	12.05	11.2	11.1	144774.56	-0.88	-7.29	12.048	11.899	11.587	163742.29	139305.14	117786.42	2.02
2016-06-08	12.2	12.2	12.08	11.89	124550.61	-0.03	-0.25	12.25	11.921	11.578	156596.33	132872.4	114950.91	1.74
2016-06-07	12.35	12.48	12.11	12.0	180459.23	-0.41	-3.27	12.238	11.848	11.532	159330.19	130215.2	111914.45	2.52
2016-06-06	12.36	12.9	12.52	12.34	188620.94	0.19	1.54	12.226	11.797	11.49	165072.04	122911.72	106401.63	2.63
2016-06-03	12.12	12.5	12.33	11.92	180306.09	0.12	0.98	11.958	11.703	11.429	138791.36	116053.42	106066.22	2.51
2016-06-02	12.0	12.25	12.21	11.89	109044.79	0.22	1.83	11.75	11.597	11.424	114867.99	106530.0	105180.7	1.52
2016-06-01	12.05	12.3	12.02	11.95	138219.89	-0.03	-0.25	11.592	11.479	11.462	109148.46	108023.48	105560.5	1.93
2016-05-31	11.25	12.11	12.05	11.12	209168.48	0.87	7.78	11.458	11.358	11.504	101100.21	103329.86	105284.48	2.92
2016-05-30	11.25	11.4	11.18	11.02	57217.55	-0.11	-0.97	11.368	11.288	11.544	80751.4	93218.32	102925.12	0.8
2016-05-27	11.36	11.44	11.29	11.21	60689.25	-0.13	-1.14	11.448	11.313	11.605	93315.48	95373.58	108118.5	0.85
2016-05-26	11.3	11.44	11.42	11.0	80447.15	0.07	0.62	11.444	11.274	11.684	98192.0	96267.71	110916.33	1.12
2016-05-25	11.7	11.84	11.35	11.3	97978.6	-0.25	-2.15	11.366	11.234	11.747	106898.5	97029.43	112986.31	1.37
2016-05-24	11.59	11.7	11.6	11.34	107424.44	0.02	0.17	11.258	11.215	11.826	105559.52	93613.71	118480.59	1.5
2016-05-23	11.4	11.66	11.58	11.27	120037.98	0.31	2.75	11.208	11.182	11.874	105685.25	89891.54	119327.83	1.67
2016-05-20	10.9	11.35	11.27	10.66	85071.85	0.24	2.18	11.178	11.154	11.944	97431.68	96079.02	118866.42	1.19
2016-05-19	10.88	11.49	11.03	10.88	123979.65	0.22	2.04	11.104	11.25	12.035	94343.41	103831.39	123589.41	1.73
2016-05-18	11.24	11.26	10.81	10.66	91283.67	-0.54	-4.76	11.102	11.445	12.134	87160.36	103097.51	137430.0	1.3
2016-05-17	11.42	11.65	11.35	11.18	108053.08	-0.08	-0.7	11.172	11.65	12.302	81667.89	107239.1	141411.64	1.54
2016-05-16	10.9	11.46	11.43	10.82	78770.15	0.53	4.86	11.156	11.8	12.443	74097.84	112631.92	150042.11	1.12
2016-05-13	11.04	11.25	10.9	10.81	69630.48	-0.12	-1.09	11.13	11.896	12.561	94726.36	120863.42	153380.93	0.99
2016-05-12	11.08	11.12	11.02	10.7	88064.4	-0.14	-1.25	11.396	12.093	12.705	113319.38	125564.95	157131.24	1.25
2016-05-11	11.36	11.45	11.16	11.15	63821.36	-0.11	-0.98	11.788	12.26	12.832	119034.67	128943.19	163533.09	0.91
2016-05-10	11.1	11.46	11.27	11.08	70202.82	-0.03	-0.27	12.128	12.437	12.947	132810.31	143347.48	170273.35	1.0
2016-05-09	12.0	12.0	11.3	11.2	181912.73	-0.93	-7.6	12.444	12.565	13.077	151166.0	148764.12	178803.73	2.59
2016-05-06	12.98	13.16	12.23	12.19	162595.59	-0.75	-5.78	12.662	12.733	13.189	147000.49	141653.82	182634.93	2.31
2016-05-05	12.75	13.03	12.98	12.7	116640.83	0.12	0.93	12.79	12.82	13.233	137810.51	143347.43	187625.92	1.66
2016-05-04	12.75	13.09	12.86	12.7	132699.59	0.01	0.08	12.732	12.823	13.276	138851.72	171762.5	197513.18	1.89
2016-05-03	12.45	12.87	12.85	12.06	161981.28	0.46	3.71	12.746	12.954	13.303	153884.64	175584.18	202341.65	2.3
2016-04-29	12.68	12.87	12.39	12.38	161085.16	-0.48	-3.73	12.686	13.086	13.329	146362.23	187452.29	201177.63	2.29
2016-04-28	12.75	12.96	12.87	12.52	116645.69	0.18	1.42	12.804	13.225	13.372	136307.16	185898.44	203257.68	1.66
2016-04-27	13.0	13.0	12.69	12.6	121846.88	-0.24	-1.86	12.85	13.316	13.403	148884.35	188697.54	209321.87	1.73
2016-04-26	12.65	13.27	12.93	12.6	207864.2	0.38	3.03	12.914	13.404	13.432	204673.28	198122.98	214837.52	2.96
2016-04-25	12.96	12.96	12.55	12.38	124369.24	-0.43	-3.31	13.162	13.457	13.453	197283.73	197199.22	217262.07	1.77
2016-04-22	12.86	13.15	12.98	12.8	110809.78	-0.12	-0.92	13.486	13.589	13.477	228542.35	208843.35	227311.42	1.58
2016-04-21	12.99	13.1	13.1	12.51	179531.64	0.09	0.69	13.646	13.644	13.445	235489.72	223616.03	237410.4	2.55
2016-04-20	14.39	14.57	13.01	12.75	400791.53	-1.16	-8.19	13.782	13.646	13.361	228510.74	231904.42	235123.29	5.7
2016-04-19	14.1	14.27	14.17	13.83	170916.44	0.0	0.0	13.894	13.728	13.287	191572.68	223263.87	221663.11	2.43
2016-04-18	13.73	14.44	14.17	13.5	280662.34	0.39	2.83	13.752	13.651	13.171	197114.72	229099.12	223751.49	3.99
2016-04-15	13.8	13.9	13.78	13.62	145546.64	0.0	0.0	13.692	13.571	13.022	189144.35	214902.97	214287.47	2.07
2016-04-14	13.75	13.79	13.78	13.5	144636.75	0.21	1.55	13.642	13.518	12.891	211742.34	220616.92	213320.84	2.06
2016-04-13	13.55	13.95	13.57	13.44	216101.25	0.11	0.82	13.51	13.489	12.772	235298.1	229946.2	214855.11	3.07
2016-04-12	13.85	13.85	13.46	13.21	198626.61	-0.41	-2.96	13.562	13.459	12.67	254955.05	231552.06	213471.39	2.83
2016-04-11	13.87	14.19	13.87	13.83	240810.52	0.34	2.51	13.55	13.448	12.56	261083.52	237324.93	212557.36	3.43
2016-04-08	12.98	13.58	13.53	12.58	258536.59	0.41	3.12	13.45	13.364	12.401	240661.58	245779.49	208301.07	3.68
2016-04-07	13.72	13.95	13.12	13.0	262415.53	-0.71	-5.13	13.394	13.246	12.296	229491.5	251204.77	207826.37	3.73
2016-04-06	14.0	14.68	13.83	13.68	314386.0	0.43	3.21	13.468	13.075	12.225	224594.3	238342.16	207318.2	4.47
2016-03-28	13.61	13.97	13.4	13.26	229268.94	0.03	0.22	13.356	12.846	12.075	208149.08	220062.35	205205.92	3.26
2016-03-25	13.16	13.5	13.37	13.1	138700.86	0.12	0.91	13.346	12.69	11.954	213566.33	218403.86	202269.43	1.97
2016-03-24	13.2	13.57	13.25	13.13	202686.16	-0.24	-1.78	13.278	12.472	11.896	250897.39	213671.98	204016.95	2.88
2016-03-23	13.19	13.53	13.49	12.92	237929.55	0.22	1.66	13.098	12.263	11.848	272918.05	206024.77	203402.42	3.38
2016-03-22	13.0	13.79	13.27	12.93	232159.88	-0.08	-0.6	12.682	12.054	11.856	252090.01	199764.03	198853.2	3.3
2016-03-21	13.4	13.48	13.35	13.0	256355.22	0.32	2.46	12.336	11.881	11.883	231975.62	195390.72	196576.93	3.65
2016-03-18	12.62	13.3	13.03	12.6	325356.16	0.68	5.51	12.034	11.671	11.931	223241.39	187789.79	191771.45	4.63
2016-03-17	11.47	12.5	12.35	11.47	312789.44	0.94	8.24	11.666	11.437	11.983	176446.56	170822.66	183463.0	4.45
2016-03-16	11.77	11.88	11.41	11.31	133789.36	-0.13	-1.13	11.428	11.346	12.065	139131.49	164447.96	176592.51	1.9
2016-03-15	11.79	11.95	11.54	11.48	131587.92	-0.3	-2.53	11.426	11.374	12.219	147438.04	176294.24	177392.97	1.87
2016-03-14	11.5	12.12	11.84	11.39	212684.08	0.65	5.81	11.426	11.304	12.379	158805.81	190349.5	177526.13	3.03
2016-03-11	10.96	11.29	11.19	10.8	91381.98	0.03	0.27	11.308	11.218	12.501	152338.18	186134.99	175027.4	1.3
2016-03-10	11.77	11.77	11.16	11.14	126214.1	-0.24	-2.1	11.208	11.319	12.626	165198.76	194361.92	176282.32	1.8
2016-03-09	11.14	11.9	11.4	11.07	175322.11	-0.14	-1.21	11.264	11.432	12.789	189764.44	200780.07	179357.9	2.49
2016-03-08	11.03	11.65	11.54	10.6	188426.8	0.29	2.58	11.322	11.658	12.899	205150.44	197942.37	179660.86	2.68
2016-03-07	10.94	11.65	11.25	10.92	180345.91	0.56	5.24	11.182	11.885	13.002	221893.18	197763.14	179632.4	2.57
2016-03-04	11.45	11.48	10.69	10.6	155684.88	-0.75	-6.56	11.128	12.191	13.058	219931.8	195753.11	177544.74	2.21
2016-03-03	11.66	12.19	11.44	11.41	249042.48	-0.25	-2.14	11.43	12.529	13.136	223525.07	196103.34	177574.17	3.54
2016-03-02	10.86	11.86	11.69	10.61	252252.12	0.85	7.84	11.6	12.784	13.15	211795.71	188737.06	172685.13	3.59
2016-03-01	10.97	11.15	10.84	10.0	272140.5	-0.14	-1.27	11.994	13.064	13.173	190734.3	178491.69	172476.54	3.87
2016-02-29	12.15	12.15	10.98	10.98	170539.0	-1.22	-10.0	12.588	13.453	13.273	173633.09	164702.76	165543.52	2.43
2016-02-26	12.28	12.48	12.2	11.36	173651.27	-0.09	-0.73	13.254	13.784	13.436	171574.43	163919.82	162975.69	2.47
2016-02-25	13.6	13.6	12.29	12.29	190395.66	-1.37	-10.03	13.628	13.932	13.55	168681.61	158202.72	162399.2	2.71
2016-02-24	13.73	13.92	13.66	13.13	146945.09	-0.15	-1.09	13.968	14.146	13.627	165678.41	157935.72	164556.79	2.09
2016-02-23	14.25	14.31	13.81	13.45	186634.45	-0.5	-3.49	14.134	14.14	13.672	166249.09	161379.36	170084.23	2.65
2016-02-22	14.2	14.49	14.31	14.0	160245.67	0.24	1.71	14.318	14.119	13.689	155772.44	161501.66	172620.62	2.28
2016-02-19	13.91	14.25	14.07	13.78	159187.16	0.08	0.57	14.314	13.924	13.655	156265.21	159336.37	176922.04	2.26
2016-02-18	14.64	14.7	13.99	13.97	175379.7	-0.5	-3.45	14.236	13.743	13.617	147723.83	159045.0	179867.93	2.49
2016-02-17	14.7	14.71	14.49	14.03	149798.45	-0.24	-1.63	14.324	13.516	13.607	150193.02	156633.19	180297.47	2.13
2016-02-16	14.19	15.0	14.73	14.1	134251.2	0.44	3.08	14.146	13.282	13.534	156509.63	166461.39	179042.76	1.91
2016-02-15	12.96	14.4	14.29	12.96	162709.56	0.61	4.46	13.92	13.092	13.472	167230.88	166384.27	181171.93	2.31
2016-02-05	14.3	14.58	13.68	13.65	116480.23	-0.75	-5.2	13.534	13.088	13.416	162407.53	162031.56	183760.26	1.66
2016-02-04	13.61	14.7	14.43	13.61	187725.67	0.83	6.1	13.25	13.168	13.463	170366.16	166595.69	188365.72	2.67
2016-02-03	13.5	13.88	13.6	13.36	181381.48	0.0	0.0	12.708	13.108	13.493	163073.36	171177.87	180886.81	2.58
2016-02-02	12.4	13.6	13.6	12.38	187857.47	1.24	10.03	12.418	13.203	13.647	176413.16	178789.1	179109.26	2.67
2016-02-01	12.22	12.85	12.36	12.02	138592.78	0.1	0.82	12.264	13.259	13.795	165537.67	183739.58	183308.22	1.97
2016-01-29	11.4	12.53	12.26	11.4	156273.41	0.54	4.61	12.642	13.385	13.992	161655.58	194507.72	183623.79	2.22
2016-01-28	11.95	12.1	11.72	11.35	151261.67	-0.43	-3.54	13.086	13.491	14.284	162825.22	200690.87	183685.77	2.15
2016-01-27	12.76	13.18	12.15	11.55	248080.45	-0.68	-5.3	13.508	13.698	14.604	179282.37	203961.74	182613.18	3.53
2016-01-26	14.0	14.14	12.83	12.83	133480.02	-1.42	-9.96	13.988	13.786	14.886	181165.05	191624.12	178139.86	1.9
2016-01-25	14.72	14.84	14.25	13.87	119182.37	-0.23	-1.59	14.254	13.852	15.144	201941.5	195959.58	180181.69	1.7
2016-01-22	14.1	14.51	14.48	13.8	162121.58	0.65	4.7	14.128	13.744	15.369	227359.85	205488.97	179949.28	2.31
2016-01-21	14.3	15.15	13.83	13.5	233547.44	-0.72	-4.95	13.896	13.757	15.565	238556.53	210135.74	179792.79	3.32
2016-01-20	13.95	15.0	14.55	13.85	257493.83	0.39	2.75	13.888	13.877	15.804	228641.11	190595.76	177869.0	3.66
2016-01-19	13.45	14.27	14.16	13.11	237362.27	0.54	3.96	13.584	14.091	16.024	202083.19	179429.41	175206.35	3.38
2016-01-18	12.96	13.73	13.62	12.7	246274.12	0.3	2.25	13.45	14.331	16.275	189977.66	182876.86	177484.32	3.5
2016-01-15	13.49	14.0	13.32	13.18	218104.98	-0.47	-3.41	13.36	14.598	16.56	183618.08	172739.87	181347.46	3.33
2016-01-14	12.49	13.85	13.79	12.08	183970.36	0.76	5.83	13.618	15.076	16.846	181714.96	166680.68	184444.34	2.81
2016-01-13	13.79	14.0	13.03	13.0	124704.23	-0.46	-3.41	13.866	15.509	17.065	152550.41	161264.61	183660.55	1.9
2016-01-12	13.41	13.8	13.49	12.7	176834.62	0.32	2.43	14.598	15.985	17.34	156775.63	164655.6	188618.03	2.7
2016-01-11	14.0	14.65	13.17	13.16	214476.22	-1.44	-9.86	15.212	16.436	17.545	175776.05	164403.8	186982.25	3.27
2016-01-08	15.55	15.6	14.61	13.6	208589.36	-0.42	-2.79	15.836	16.993	17.749	161861.66	154409.6	182003.27	3.18
2016-01-07	16.5	16.5	15.03	15.02	38147.63	-1.66	-9.95	16.534	17.372	17.889	151646.4	149449.84	180622.81	0.58
2016-01-06	16.67	16.8	16.69	16.15	145830.3	0.13	0.79	17.152	17.731	17.989	169978.81	165142.24	188350.6	2.23
2016-01-05	14.71	17.35	16.56	14.71	271836.75	0.27	1.66	17.372	17.956	18.039	172535.56	170983.28	191978.84	4.15
2016-01-04	17.77	17.96	16.29	16.29	144904.28	-1.81	-10.0	17.66	18.219	18.097	153031.54	172091.79	186384.17	2.21
2015-12-31	18.12	18.53	18.1	17.46	157513.02	-0.02	-0.11	18.15	18.521	18.155	146957.53	189955.05	188043.33	2.4
2015-12-30	17.87	18.27	18.12	17.57	129809.72	0.33	1.85	18.21	18.616	18.15	147253.29	202208.0	188363.66	1.98
2015-12-29	17.86	18.0	17.79	17.29	158614.05	-0.21	-1.17	18.31	18.621	18.117	160305.66	206056.5	195481.5	2.42
2015-12-28	18.87	19.0	18.0	17.98	174316.64	-0.74	-3.95	18.54	18.694	18.17	169431.0	212580.46	196144.73	2.66
2015-12-25	18.48	18.82	18.74	18.26	114534.24	0.34	1.85	18.778	18.653	18.25	191152.03	209560.69	202793.84	1.75
2015-12-24	18.67	18.77	18.4	17.69	158991.8	-0.22	-1.18	18.892	18.504	18.263	232952.57	209596.94	216150.88	2.43
2015-12-23	18.9	19.2	18.62	18.6	195071.56	-0.32	-1.69	19.022	18.406	18.362	257162.7	211795.77	226451.16	2.98
2015-12-22	19.49	19.5	18.94	18.75	204240.77	-0.25	-1.3	18.932	18.246	18.427	251807.33	211558.97	230347.93	3.12
2015-12-21	19.48	19.5	19.19	18.6	282921.78	-0.12	-0.62	18.848	18.122	18.47	255729.92	212974.4	232775.81	4.32
2015-12-18	19.18	20.29	19.31	19.1	323536.94	0.26	1.36	18.528	17.975	18.53	227969.36	200676.54	241760.91	4.94
2015-12-17	18.41	19.08	19.05	18.3	280042.47	0.88	4.84	18.116	17.788	18.569	186241.32	186131.61	244875.47	4.28
2015-12-16	18.41	18.68	18.17	18.1	168294.7	-0.35	-1.89	17.79	17.683	18.622	166428.83	174519.32	248441.9	2.57
2015-12-15	17.59	18.68	18.52	17.46	223853.73	0.93	5.29	17.56	17.613	18.716	171310.6	184906.51	257134.41	3.42
2015-12-14	17.02	17.6	17.59	16.68	144118.95	0.34	1.97	17.396	17.646	18.745	170218.88	179709.0	263659.83	2.2
2015-12-11	17.5	17.7	17.25	17.15	114896.74	-0.17	-0.98	17.422	17.846	18.834	173383.73	196026.99	280540.37	1.75
2015-12-10	17.05	17.69	17.42	16.95	180980.05	0.4	2.35	17.46	18.021	18.856	186021.89	222704.81	290533.05	2.76
2015-12-09	17.77	17.85	17.02	16.84	192703.55	-0.68	-3.84	17.576	18.318	18.845	182609.81	241106.56	297700.29	2.94
2015-12-08	17.8	18.21	17.7	17.5	218395.12	-0.02	-0.11	17.666	18.607	18.874	198502.42	249136.89	301471.54	3.33
2015-12-07	17.68	17.79	17.72	17.03	159943.19	0.28	1.61	17.896	18.817	18.816	189199.11	252577.23	296822.19	2.44
2015-12-04	17.91	18.0	17.44	17.3	178087.56	-0.56	-3.11	18.27	19.084	18.763	218670.26	282845.27	300163.46	2.72
2015-12-03	17.61	18.05	18.0	17.41	163919.62	0.53	3.03	18.582	19.35	18.767	259387.72	303619.34	304608.38	2.5
2015-12-02	18.87	19.2	17.47	16.97	272166.62	-1.38	-7.32	19.06	19.56	18.752	299603.31	322364.49	309033.0	4.16
2015-12-01	19.81	19.84	18.85	18.58	171878.58	-0.74	-3.78	19.548	19.819	18.769	299771.35	329362.3	318682.5	2.62
2015-11-30	19.2	19.98	19.59	17.5	307298.91	0.59	3.1	19.738	19.844	18.678	315955.34	347610.66	324282.02	4.69
2015-11-27	19.89	21.63	19.0	18.7	381674.88	-1.39	-6.82	19.898	19.821	18.554	347020.29	365053.75	324131.25	5.83
2015-11-26	20.5	21.79	20.39	20.0	364997.56	0.48	2.41	20.118	19.691	18.474	347850.96	358361.29	326587.43	5.57
2015-11-25	20.0	20.31	19.91	19.8	273006.81	0.11	0.56	20.06	19.372	18.314	345125.67	354294.01	330727.91	4.17
2015-11-24	20.02	20.38	19.8	19.28	252798.52	-0.59	-2.89	20.09	19.14	18.171	358953.25	353806.2	338262.51	3.86
2015-11-23	22.11	22.11	20.39	20.02	462623.66	0.29	1.44	19.95	18.815	18.127	379265.99	341067.16	348198.03	7.06
2015-11-13	19.9	20.85	20.1	19.6	385828.25	0.0	0.0	19.744	18.442	18.043	383087.22	317481.64	354283.06	5.89
2015-11-12	20.2	21.2	20.1	19.95	351371.09	0.04	0.2	19.264	18.183	17.896	368871.62	305597.42	360154.96	5.36
2015-11-11	19.0	20.15	20.06	18.81	342144.75	0.96	5.03	18.684	17.944	17.743	363462.36	295701.52	371983.45	5.22
2015-11-10	19.4	19.7	19.1	18.75	354362.19	-0.26	-1.34	18.19	17.718	17.555	348659.14	308002.71	372469.36	5.41
2015-11-09	17.7	19.41	19.36	17.5	481729.81	1.66	9.38	17.68	17.512	17.456	302868.32	300953.37	375476.41	7.35
2015-11-06	17.26	17.93	17.7	17.26	314750.28	0.5	2.91	17.14	17.287	17.317	251876.07	283208.74	372779.69	4.81
2015-11-05	17.6	18.2	17.2	17.09	324324.78	-0.39	-2.22	17.102	17.256	17.202	242323.21	294813.57	371515.6	4.95
2015-11-04	16.7	17.59	17.59	16.7	268128.62	1.04	6.28	17.204	17.256	17.121	227940.68	307161.8	373659.46	4.09
2015-11-03	16.56	17.11	16.55	16.46	125408.13	-0.11	-0.66	17.246	17.201	16.989	267346.28	322718.82	360442.03	1.91
2015-11-02	16.77	17.44	16.66	16.42	226768.53	-0.85	-4.85	17.344	17.439	16.888	299038.42	355328.9	365672.25	3.46
2015-10-30	17.53	18.11	17.51	16.9	266986.0	-0.2	-1.13	17.434	17.643	16.809	314541.42	391084.48	370989.11	4.08
2015-10-29	17.9	18.0	17.71	17.4	252412.12	-0.09	-0.51	17.41	17.609	16.7	347303.93	414712.5	382205.09	3.85
2015-10-28	17.08	18.58	17.8	17.08	465156.62	0.76	4.46	17.308	17.542	16.544	386382.93	448265.39	404887.08	7.1
2015-10-27	17.1	17.35	17.04	16.0	283868.84	-0.07	-0.41	17.156	17.391	16.465	378091.37	436936.01	453028.03	4.33
2015-10-26	17.6	17.8	17.11	16.72	304283.5	-0.28	-1.61	17.534	17.4	16.503	411619.38	449999.44	439435.79	4.65
2015-10-23	17.22	17.57	17.39	16.5	430798.56	0.19	1.1	17.852	17.347	17.625	467627.54	462350.64	424265.91	6.58
2015-10-22	16.65	17.53	17.2	16.0	447807.12	0.16	0.94	17.808	17.148	18.953	482121.07	448217.63	402794.74	6.84
2015-10-21	18.93	19.0	17.04	17.04	423698.81	-1.89	-9.98	17.776	16.985	20.535	510147.84	440157.12	380428.28	6.47
2015-10-20	18.6	19.39	18.93	18.0	451508.91	0.23	1.23	17.626	16.776	22.396	495780.64	398165.24	368952.65	6.89
2015-10-19	17.21	18.85	18.7	17.21	584324.31	1.53	8.91	17.266	16.337	24.158	488379.51	376015.6	355159.21	8.92
2015-10-16	17.17	17.6	17.17	16.4	503266.19	0.13	0.76	16.842	15.975	25.688	457073.74	350893.75	336070.74	7.68
2015-10-15	16.09	17.59	17.04	16.09	587941.0	0.75	4.6	16.488	15.791	27.353	414314.18	349697.67	321241.83	8.98
2015-10-14	17.02	17.28	16.29	16.2	351862.81	-0.84	-4.9	16.194	15.546	28.794	370166.4	361508.77	297060.19	5.37
2015-10-13	16.4	17.49	17.13	16.11	414503.22	0.55	3.32	15.926	15.538	30.065	300549.84	469120.06	287131.73	6.33
2015-10-12	15.5	16.87	16.58	15.5	427795.47	1.18	7.66	15.408	15.605	31.403	263651.7	428872.13	273849.4	6.53
2015-10-09	15.58	15.85	15.4	15.17	289468.41	-0.17	-1.09	15.108	17.903	32.864	244713.75	386181.19	259158.85	4.42
2015-10-08	15.02	15.97	15.57	14.8	367202.09	1.03	7.08	15.094	20.758	34.32	285081.17	357371.85	250783.6	5.61
2015-10-07	15.15	15.42	14.95	14.85	3780.0	0.41	2.82	14.898	24.084	35.71	352851.15	320699.44	240459.92	0.06
2015-09-30	15.2	15.53	14.54	14.34	230012.52	-0.54	-3.58	15.15	28.015	37.179	637690.27	339740.05	248331.46	3.51
2015-09-29	14.95	15.83	15.08	14.81	333105.75	-0.25	-1.63	15.802	31.979	38.467	594092.57	334302.81	247628.9	5.09
2015-09-28	14.21	15.69	15.33	14.2	491305.47	0.74	5.07	20.698	35.401	39.638	527648.62	321247.74	239730.25	7.5
2015-09-25	15.38	15.67	14.59	14.59	706052.0	-1.62	-9.99	26.422	38.914	40.912	429662.52	292785.99	224766.63	10.78
2015-09-24	16.02	17.25	16.21	16.02	1427975.62	-1.59	-8.93	33.27	42.042	42.198	288547.72	232611.62	198180.09	21.8
2015-09-23	17.8	17.8	17.8	17.8	12024.0	-1.98	-10.01	40.88	44.591	43.467	41789.83	105143.4	137209.14	0.18
2015-09-22	39.56	39.56	39.56	39.56	886.0	-4.39	-9.99	48.156	47.201	44.514	74513.05	118826.66	143929.89	0.03
2015-09-21	43.95	43.95	43.95	43.95	1375.0	-4.88	-9.99	50.104	47.825	46.061	114846.86	132136.52	147046.9	0.04
2015-09-18	48.83	48.83	48.83	48.83	478.0	-5.43	-10.01	51.406	47.881	47.363	155909.46	144195.36	151016.65	0.01
2015-06-01	56.91	56.91	54.26	53.5	194186.17	0.08	0.15	50.814	47.336	48.181	176675.51	160220.4	154783.48	5.93
2015-05-29	48.5	54.18	54.18	46.8	175640.09	4.88	9.9	48.302	46.343	48.771	168496.96	156922.87	148613.68	5.36
2015-05-28	51.7	55.0	49.3	48.5	202555.03	-1.16	-2.3	46.246	44.955	49.37	163140.28	160954.98	146167.6	6.19
2015-05-27	48.7	50.46	50.46	46.88	206688.0	4.59	10.01	45.546	43.875	49.921	149426.18	158212.76	140648.16	6.31
2015-05-26	42.1	45.87	45.87	42.1	104308.24	4.17	10.0	44.356	42.909	50.14	132481.26	156747.28	133197.26	3.19
2015-05-25	42.0	44.07	41.7	41.0	153293.45	-2.2	-5.01	43.858	42.353	50.746	143765.29	163748.57	131727.7	4.68
2015-05-22	45.85	46.24	43.9	42.45	148856.66	-1.9	-4.15	44.384	42.342	51.446	145348.79	169274.88	128042.46	4.55
2015-05-21	44.2	46.7	45.8	44.0	133984.56	1.29	2.9	43.664	41.826	52.085	158769.69	169033.13	124891.93	4.09
2015-05-20	43.5	47.29	44.51	43.5	121963.39	1.13	2.6	42.204	44.296	52.53	166999.34	161957.29	122163.39	3.72
2015-05-19	46.0	46.26	43.38	42.3	160728.38	-0.95	-2.14	41.462	46.845	52.888	181013.29	157837.94	119054.64	4.91
2015-05-18	41.55	44.33	44.33	40.88	161210.95	4.03	10.0	40.848	49.026	53.143	183731.85	149346.56	113750.63	4.92
2015-05-15	37.6	41.99	40.3	36.8	215961.17	1.8	4.67	40.3	51.199	53.345	193200.97	140304.49	110458.98	6.59
2015-05-14	40.0	41.98	38.5	38.44	175132.8	-2.3	-5.64	39.988	53.786	53.781	179296.56	131380.22	103159.74	5.35
2015-05-13	39.2	42.14	40.8	37.1	192033.16	0.49	1.22	46.388	55.966	54.491	156915.23	123083.57	96909.74	5.86
2015-05-12	41.28	41.28	40.31	39.4	174321.19	-1.28	-3.08	52.228	57.371	55.234	134662.58	109647.24	90310.21	5.32
2015-05-11	38.97	41.66	41.59	37.0	208556.55	2.85	7.36	57.204	59.139	56.102	114961.26	99706.82	86465.42	6.37
2015-05-08	35.0	38.74	38.74	35.0	146439.11	3.52	9.99	62.098	60.549	56.788	87408.0	86810.05	80039.19	4.47
2015-05-07	69.0	74.0	70.5	68.1	63226.15	0.5	0.71	67.584	62.344	57.546	83463.88	80750.73	76237.31	3.97
2015-05-06	65.04	71.71	70.0	65.0	80769.92	4.81	7.38	65.544	60.763	56.751	89251.91	82369.5	76613.52	5.07
2015-05-05	67.0	67.0	65.19	62.57	75814.58	-0.87	-1.32	62.514	58.931	56.088	84631.9	80271.34	76296.82	4.76
2015-05-04	66.0	68.64	66.06	64.21	70790.25	-0.11	-0.17	61.074	57.259	55.658	84452.38	78154.7	76231.94	4.45
2015-04-30	61.15	66.33	66.17	61.15	126718.49	5.87	9.73	59.0	55.491	55.178	86212.09	80613.47	78540.13	7.96
2015-04-29	53.7	60.34	60.3	53.25	92166.29	5.45	9.94	57.104	53.776	54.469	78037.59	74939.25	75099.91	5.79
2015-04-28	58.33	58.38	54.85	54.0	57669.89	-3.14	-5.42	55.982	53.016	54.032	75487.1	70735.9	74033.6	3.62
2015-04-27	56.05	58.98	57.99	55.74	74916.98	2.3	4.13	55.348	53.096	53.764	75910.77	70973.17	75236.51	4.7
2015-04-24	55.0	57.4	55.69	53.0	79588.81	-1.0	-1.76	53.444	53.065	53.511	71857.02	73224.02	74365.35	5.0
2015-04-23	54.5	57.31	56.69	54.0	85845.98	2.0	3.66	51.982	53.026	53.304	75014.85	73268.34	75503.26	5.39
2015-04-22	52.0	56.03	54.69	51.0	79413.86	3.01	5.82	50.448	52.747	53.275	71840.92	71723.89	76111.68	4.99
2015-04-21	48.58	51.89	51.68	48.58	59788.23	3.21	6.62	50.05	52.738	53.442	65984.7	70857.54	79754.64	3.75
2015-04-20	48.0	51.0	48.47	47.33	54648.21	0.09	0.19	50.844	53.245	53.496	66035.56	72322.3	81815.98	3.43
2015-04-17	49.13	50.57	48.38	46.66	95377.98	-0.64	-1.31	52.686	54.057	53.597	74591.03	74309.18	83183.9	5.99
2015-04-16	52.7	53.83	49.02	47.43	69976.32	-3.68	-6.98	54.07	54.864	53.643	71521.82	76466.78	80595.68	4.39
2015-04-15	54.52	55.95	52.7	51.25	50132.77	-2.95	-5.3	55.046	55.162	53.721	71606.87	75260.56	79873.47	3.15
2015-04-14	57.1	58.43	55.65	54.5	60042.54	-2.03	-3.52	55.426	55.047	53.569	75730.38	77331.3	80433.96	3.77
2015-04-13	55.5	58.0	57.68	54.2	97425.52	2.38	4.3	55.646	54.432	53.294	78609.03	79499.85	80984.13	6.12
2015-04-10	53.0	56.5	55.3	52.63	80031.96	1.4	2.6	55.428	53.957	52.76	74027.34	75506.68	78730.56	5.03
2015-04-09	54.9	54.9	53.9	49.19	70401.54	-0.7	-1.28	55.658	53.581	52.185	81411.74	77738.19	77800.55	4.42
2015-04-08	56.78	56.82	54.6	52.05	70750.34	-2.15	-3.79	55.278	53.803	51.794	78914.26	80499.47	77018.03	4.44
2015-04-07	56.52	59.0	56.75	55.62	74435.79	0.16	0.28	54.668	54.146	51.464	78932.21	88651.74	75819.92	4.67
2015-04-03	55.5	57.0	56.59	54.31	74517.07	0.14	0.25	53.218	53.746	50.965	80390.67	91309.66	74534.49	4.68
2015-04-02	52.5	56.58	56.45	52.5	116953.97	4.45	8.56	52.486	53.136	50.485	76986.02	92058.61	73865.84	7.34
2015-04-01	51.55	52.75	52.0	50.8	57914.13	0.45	0.87	51.504	52.421	50.233	74064.63	84724.57	70944.59	3.64
2015-03-31	49.61	51.88	51.55	49.61	70840.1	2.05	4.14	52.328	52.281	50.229	82084.68	84486.37	71069.23	4.45
2015-03-30	53.0	54.9	49.5	49.0	81728.09	-3.43	-6.48	53.624	52.091	50.012	98371.26	83536.62	70368.61	5.13
2015-03-27	50.05	53.61	52.93	50.05	57493.8	1.39	2.7	54.274	52.156	50.037	102228.65	82468.41	70008.67	3.61
2015-03-26	54.9	54.91	51.54	50.51	102347.02	-4.58	-8.16	53.786	51.563	49.808	107131.2	81954.44	72350.05	6.43
2015-03-25	58.3	59.2	56.12	56.0	98014.41	-1.91	-3.29	53.338	50.789	49.521	95384.51	77862.91	73152.36	6.16
2015-03-24	52.59	58.03	58.03	51.0	152273.0	5.28	10.01	52.234	49.785	48.841	86888.06	73536.58	70558.87	9.56
2015-03-23	50.53	53.5	52.75	49.53	101015.04	2.26	4.48	50.558	48.781	48.167	68701.98	62988.11	63048.12	6.34
2015-03-20	48.28	53.1	50.49	48.28	82006.51	1.19	2.41	50.038	48.183	47.745	62708.17	57759.32	60649.13	5.15
2015-03-19	50.38	50.38	49.3	48.47	43613.58	-1.3	-2.57	49.34	47.833	47.503	56777.68	55673.07	60905.04	2.74
2015-03-18	49.0	51.6	50.6	48.28	55532.15	0.95	1.91	48.24	48.045	47.303	60341.31	57164.61	63063.44	3.49
2015-03-17	50.56	50.6	49.65	48.1	61342.63	-0.5	-1.0	47.336	48.177	46.936	60185.1	57652.08	68382.71	3.85
2015-03-16	48.0	51.51	50.15	47.99	71045.98	3.15	6.7	47.004	47.932	46.49	57274.23	57200.6	71094.77	4.46
2015-03-13	44.5	47.48	47.0	44.01	52354.04	3.2	7.31	46.328	47.917	45.834	52810.47	57548.92	71044.6	3.29
2015-03-12	46.08	47.08	43.8	43.38	61431.73	-2.28	-4.95	46.326	48.052	45.382	54568.46	62745.67	74919.5	3.86
2015-03-11	47.65	47.66	46.08	45.68	54751.14	-1.91	-3.98	47.85	48.252	45.052	53987.92	68441.82	76382.7	3.44
2015-03-10	46.89	49.29	47.99	46.89	46788.27	1.22	2.61	49.018	47.896	44.488	55119.06	67581.16	76998.19	2.94
2015-03-09	46.9	48.58	46.77	44.68	48727.16	-0.22	-0.47	48.86	47.553	43.798	57126.97	63108.14	77435.42	3.06
2015-03-06	51.48	51.79	46.99	46.5	61143.98	-4.43	-8.62	49.506	47.306	43.222	62287.37	63538.95	78696.6	3.84
2015-03-05	52.5	54.65	51.42	50.0	58529.05	-0.5	-0.96	49.778	47.173	42.557	70922.88	66137.01	78419.57	3.68
2015-03-04	47.0	51.92	51.92	46.51	60406.83	4.72	10.0	48.654	46.561	41.621	82895.72	68962.26	77968.13	3.79
2015-03-03	49.95	50.88	47.2	47.0	56827.81	-2.8	-5.6	46.774	45.694	40.702	80043.26	79113.33	77655.51	3.57
2015-03-02	48.29	52.01	50.0	46.6	74529.17	1.65	3.41	46.246	45.048	40.072	69089.3	84988.95	77142.25	4.68
2015-02-27	44.0	49.5	48.35	43.58	104321.55	2.55	5.57	45.106	43.752	39.387	64790.53	84540.27	76444.76	6.55
2015-02-26	42.55	45.8	45.8	38.8	118393.23	3.28	7.71	44.568	42.712	38.755	61351.13	87093.32	73449.01	7.44
2015-02-25	45.0	45.2	42.52	41.8	46144.56	-1.78	-4.02	44.468	41.852	38.17	55028.8	84323.57	70529.5	2.9
2015-02-24	44.7	47.8	44.56	44.37	2058.01	0.26	0.59	44.614	41.079	37.807	78183.4	86415.21	71115.45	0.13
2015-02-17	45.5	45.58	44.3	43.51	53035.29	-1.36	-2.98	43.85	40.043	37.352	100888.59	91762.71	75532.31	3.33
2015-02-16	45.9	47.0	45.66	43.2	87124.55	0.36	0.8	42.398	39.138	36.966	104290.02	93854.25	77089.14	5.47
2015-02-13	44.0	46.04	45.3	43.54	86781.58	2.05	4.74	40.856	37.94	36.487	112835.51	90702.14	77205.54	5.45
2015-02-12	42.0	44.79	43.25	40.2	161917.59	2.51	6.16	39.236	36.68	35.988	113618.35	86974.01	76930.86	10.17
2015-02-11	37.39	40.74	40.74	37.08	115583.96	3.7	9.99	37.544	35.71	35.504	94647.02	76197.68	72331.78	7.26
2015-02-10	37.32	38.88	37.04	36.31	70042.41	-0.91	-2.4	36.236	35.096	35.098	82636.82	69295.55	70465.85	4.4
2015-02-09	37.4	40.92	37.95	37.0	129852.03	0.75	2.02	35.878	35.022	34.891	83418.47	68349.24	74101.55	8.16
2015-02-06	34.9	38.0	37.2	34.8	90695.75	2.41	6.93	35.024	34.797	34.533	68568.76	59804.71	73097.47	5.7
2015-02-05	34.4	35.5	34.79	33.0	67060.94	0.59	1.73	34.124	34.487	34.073	60329.67	56735.44	73001.87	4.21
2015-02-04	35.25	35.28	34.2	33.32	55532.95	-1.05	-2.98	33.876	34.534	33.665	57748.34	55815.68	73073.23	4.79
2015-02-03	33.48	35.9	35.25	33.48	73950.69	1.57	4.66	33.956	34.66	33.201	55954.29	59301.91	71769.66	6.37
2015-02-02	32.8	34.1	33.68	32.0	55603.49	0.98	3.0	34.166	34.793	32.696	53280.01	60324.03	70651.2	4.79
2015-01-30	33.73	34.08	32.7	32.26	49500.28	-0.85	-2.53	34.57	35.034	32.208	51040.65	63708.93	69578.16	4.27
2015-01-29	34.15	35.38	33.55	33.41	54154.29	-1.05	-3.04	34.85	35.295	31.793	53141.2	66887.7	69023.12	4.67
2015-01-28	35.8	36.68	34.6	34.18	46562.71	-1.7	-4.68	35.192	35.297	31.334	53883.02	68465.87	67991.69	4.01
2015-01-27	35.7	36.4	36.3	34.3	60579.29	0.6	1.68	35.364	35.099	30.811	62649.54	71636.15	67695.14	5.22
2015-01-26	34.24	35.8	35.7	34.24	44406.67	1.6	4.69	35.42	34.759	30.264	67368.04	79853.87	66027.07	3.83
2015-01-23	35.06	35.43	34.1	33.51	60003.04	-1.16	-3.29	35.498	34.269	29.727	76377.21	86390.24	65633.35	5.17
2015-01-22	35.0	36.0	35.26	34.7	57863.41	-0.2	-0.56	35.74	33.659	29.265	80634.21	89268.31	64184.42	4.99
2015-01-21	36.0	36.75	35.46	34.79	90395.27	-1.12	-3.06	35.402	32.795	28.692	83048.72	90330.77	64375.58	7.79
2015-01-20	36.2	37.6	36.58	35.5	84171.82	0.49	1.36	34.834	31.742	28.158	80622.77	84237.42	62624.81	7.25
2015-01-19	34.2	38.5	36.09	33.8	89452.53	0.78	2.21	34.098	30.599	27.706	92339.69	80978.37	61664.58	7.71
2015-01-16	33.03	36.0	35.31	33.03	81288.01	1.74	5.18	33.04	29.383	27.377	96403.27	75447.38	60665.47	7.0
2015-01-15	32.0	35.5	33.57	32.0	69935.99	0.95	2.91	31.578	28.291	27.047	97902.4	71158.53	59950.45	6.03
2015-01-14	32.31	33.29	32.62	31.56	78265.49	-0.28	-0.85	30.188	27.37	26.846	97612.81	67517.51	62662.9	6.74
2015-01-13	31.65	33.86	32.9	31.6	142756.42	2.1	6.82	28.65	26.523	26.665	87852.06	63754.13	61222.2	12.3
2015-01-12	28.09	30.8	30.8	28.04	109770.43	2.8	10.0	27.1	25.768	26.338	69617.05	52200.27	56494.61	9.46
2015-01-09	26.47	28.5	28.0	26.47	88783.69	1.38	5.18	25.726	25.185	26.094	54491.5	44876.46	53101.34	7.65
2015-01-08	25.0	27.4	26.62	24.9	68488.04	1.69	6.78	25.004	24.87	26.004	44414.65	39100.53	51067.66	5.9
2015-01-07	25.1	25.1	24.93	24.61	29461.74	-0.22	-0.88	24.552	24.588	25.953	37422.21	38420.39	52545.64	2.54
2015-01-06	23.76	25.25	25.15	23.32	51581.37	1.22	5.1	24.396	24.574	26.119	39656.2	41012.21	55444.68	4.44
2015-01-05	24.3	24.6	23.93	23.3	34142.66	-0.46	-1.89	24.436	24.813	26.3	34783.48	42350.79	59200.27	2.94
2014-12-31	24.28	24.78	24.39	24.01	38399.45	0.03	0.12	24.644	25.371	26.565	35261.42	45883.55	64607.2	3.31
2014-12-30	24.16	24.88	24.36	24.0	33525.82	0.21	0.87	24.736	25.802	26.674	33786.4	48742.38	70519.56	2.86
2014-12-29	25.36	25.66	24.15	23.3	40631.68	-1.2	-4.73	24.624	26.321	26.812	39418.57	57808.28	70658.68	3.47
2014-12-26	24.97	25.7	25.35	24.68	27217.79	0.38	1.52	24.752	26.806	26.96	42368.22	58690.28	71649.44	2.32
2014-12-25	24.95	25.24	24.97	24.3	36532.34	0.12	0.48	25.19	26.907	27.019	49918.09	60788.96	74225.44	3.12
2014-12-24	24.09	25.14	24.85	24.09	31024.37	1.05	4.41	26.098	27.003	27.01	56505.69	61326.22	74533.29	2.65
2014-12-23	24.55	25.97	23.8	23.7	61686.67	-0.99	-3.99	26.868	27.137	27.039	63698.35	63034.79	75422.62	5.26
2014-12-22	27.6	27.67	24.79	24.79	55379.95	-2.75	-9.98	28.018	27.317	27.158	76198.0	66670.89	74443.13	4.73
2014-12-19	29.51	29.51	27.54	26.58	64967.12	-1.97	-6.68	28.86	27.664	27.219	75012.33	69877.15	74679.26	5.54
2014-12-18	28.75	30.36	29.51	28.75	69470.32	0.81	2.82	28.624	27.787	27.219	71659.84	76049.75	73662.23	5.93
2014-12-17	29.33	29.42	28.7	28.34	66987.71	-0.85	-2.88	27.908	27.759	27.16	66146.75	83330.85	73063.48	5.72
2014-12-16	30.47	30.74	29.55	29.1	124184.89	0.55	1.9	27.406	27.546	27.188	62371.23	92296.74	71942.47	10.6
2014-12-15	26.5	29.0	29.0	26.5	49451.63	2.64	10.02	26.616	27.302	27.137	57143.77	83509.07	67933.42	4.22
2014-12-12	25.98	26.49	26.36	25.81	48204.63	0.43	1.66	26.468	27.114	27.157	64741.97	84608.61	66782.41	4.11
2014-12-11	26.0	26.95	25.93	25.57	41904.87	-0.26	-0.99	26.95	27.131	27.331	80439.65	87661.92	66698.46	3.58
2014-12-10	25.54	26.77	26.19	24.01	48110.15	0.59	2.31	27.61	27.016	27.55	100514.96	87740.37	66281.04	4.11
2014-12-09	28.16	28.16	25.6	25.43	98047.59	-2.66	-9.41	27.686	26.941	27.813	122222.24	87810.45	65916.86	8.37
2014-12-08	28.0	28.95	28.26	27.42	87442.6	-0.51	-1.77	27.988	26.999	28.142	109874.36	82215.37	62877.36	7.46
2014-12-05	29.08	30.3	28.77	26.98	126693.06	-0.46	-1.57	27.76	26.773	28.34	104475.25	79481.38	61303.61	10.81
2014-12-04	26.73	29.23	29.23	26.6	142281.41	2.66	10.01	27.312	26.65	28.456	94884.18	71274.72	56977.36	12.14
2014-12-03	29.47	29.47	26.57	26.01	156646.52	-0.54	-1.99	26.422	26.561	28.483	74965.78	62796.11	51328.16	13.37
2014-11-19	27.0	27.94	27.11	26.71	36308.21	-0.01	-0.04	26.196	26.829	28.632	53398.66	51588.21	45146.61	3.1
2014-11-18	26.0	27.22	27.12	26.0	60447.07	0.59	2.22	26.01	26.971	28.796	54556.38	52357.78	45283.84	5.16
2014-11-17	24.9	26.96	26.53	24.9	78737.71	1.75	7.06	25.786	27.199	28.992	54487.5	48956.22	45320.72	6.72
2014-11-14	25.3	25.43	24.78	24.71	42689.41	-0.66	-2.59	25.988	27.53	29.217	47665.26	45735.0	45411.16	3.64
2014-11-13	26.18	26.37	25.44	25.32	48810.92	-0.74	-2.83	26.7	28.084	29.512	50626.43	44821.7	48282.88	4.16
2014-11-12	26.28	26.48	26.18	25.8	42096.8	0.18	0.69	27.462	28.685	29.93	49777.75	44023.28	48620.62	3.59
2014-11-11	27.64	28.79	26.0	25.86	60102.68	-1.54	-5.59	27.932	29.284	30.321	50159.17	43539.36	50790.44	5.13
2014-11-10	28.37	28.87	27.54	27.18	44626.51	-0.8	-2.82	28.612	29.906	30.621	43424.93	43125.85	50873.24	3.81
2014-11-07	29.26	29.39	28.34	28.0	57495.23	-0.91	-3.11	29.072	30.261	30.821	43804.74	42679.99	51012.49	4.91
2014-11-06	28.53	29.25	29.25	28.45	44567.52	0.72	2.52	29.468	30.404	30.964	39016.98	39860.22	51916.19	3.8
2014-11-05	29.5	29.58	28.53	28.5	44003.9	-0.87	-2.96	29.908	30.434	31.113	38268.8	38705.02	53618.46	3.75
2014-11-04	30.0	30.18	29.4	29.31	26431.49	-0.44	-1.48	30.636	30.62	31.313	36919.55	38209.9	56786.3	2.26
2014-11-03	30.31	30.73	29.84	29.65	46525.57	-0.48	-1.58	31.2	30.784	31.433	42826.76	41685.23	63500.39	3.97
2014-10-31	31.55	31.55	30.32	29.89	33556.41	-1.13	-3.59	31.45	30.903	31.388	41555.23	45087.31	70271.25	2.86
2014-10-30	31.93	32.1	31.45	31.16	40826.64	-0.72	-2.24	31.34	30.939	31.319	40703.47	51744.05	68615.46	3.48
2014-10-29	32.38	33.0	32.17	31.79	37257.64	-0.05	-0.15	30.96	31.174	31.061	39141.23	53217.97	66605.01	3.18
2014-10-28	31.26	33.13	32.22	31.26	55967.54	1.13	3.63	30.604	31.357	30.648	39500.26	58041.53	66385.93	4.78
2014-10-27	29.79	31.3	31.09	29.3	40167.93	1.32	4.43	30.368	31.336	30.185	40543.69	58620.63	65535.02	3.43
2014-10-24	29.59	30.44	29.77	29.24	29297.58	0.22	0.74	30.356	31.381	29.871	48619.39	59344.99	64495.46	2.5
2014-10-23	29.98	30.5	29.55	28.9	33015.45	-0.84	-2.76	30.538	31.524	29.617	62784.63	63972.15	63762.45	2.82
2014-10-22	31.04	31.2	30.39	29.97	39052.79	-0.65	-2.09	31.388	31.792	29.376	67294.7	68531.9	63557.32	3.33
2014-10-21	30.82	32.31	31.04	30.67	61184.71	0.01	0.03	32.11	32.006	29.064	76582.8	75362.7	62766.49	5.22
2014-10-20	30.6	31.3	31.03	29.03	80546.44	0.35	1.14	32.304	32.081	28.688	76697.57	85315.56	61288.41	6.87
2014-10-17	34.03	34.06	30.68	30.42	100123.76	-3.12	-9.23	32.406	31.873	28.354	70070.59	95455.18	59220.82	8.54
2014-10-16	33.4	35.08	33.8	33.15	55565.82	-0.2	-0.59	32.51	31.698	28.029	65159.67	85486.87	56785.83	4.74
2014-10-15	32.09	34.68	34.0	32.05	85493.27	1.99	6.22	32.196	30.948	27.604	69769.09	79992.06	56253.42	7.29
2014-10-14	31.56	33.03	32.01	31.16	61758.55	0.47	1.49	31.902	29.939	27.25	74142.59	74730.33	52985.26	5.27
2014-10-13	30.79	31.96	31.54	30.48	47411.57	0.34	1.09	31.858	29.034	27.04	93933.55	72449.41	51437.03	4.05
2014-10-10	31.6	31.98	31.2	30.79	75569.13	-1.03	-3.2	31.34	28.36	26.904	120839.78	69645.92	50887.07	6.45
2014-10-09	32.28	33.13	32.23	31.2	78612.92	-0.3	-0.92	30.886	27.71	26.726	105814.07	63552.76	48507.8	6.71
2014-10-08	31.35	33.13	32.53	30.51	107360.8	0.74	2.33	29.7	26.96	26.532	90215.03	58582.74	45795.22	9.16
2014-09-30	28.95	31.79	31.79	27.87	160713.34	2.84	9.81	27.976	26.122	26.349	75318.07	50170.28	41616.4	13.71
2014-09-29	31.82	31.82	28.95	28.58	181942.69	0.02	0.07	26.21	25.295	26.228	50965.27	37261.26	35626.44	15.52
2014-09-26	28.93	28.93	28.93	28.93	440.6	2.63	10.0	25.38	24.835	26.268	18452.07	22986.46	28913.68	0.04
2014-09-25	26.3	26.3	26.3	26.3	617.72	2.39	10.0	24.534	24.359	26.211	21291.44	28084.79	30321.64	0.05
2014-07-24	23.02	24.41	23.91	22.3	32875.98	0.95	4.14	24.22	24.26	26.215	26950.46	32514.79	31543.43	2.81
2014-07-23	24.83	24.88	22.96	22.83	38949.37	-1.84	-7.42	24.268	24.561	26.317	25022.5	31240.19	31130.44	3.32
2014-07-22	24.7	24.9	24.8	24.2	19376.69	0.1	0.41	24.38	25.045	26.43	23557.25	30424.65	29858.13	1.65
2014-07-21	24.85	24.96	24.7	24.02	14637.45	-0.03	-0.12	24.29	25.447	26.485	27520.84	32128.22	29427.94	1.25
2014-07-18	24.1	25.28	24.73	23.94	28912.79	0.58	2.4	24.184	25.742	26.55	34878.15	33462.85	29294.38	2.47
2014-07-17	23.41	24.21	24.15	23.32	23236.21	0.63	2.68	24.3	26.103	26.556	38079.12	33007.7	28342.31	1.98
2014-07-16	24.41	24.49	23.52	23.09	31623.09	-0.83	-3.41	24.854	26.575	26.573	37457.88	33062.51	28323.49	2.7
2014-07-15	24.3	24.95	24.35	24.01	39194.68	0.18	0.74	25.71	27.16	26.74	37292.04	33991.62	27778.12	3.34
2014-07-14	24.88	25.32	24.17	23.5	51423.97	-1.14	-4.5	26.604	27.701	26.85	36735.59	34840.9	27501.26	4.39
2014-07-11	26.79	27.08	25.31	24.23	44917.66	-1.61	-5.98	27.3	28.062	27.035	32047.54	32558.49	27261.12	3.83
2014-07-10	27.82	28.0	26.92	26.87	20130.0	-0.88	-3.17	27.906	28.169	27.172	27936.27	30572.06	27053.62	1.72
2014-07-09	28.5	29.68	27.8	27.71	30793.91	-1.02	-3.54	28.296	28.073	28.381	28667.15	31020.68	26713.13	2.63
2014-07-08	27.73	28.88	28.82	27.1	36412.43	1.17	4.23	28.61	27.815	29.529	30691.2	29291.61	25756.58	3.11
2014-07-07	28.5	28.5	27.65	27.34	27983.72	-0.69	-2.44	28.798	27.523	30.548	32946.2	26727.65	24563.15	2.39
2014-07-04	28.35	28.8	28.34	27.88	24361.28	-0.53	-1.84	28.824	27.358	31.565	33069.44	25125.91	23820.61	2.08
2014-07-03	29.52	29.88	28.87	28.6	23784.4	-0.5	-1.7	28.432	27.009	32.711	33207.86	23676.93	23135.27	2.03
2014-07-02	29.88	31.01	29.37	28.54	40914.15	-0.39	-1.31	27.85	26.571	33.86	33374.22	23584.47	22642.6	3.49
2014-07-01	27.48	30.15	29.76	27.32	47687.43	1.98	7.13	27.02	26.32	34.909	27892.03	21564.62	21206.23	4.07
2014-06-30	26.42	27.79	27.78	26.02	28599.93	1.4	5.31	26.248	25.998	35.916	20509.11	20161.63	19566.33	2.44
2014-06-27	25.95	26.94	26.38	25.6	25053.38	0.42	1.62	25.892	26.008	37.122	17182.38	21963.74	18906.07	2.14
2014-06-26	25.22	26.1	25.96	25.07	24616.2	0.74	2.93	25.586	26.175	38.302	14146.01	23535.17	18692.22	2.1
2014-06-25	25.8	25.8	25.22	24.94	13503.21	-0.68	-2.62	25.292	28.689	39.5	13794.72	22405.57	18825.39	1.15
2014-06-24	26.15	26.26	25.9	25.65	10772.84	-0.1	-0.39	25.62	31.242	40.603	15237.21	22221.55	19155.67	0.92
2014-06-23	25.1	26.0	26.0	25.1	11966.26	1.15	4.63	25.748	33.572	41.783	19814.14	22398.64	19707.32	1.02
2014-06-20	24.36	25.18	24.85	24.36	9871.53	0.36	1.47	26.124	35.772	42.956	26745.11	22515.31	20324.83	0.84
2014-06-19	26.49	26.75	24.49	24.21	22859.74	-2.37	-8.82	26.764	38.412	44.044	32924.34	22593.61	21007.94	1.95
2014-06-18	26.62	27.07	26.86	26.5	20715.69	0.32	1.21	32.086	41.148	45.058	31016.43	21700.74	21057.98	1.77
2014-06-17	27.57	27.88	26.54	26.48	33657.5	-1.34	-4.81	36.864	43.497	45.959	29205.88	20847.83	22643.89	2.87
2014-06-16	28.33	28.65	27.88	27.42	46621.08	-0.17	-0.61	41.396	45.833	46.726	24983.13	18971.03	22250.93	3.98
2014-06-13	25.26	28.05	28.05	25.26	40767.68	2.55	10.0	45.42	48.235	47.36	18285.51	15848.4	20886.33	3.48
2014-06-12	50.5	51.96	51.1	50.15	13320.19	0.35	0.69	50.06	50.429	47.962	12262.88	13849.27	20092.14	2.3
2014-06-11	48.97	51.16	50.75	48.0	11662.95	1.55	3.15	50.21	50.311	47.488	12385.06	15245.2	20080.09	2.01
2014-06-10	48.44	49.99	49.2	47.26	12543.75	1.2	2.5	50.13	49.963	47.076	12489.79	16089.79	20319.57	2.16
2014-06-09	51.74	51.77	48.0	47.93	13132.96	-3.25	-6.34	50.27	49.993	46.78	12958.94	17016.0	20714.19	2.27
2014-06-06	53.5	53.5	51.25	50.68	10654.57	-0.6	-1.16	51.05	50.14	46.527	13411.29	18134.35	20634.45	1.84
2014-06-05	49.85	52.65	51.85	49.56	13931.05	1.5	2.98	50.798	49.675	46.213	15435.66	19422.27	20694.46	2.4
2014-06-04	49.91	50.95	50.35	48.84	12186.6	0.45	0.9	50.412	48.967	45.908	18105.35	20415.22	20564.97	2.1
2014-06-03	51.89	52.9	49.9	49.7	14889.51	-2.0	-3.85	49.796	48.42	45.838	19689.79	24439.95	20422.61	2.57
2014-05-30	49.62	52.49	51.9	49.2	15394.71	1.91	3.82	49.716	47.618	45.835	21073.06	25530.84	20176.49	2.66
2014-05-29	49.5	50.96	49.99	48.8	20776.45	0.07	0.14	49.23	46.485	45.584	22857.41	25924.26	19919.19	3.58
2014-05-28	47.06	50.68	49.92	47.0	27279.5	2.65	5.61	48.552	45.495	45.436	23408.87	26335.01	19457.02	4.71
2014-05-27	49.0	49.0	47.27	46.81	20108.78	-2.23	-4.5	47.522	44.664	45.29	22725.08	24914.98	18467.12	3.47
2014-05-26	49.15	49.82	49.5	48.0	21805.88	0.03	0.06	47.044	44.189	45.331	29190.1	24549.35	17751.34	3.76
2014-05-23	46.45	49.7	49.47	46.04	24316.43	2.87	6.16	45.52	43.567	45.371	29988.61	24412.38	16927.79	4.19
2014-05-22	45.3	48.58	46.6	44.9	23533.76	1.83	4.09	43.74	42.913	45.477	28991.11	23134.55	15912.32	4.06
2014-05-21	44.0	45.88	44.77	43.9	23860.55	-0.11	-0.24	42.438	42.751	45.872	29261.15	21966.65	15132.31	4.12
2014-05-20	43.3	45.9	44.88	43.3	52433.9	3.0	7.16	41.806	42.849	46.333	27104.89	20714.73	14088.57	9.04
2014-05-19	40.44	42.25	41.88	40.05	25798.39	1.31	3.23	41.334	43.256	46.845	19908.59	16405.27	11573.85	4.45
2014-05-16	40.08	40.65	40.57	38.71	19328.95	0.48	1.2	41.614	44.051	47.486	18836.15	14822.14	10406.09	3.33
2014-05-15	41.58	41.74	40.09	39.55	24883.98	-1.52	-3.65	42.086	44.683	48.202	17277.99	13914.12	9634.64	4.29
2014-05-14	42.51	42.87	41.61	41.46	13079.21	-0.91	-2.14	43.064	45.376	48.979	14672.14	12579.04	8540.41	2.26
2014-05-13	43.37	43.74	42.52	42.34	16452.42	-0.76	-1.76	43.892	45.915	49.678	14324.58	12019.25	8156.96	2.84
2014-05-12	42.94	43.39	43.28	41.78	20436.18	0.76	1.79	45.178	46.473	50.347	12901.94	10953.34	7722.96	3.52
2014-05-09	44.91	44.91	42.93	42.35	11538.18	-2.05	-4.56	46.488	47.175	51.165	10808.14	9443.21	6976.07	1.99
2014-05-08	45.78	46.3	44.98	44.52	11854.72	-0.77	-1.68	47.28	48.041	52.088	10550.25	8690.09	6662.33	2.04
2014-05-07	48.88	48.88	45.75	45.61	11341.38	-3.2	-6.54	47.688	48.993	52.728	10485.93	8297.97	6389.37	1.96
2014-05-06	49.8	50.69	48.95	48.58	9339.25	-0.88	-1.77	47.938	49.817	53.358	9713.92	7462.42	6079.24	1.61
2014-05-05	46.8	50.09	49.83	46.18	9967.17	2.94	6.27	47.768	50.434	53.803	9004.74	6742.43	6087.69	1.72
2014-04-30	46.97	47.36	46.89	45.67	10248.75	-0.13	-0.28	47.862	50.92	54.14	8078.28	5990.04	5975.85	1.77
2014-04-29	47.0	47.42	47.02	45.2	11533.09	0.02	0.04	48.802	51.721	54.938	6829.93	5355.16	5854.24	1.99
2014-04-28	48.2	48.2	47.0	46.57	7481.36	-1.1	-2.29	50.298	52.581	55.487	6110.01	4501.8	5772.45	1.29
2014-04-25	50.3	50.34	48.1	48.0	5793.31	-2.2	-4.37	51.696	53.441	55.912	5210.91	4294.66	5892.37	1.0
2014-04-24	51.22	53.6	50.3	49.48	5334.91	-1.29	-2.5	53.1	54.221	56.307	4480.12	4492.57	6097.68	0.92
2014-04-23	53.96	54.08	51.59	51.23	4006.96	-2.91	-5.34	53.978	55.154	56.709	3901.79	4508.94	6448.11	0.69
2014-04-22	53.31	54.6	54.5	49.05	7933.51	0.51	0.94	54.64	56.135	57.029	3880.38	4634.57	6886.74	1.37
2014-04-21	54.16	56.3	53.99	53.71	2985.87	-1.13	-2.05	54.864	56.462	57.194	2893.58	4480.77	7000.45	0.51
2014-04-18	55.0	55.5	55.12	54.21	2139.34	0.43	0.79	55.186	56.898	57.628	3378.41	4696.06	7422.24	0.37
2014-04-17	54.9	55.64	54.69	54.0	2443.26	-0.21	-0.38	55.342	57.171	58.076	4505.02	5432.95	7695.24	0.42
2014-04-16	55.5	55.5	54.9	54.0	3899.94	-0.72	-1.29	56.33	57.359	58.901	5116.08	5961.67	7877.3	0.67
2014-04-15	55.3	56.25	55.62	54.68	2999.49	0.02	0.04	57.63	58.154	59.716	5388.75	6353.33	8060.6	0.52
2014-04-14	55.56	56.5	55.6	54.02	5410.02	-0.3	-0.54	58.06	58.392	60.439	6067.95	7043.1	8448.29	0.93
2014-04-11	58.8	58.8	55.9	55.04	7772.41	-3.73	-6.25	58.61	58.382	60.984	6013.72	7490.08	8789.87	1.34
2014-04-10	61.4	62.8	59.63	59.4	5498.55	-1.77	-2.88	59.0	58.392	61.588	6360.88	7702.8	9634.96	0.95
2014-04-09	57.8	61.5	61.4	57.36	5263.3	3.63	6.28	58.388	58.264	61.714	6807.26	8387.28	10072.89	0.91
2014-04-08	57.79	59.48	57.77	55.22	6395.49	-0.58	-0.99	58.678	57.923	61.999	7317.9	9138.92	10634.88	1.1
2014-04-04	56.01	58.61	58.35	56.01	5138.83	0.5	0.86	58.724	57.926	62.441	8018.24	9520.13	11035.68	0.89
2014-04-03	56.12	59.0	57.85	55.33	9508.25	1.28	2.26	58.154	58.357	63.159	8966.44	10148.43	11562.6	1.64
2014-04-02	62.8	63.8	56.57	56.57	7730.41	-6.28	-9.99	57.784	58.98	64.179	9044.71	9957.53	11701.86	1.33
2014-04-01	57.59	62.85	62.85	57.59	7816.52	4.85	8.36	58.14	60.443	65.699	9967.31	9792.93	11720.15	1.35
2014-03-31	55.14	58.6	58.0	55.14	9897.21	2.5	4.5	57.168	61.278	66.67	10959.94	9767.88	11794.05	1.71
2014-03-28	55.14	56.23	55.5	53.34	9879.8	-0.5	-0.89	57.128	62.485	67.509	11022.02	9853.47	11668.03	1.7
2014-03-27	58.0	58.0	56.0	54.25	9899.61	-2.35	-4.03	58.56	63.585	68.333	11330.41	10089.65	12028.68	1.71
2014-03-26	57.58	59.16	58.35	56.58	12343.42	0.36	0.62	60.176	64.784	68.89	10870.35	11567.13	12549.46	2.13
2014-03-25	57.3	58.98	57.99	56.0	12779.66	0.19	0.33	62.746	65.164	69.702	9618.54	11758.5	12781.59	2.2
2014-03-24	61.14	61.68	57.8	57.01	10207.63	-4.86	-7.76	65.388	66.075	70.193	8575.82	12130.84	12811.43	1.76
2014-03-21	63.5	63.5	62.66	58.0	11421.75	-1.42	-2.22	67.842	66.955	70.556	8684.92	12551.23	13026.74	1.97
2014-03-20	70.56	72.86	64.08	64.08	7599.3	-7.12	-10.0	68.61	67.96	70.38	8848.89	12976.78	13132.54	1.31
2014-03-19	71.19	73.0	71.2	69.21	6084.37	0.0	0.0	69.392	69.378	70.037	12263.9	13446.2	13030.06	1.05
2014-03-18	69.02	73.4	71.2	69.02	7566.04	1.13	1.61	67.582	70.954	69.431	13898.46	13647.37	12987.36	1.3
2014-03-17	65.6	71.09	70.07	65.11	10753.16	3.57	5.37	66.762	72.061	68.686	15685.87	13820.21	12956.39	1.85
2014-03-14	67.0	68.0	66.5	64.58	12241.59	-1.49	-2.19	66.068	72.533	68.016	16417.53	13482.58	12988.21	2.11
2014-03-13	62.7	68.3	67.99	61.53	24674.35	5.84	9.4	67.31	73.081	67.641	17104.67	13967.7	13078.29	4.26
2014-03-12	67.01	67.49	62.15	60.73	14257.15	-4.95	-7.38	69.364	72.995	67.086	14628.49	13531.78	12287.85	2.46
2014-03-11	66.58	68.38	67.1	64.52	16503.1	0.5	0.75	74.326	74.239	66.809	13396.28	13804.67	12160.82	2.85
2014-03-10	72.71	72.71	66.6	66.01	14411.44	-6.11	-8.4	77.36	74.31	66.074	11954.55	13492.02	11816.01	2.49
2014-03-07	75.9	77.8	72.71	72.0	15677.29	-5.55	-7.09	78.998	74.157	65.242	10547.63	13502.25	11352.96	2.7
2014-03-06	87.0	87.0	78.26	78.26	12293.47	-8.7	-10.01	78.852	72.801	64.105	10830.73	13288.3	10988.09	2.12
2014-03-05	84.3	89.0	86.96	79.0	8096.08	4.69	5.7	76.626	70.695	62.542	12435.08	12613.93	10898.77	1.4
2014-03-04	73.15	82.27	82.27	73.15	9294.49	7.48	10.0	74.152	67.908	60.494	14213.07	12327.35	11333.04	1.6
2014-03-03	71.29	76.0	74.79	68.88	7376.84	2.81	3.9	71.26	65.311	58.728	15029.49	12092.57	11408.27	1.27
2014-02-28	68.02	73.84	71.98	66.87	17092.78	4.85	7.22	69.316	63.499	57.243	16456.86	12493.84	11405.74	2.95
2014-02-27	73.0	78.8	67.13	67.13	20315.2	-7.46	-10.0	66.75	62.201	55.694	15745.87	12188.88	10898.36	3.5
2014-02-24	65.9	74.59	74.59	65.51	16986.03	6.78	10.0	64.764	61.178	54.303	12792.78	11043.92	10193.38	2.93
2014-02-21	65.0	69.87	67.81	63.5	13376.61	2.74	4.21	61.664	59.379	52.47	10441.64	10516.96	9992.76	2.31
2014-02-20	58.7	65.07	65.07	56.11	14513.68	5.92	10.01	59.362	57.837	50.957	9155.65	10140.0	10494.76	2.5
2014-02-19	56.99	59.5	59.15	54.08	13537.85	1.95	3.41	57.682	56.326	49.507	8530.82	9203.67	11223.81	2.33
2014-02-18	58.5	59.89	57.2	56.8	5549.74	-1.89	-3.2	57.652	55.409	48.46	8631.89	8687.89	11419.08	0.96
2014-02-17	55.05	59.5	59.09	55.05	5230.31	2.79	4.96	57.592	54.389	47.44	9295.06	9183.6	11931.5	0.9
2014-02-14	55.2	57.29	56.3	53.0	6946.69	-0.37	-0.65	57.094	53.08	46.305	10592.29	10338.72	12576.0	1.2
2014-02-13	57.5	61.15	56.67	54.7	11389.5	-2.33	-3.95	56.312	52.144	45.438	11124.35	10723.98	12663.24	1.96
2014-02-12	56.9	59.78	59.0	54.0	14043.2	2.1	3.69	54.97	50.987	44.629	9876.53	10317.64	12666.83	2.42
2014-02-11	56.0	57.98	56.9	53.01	8865.61	0.3	0.53	53.166	49.187	43.659	8743.88	9607.83	12774.19	1.53
2014-02-10	51.9	57.49	56.6	51.9	11716.44	4.21	8.04	51.186	47.427	42.784	9072.14	9342.84	12853.91	2.02
2014-02-07	50.06	54.85	52.39	49.0	9607.02	2.43	4.86	49.066	45.561	41.808	10085.15	9468.56	14101.78	1.66
2014-01-30	50.12	50.29	49.96	49.55	5150.37	-0.02	-0.04	47.976	44.077	41.044	10323.6	10849.52	14949.77	0.89
2014-01-29	48.23	50.6	49.98	47.0	8379.98	2.98	6.34	47.004	42.688	40.255	10758.76	13243.95	15428.34	1.45
2014-01-28	46.0	49.05	47.0	41.4	10506.89	1.0	2.17	45.208	41.51	39.375	10471.78	14150.28	15633.95	1.82
2014-01-27	46.87	46.87	46.0	44.53	16781.49	-0.94	-2.0	43.668	40.49	38.625	9613.54	14679.4	15580.0	2.91
2014-01-24	46.85	48.52	46.94	45.31	10799.25	1.84	4.08	42.056	39.53	37.877	8851.97	14813.28	15454.1	1.87
2014-01-23	40.51	45.1	45.1	40.51	7326.19	4.1	10.0	40.178	38.731	37.059	11375.45	14602.51	15618.63	1.27
2014-01-22	39.0	42.1	41.0	38.8	6945.09	1.7	4.33	38.372	38.271	36.269	15729.15	15016.02	15605.86	1.2
2014-01-21	37.48	39.58	39.3	37.48	6215.7	1.36	3.58	37.812	38.131	35.611	17828.78	15940.54	15532.77	1.08
2014-01-20	37.55	39.16	37.94	37.54	12973.6	0.39	1.04	37.312	38.141	34.996	19745.26	16364.97	15421.25	2.25
2014-01-17	36.07	37.88	37.55	35.42	23416.68	1.48	4.1	37.004	38.055	34.459	20774.59	18735.0	14937.49	4.06
2014-01-16	38.1	38.3	36.07	35.8	29094.68	-2.13	-5.58	37.284	38.01	33.976	17829.57	19050.02	13886.51	5.04
2014-01-15	36.59	38.85	38.2	36.0	17443.22	1.4	3.8	38.17	37.821	33.576	14302.9	17612.73	12609.65	3.02
2014-01-14	36.4	36.88	36.8	34.91	15798.1	0.4	1.1	38.45	37.239	33.046	14052.3	17117.62	11997.43	2.74
2014-01-13	38.88	38.88	36.4	35.51	18120.26	-2.55	-6.55	38.97	36.759	32.621	12984.68	16480.61	11569.76	3.14
2014-01-10	39.6	40.8	38.95	37.5	8691.58	-1.55	-3.83	39.106	36.224	32.207	16695.41	16094.92	10860.6	1.51
2014-01-09	38.3	40.6	40.5	37.85	11461.33	0.9	2.27	38.736	35.387	31.679	20270.46	16634.76	11256.76	1.99
2014-01-08	39.49	41.7	39.6	37.56	16190.24	0.2	0.51	37.472	34.266	30.969	20922.55	16195.7	11317.27	2.81
2014-01-07	35.99	39.44	39.4	35.99	10460.01	2.32	6.26	36.028	33.09	30.327	20182.94	15125.0	11226.01	1.81
2014-01-06	37.0	39.5	37.08	36.88	36673.91	-0.02	-0.05	34.548	31.85	29.662	19976.53	14477.54	11093.65	6.36
2014-01-03	34.18	37.6	37.1	34.0	26566.82	2.92	8.54	33.342	30.862	29.125	15494.43	11139.99	10253.46	4.61
2014-01-02	32.38	34.19	34.18	32.38	14721.79	1.8	5.56	32.038	29.942	28.586	12999.05	8723.0	9417.9	2.55
2013-12-31	32.53	32.58	32.38	31.2	12492.15	0.38	1.19	31.06	29.331	28.322	11468.84	7606.57	9226.41	2.17
2013-12-30	31.47	33.0	32.0	31.38	9427.98	0.95	3.06	30.152	28.853	28.102	10067.05	6877.23	9447.28	1.63
2013-12-27	30.58	31.2	31.05	30.04	14263.43	0.47	1.54	29.152	28.483	27.905	8978.55	6658.91	10311.11	2.47
2013-12-26	29.8	32.01	30.58	29.0	14089.92	1.29	4.4	28.382	28.19	27.912	6785.54	5626.28	10676.57	2.44
2013-12-25	27.6	29.55	29.29	27.6	7070.73	1.45	5.21	27.846	27.971	27.801	4446.95	5878.76	10190.4	1.23
2013-12-24	27.0	27.9	27.84	26.38	5483.21	0.84	3.11	27.602	27.672	27.743	3744.3	6438.83	10110.13	0.95
2013-12-23	27.3	27.44	27.0	26.31	3985.44	-0.2	-0.73	27.554	27.563	27.733	3687.41	7327.02	10029.66	0.69
2013-12-20	27.19	27.93	27.2	26.61	3298.4	-0.7	-2.51	27.814	27.473	27.76	4339.27	7709.76	10035.62	0.57
2013-12-19	28.33	28.33	27.9	27.86	2396.97	-0.17	-0.61	27.998	27.388	27.732	4467.03	9366.93	9982.37	0.42
2013-12-18	27.6	28.42	28.07	27.22	3557.49	0.47	1.7	28.096	27.229	27.668	7310.57	10112.8	10317.42	0.62
2013-12-17	28.01	28.49	27.6	27.03	5198.76	-0.7	-2.47	27.742	27.312	27.646	9133.37	10846.25	10398.7	0.9
2013-12-16	28.12	28.85	28.3	27.3	7244.72	0.18	0.64	27.572	27.35	27.684	10966.64	12017.33	10395.97	1.26
2013-12-13	28.18	28.44	28.12	27.8	3937.2	-0.27	-0.95	27.132	27.327	27.684	11080.26	13963.32	10526.95	0.68
2013-12-12	26.4	28.4	28.39	26.03	16614.67	2.09	7.95	26.778	27.634	27.636	14266.84	15726.85	10693.85	2.88
2013-12-11	26.5	26.61	26.3	25.9	12671.48	-0.45	-1.68	26.362	27.63	27.537	12915.03	14502.04	10016.39	2.2
2013-12-10	26.0	26.75	26.75	25.89	14365.11	0.65	2.49	26.882	27.814	27.502	12559.14	13781.43	9573.31	2.49
2013-12-09	26.18	26.78	26.1	25.61	7812.84	-0.25	-0.95	27.128	27.903	27.45	13068.02	12732.29	8999.77	1.35
2013-12-06	25.8	26.74	26.35	25.01	19870.08	0.04	0.15	27.522	28.047	27.432	16846.38	12361.47	8874.96	3.44
2013-12-05	28.65	29.0	26.31	26.31	9855.63	-2.59	-8.96	28.49	28.075	27.37	17186.86	10597.81	8145.78	1.71
2013-12-04	27.51	29.75	28.9	27.51	10892.05	0.92	3.29	28.898	28.106	27.354	16089.06	10522.03	7767.45	1.89
2013-12-03	26.81	28.48	27.98	25.6	16909.48	-0.09	-0.32	28.746	27.979	27.232	15003.71	9951.14	7528.36	2.93
2013-12-02	28.88	31.0	28.07	28.07	26704.68	-3.12	-10.0	28.678	28.017	27.157	12396.57	8774.62	7217.52	4.63
2013-11-29	28.4	31.19	31.19	28.4	21572.47	2.84	10.02	28.572	28.041	26.998	7876.55	7090.57	6075.02	3.74
2013-11-28	28.19	28.68	28.35	28.1	4366.6	0.21	0.75	27.66	27.638	26.692	4008.76	5660.85	5357.39	0.76
2013-11-27	27.52	28.2	28.14	26.92	5465.34	0.5	1.81	27.314	27.443	26.518	4955.01	5530.74	5389.23	0.95
2013-11-26	27.6	28.2	27.64	27.35	3873.75	0.1	0.36	27.212	27.189	26.353	4898.57	5365.18	5428.36	0.67
2013-11-25	26.66	28.25	27.54	26.63	4104.61	0.91	3.42	27.356	26.996	26.174	5152.67	5267.25	5648.06	0.71
2013-11-22	26.5	26.89	26.63	26.4	2233.52	0.01	0.04	27.51	26.816	26.054	6304.59	5388.46	5782.67	0.39
2013-11-21	27.5	27.61	26.62	26.41	9097.84	-1.01	-3.65	27.616	26.664	25.982	7312.94	5693.74	6469.28	1.58
2013-11-20	28.34	28.46	27.63	27.38	5183.11	-0.73	-2.57	27.572	26.602	25.987	6106.47	5012.86	6994.23	0.9
2013-11-19	28.49	28.55	28.36	27.7	5144.29	0.05	0.18	27.166	26.485	25.891	5831.8	5105.59	7679.97	0.89
2013-11-18	27.48	28.5	28.31	26.2	9864.17	1.15	4.23	26.636	26.297	25.769	5381.83	5660.41	8278.62	1.71
2013-11-15	26.4	27.6	27.16	26.4	7275.28	0.76	2.88	26.122	25.954	25.793	4472.33	5059.47	8169.13	1.26
2013-11-14	25.35	26.68	26.4	25.22	3065.49	0.8	3.12	25.712	25.745	25.855	4074.55	5053.93	8231.86	0.53
2013-11-13	25.73	26.2	25.6	25.43	3809.78	-0.11	-0.43	25.632	25.593	25.943	3919.25	5247.73	8605.7	0.66
2013-11-12	25.75	26.41	25.71	25.49	2894.41	-0.03	-0.12	25.804	25.517	26.121	4379.38	5491.54	9067.55	0.5
2013-11-11	25.11	25.9	25.74	24.2	5316.69	0.63	2.51	25.958	25.352	26.455	5939.0	6028.87	9363.47	0.92
2013-11-08	25.91	26.39	25.11	24.71	5286.38	-0.89	-3.42	25.786	25.291	26.843	5646.61	6176.89	9584.92	0.92
2013-11-07	27.0	27.0	26.0	26.0	2289.0	-0.46	-1.74	25.778	25.3	27.263	6033.32	7244.81	9617.73	0.4
2013-11-06	26.48	27.63	26.46	26.1	6110.4	-0.02	-0.08	25.554	25.372	27.64	6576.2	8975.59	9838.6	1.06
2013-11-05	25.49	26.85	26.48	24.74	10692.55	1.6	6.43	25.23	25.296	28.014	6603.71	10254.36	10431.47	1.85
2013-11-04	25.07	25.16	24.88	24.67	3854.74	-0.19	-0.76	24.746	25.24	28.306	6118.73	10896.82	10703.26	0.67
2013-11-01	24.73	25.66	25.07	24.41	7219.9	0.19	0.76	24.796	25.632	28.62	6707.16	11278.79	10871.25	1.25
2013-10-31	24.58	25.38	24.88	24.17	5003.4	0.04	0.16	24.822	25.965	28.918	8456.3	11409.78	10778.68	0.87
2013-10-30	24.1	25.0	24.84	23.73	6247.94	0.78	3.24	25.19	26.292	29.282	11374.98	11963.67	10880.3	1.08
2013-10-29	25.33	25.36	24.06	23.36	8267.65	-1.07	-4.26	25.362	26.724	29.665	13905.0	12643.56	11134.14	1.43
2013-10-28	25.1	25.67	25.13	24.68	6796.9	-0.07	-0.28	25.734	27.558	30.11	15674.92	12698.08	11562.95	1.18
2013-10-25	26.61	27.15	25.2	24.35	15965.6	-1.52	-5.69	26.468	28.395	30.497	15850.43	12992.95	12074.66	2.77
2013-10-24	25.4	26.99	26.72	25.0	19596.83	1.02	3.97	27.108	29.225	30.807	14363.27	11990.65	11640.72	3.4
2013-10-23	26.0	26.58	25.7	24.01	18898.04	-0.22	-0.85	27.394	29.907	31.041	12552.36	10701.6	11456.01	3.28
2013-10-22	28.82	29.37	25.92	25.92	17117.23	-2.88	-10.0	28.086	30.732	31.325	11382.11	10608.58	11087.97	2.97
2013-10-21	28.24	29.4	28.8	27.91	7674.43	0.4	1.41	29.382	31.371	31.557	9721.23	10509.69	10554.43	1.33
2013-10-18	27.97	28.49	28.4	27.0	8529.82	0.25	0.89	30.322	31.607	31.65	10135.48	10463.7	10629.76	1.48
2013-10-17	28.6	29.49	28.15	27.7	10542.29	-1.01	-3.46	31.342	31.871	31.773	9618.02	10147.57	10998.04	1.83
2013-10-16	32.1	32.5	29.16	29.16	13046.76	-3.24	-10.0	32.42	32.272	31.874	8850.84	9796.92	10929.92	2.26
2013-10-15	33.32	33.32	32.4	32.02	8812.85	-1.1	-3.28	33.378	32.606	31.96	9835.05	9624.72	10733.18	1.53
2013-10-14	33.49	34.47	33.5	32.68	9745.69	0.0	0.0	33.36	32.661	31.94	11298.16	10427.83	10649.57	1.69
2013-10-11	34.66	34.66	33.5	32.93	5942.51	-0.04	-0.12	32.892	32.599	31.855	10791.92	11156.37	10738.77	1.03
2013-10-10	33.52	34.06	33.54	33.28	6706.38	-0.41	-1.21	32.4	32.388	31.759	10677.11	11290.8	10747.62	1.16
2013-10-09	32.01	34.09	33.95	32.01	17967.84	1.64	5.08	32.124	32.174	31.666	10743.0	12210.43	10869.85	3.12
2013-10-08	30.6	32.68	32.31	30.0	16128.37	1.15	3.69	31.834	31.918	31.525	9414.38	11567.37	10659.88	2.8
2013-09-30	30.2	31.76	31.16	30.2	7214.5	0.12	0.39	31.962	31.742	31.42	9557.5	10599.17	10208.59	1.25
2013-09-27	32.0	32.37	31.04	31.0	5368.48	-1.12	-3.48	32.306	31.693	31.452	11520.82	10795.82	10147.1	0.93
2013-09-26	32.5	32.72	32.16	32.1	7035.8	-0.34	-1.05	32.376	31.674	31.519	11904.48	11848.51	10423.94	1.22
2013-09-25	32.58	33.6	32.5	32.13	11324.75	-0.45	-1.37	32.224	31.476	31.576	13677.86	12062.92	10557.02	1.96
2013-09-24	32.95	34.0	32.95	32.3	16843.95	0.07	0.21	32.002	31.314	31.615	13720.36	11841.65	10543.73	2.92
2013-09-23	31.37	33.5	32.88	31.0	17031.14	1.49	4.75	31.522	31.219	31.641	11640.84	10871.31	10972.56	2.95
2013-09-18	31.2	31.75	31.39	30.5	7286.76	-0.01	-0.03	31.08	31.111	31.597	10070.81	10321.17	10752.04	1.26
2013-09-17	31.39	32.58	31.4	31.01	15902.7	0.01	0.03	30.972	31.13	31.549	11792.53	10204.44	10880.86	2.76
2013-09-16	30.5	31.52	31.39	30.4	11537.24	0.84	2.75	30.728	31.158	31.53	10447.98	9529.26	10695.78	2.0
2013-09-13	30.56	30.89	30.55	30.02	6446.37	-0.12	-0.39	30.626	31.132	31.531	9962.95	9752.4	10880.07	1.12
2013-09-12	30.5	31.49	30.67	29.72	9180.99	-0.18	-0.58	30.916	31.097	31.574	10101.78	9818.01	11111.35	1.59
2013-09-11	29.8	31.0	30.85	28.5	15895.36	0.67	2.22	31.142	31.21	31.69	10571.53	9498.39	11155.48	2.76
2013-09-10	31.0	31.19	30.18	29.7	9179.95	-0.7	-2.27	31.288	31.364	31.801	8616.34	8999.38	10872.95	1.59
2013-09-09	32.19	32.19	30.88	30.82	9112.06	-1.12	-3.5	31.588	31.676	31.9	8610.54	9051.12	10869.43	1.58
2013-09-06	31.97	32.16	32.0	31.17	7140.56	0.2	0.63	31.638	31.915	31.951	9541.85	9245.81	11094.78	1.24
2013-09-05	31.38	32.05	31.8	31.01	11529.74	0.22	0.7	31.278	32.063	31.994	9534.24	11073.81	11248.09	2.0
2013-09-04	32.0	32.09	31.58	31.52	6119.41	-0.1	-0.32	31.278	32.083	32.087	8425.24	11182.91	11545.17	1.06
2013-09-03	31.0	32.17	31.68	30.8	9150.94	0.55	1.77	31.44	31.967	32.216	9382.42	11557.29	11992.86	1.59
2013-09-02	30.22	31.79	31.13	30.0	13768.6	0.93	3.08	31.764	31.902	32.437	9491.7	11862.29	12005.42	2.39
2013-08-30	31.89	31.89	30.2	30.12	7102.53	-1.6	-5.03	32.192	31.93	32.683	8949.77	12007.73	11836.68	1.23
2013-08-29	32.2	32.74	31.8	31.2	5984.7	-0.59	-1.82	32.848	32.05	32.963	12613.37	12404.69	12324.83	1.04
2013-08-28	33.0	33.43	32.39	32.2	10905.32	-0.91	-2.73	32.888	32.169	33.092	13940.58	12812.57	13055.64	1.89
2013-08-27	33.27	33.4	33.3	32.0	9697.33	0.03	0.09	32.494	32.237	33.065	13732.16	12746.53	12914.69	1.68
2013-08-26	33.49	33.97	33.27	32.88	11058.97	-0.21	-0.63	32.04	32.123	32.95	14232.89	12687.73	13184.31	1.92
2013-08-23	31.98	34.48	33.48	31.84	25420.55	1.48	4.62	31.668	31.986	32.871	15065.7	12943.74	13310.2	4.41
2013-08-22	30.43	32.7	32.0	30.43	12620.73	1.58	5.19	31.252	31.925	32.827	12196.0	11422.38	13180.17	2.19
2013-08-21	30.81	31.0	30.42	30.19	9863.23	-0.61	-1.97	31.45	32.091	32.752	11684.56	11907.44	14304.74	1.71
2013-08-20	31.45	31.69	31.03	30.2	12200.98	-0.38	-1.21	31.98	32.464	32.833	11760.89	12428.43	14805.9	2.12
2013-08-19	31.0	32.3	31.41	30.58	15222.99	0.01	0.03	32.206	32.971	32.928	11142.58	12148.55	14943.0	2.64
2013-08-16	32.69	32.69	31.4	31.2	11072.07	-1.59	-4.82	32.304	33.436	33.012	10821.79	11665.62	14927.45	1.92
2013-08-15	33.03	33.77	32.99	32.25	10063.53	-0.08	-0.24	32.598	33.876	33.107	10648.76	12244.96	15154.23	1.74
2013-08-14	32.54	33.5	33.07	31.8	10244.87	0.91	2.83	32.732	34.016	33.114	12130.31	13298.71	15472.4	1.78
2013-08-13	32.06	32.5	32.16	31.34	9109.42	0.26	0.81	32.948	33.892	33.117	13095.98	13082.86	15820.9	1.58
2013-08-12	32.87	32.95	31.9	31.05	13619.04	-0.97	-2.95	33.736	33.776	33.186	13154.53	13680.88	16300.3	2.36
2013-08-09	33.68	33.97	32.87	32.0	10206.92	-0.79	-2.35	34.568	33.756	33.285	12509.46	13676.66	16506.55	1.77
2013-08-08	34.0	34.5	33.66	32.8	17471.3	-0.49	-1.44	35.154	33.728	33.319	13841.17	14937.97	17031.52	3.03
2013-08-07	35.9	36.0	34.15	34.0	15073.2	-1.95	-5.4	35.3	33.413	33.288	14467.11	16702.04	16991.53	2.61
2013-08-06	36.77	36.77	36.1	35.82	9402.17	0.04	0.11	34.836	33.202	33.202	13069.74	17183.37	17183.37	1.63
2013-08-05	36.0	36.63	36.06	35.0	10393.71	0.26	0.73	33.816	32.88	32.88	14207.23	18047.95	18047.95	1.8
2013-08-02	34.39	36.36	35.8	33.8	16865.48	1.41	4.1	32.944	32.483	32.483	14843.87	19004.73	19004.73	2.92
2013-08-01	31.8	34.5	34.39	31.48	20600.97	2.56	8.04	32.302	32.009	32.009	16034.77	19310.33	19310.33	3.57
2013-07-31	30.88	32.0	31.83	30.1	8086.35	0.83	2.68	31.526	31.612	31.612	18936.98	19095.22	19095.22	1.4
2013-07-30	31.94	32.29	31.0	29.6	15089.62	-0.7	-2.21	31.568	31.568	31.568	21297.0	21297.0	21297.0	2.62
2013-07-29	32.19	32.86	31.7	30.8	13576.91	-0.89	-2.73	31.71	31.71	31.71	22848.84	22848.84	22848.84	2.35
2013-07-26	30.18	33.2	32.59	30.0	22819.98	2.08	6.82	31.713	31.713	31.713	25939.49	25939.49	25939.49	3.96
2013-07-25	31.79	32.85	30.51	28.84	35112.04	-1.53	-4.78	31.275	31.275	31.275	27499.25	27499.25	27499.25	6.09
2013-07-24	31.41	32.99	32.04	31.41	19886.45	0.16	0.5	32.04	32.04	32.04	19886.45	19886.45	19886.45	3.45
