              open    high   close     low     volume  price_change  p_change  \
date                                                                            
2016-07-22   40.14   41.30   40.52   39.94  126742.04          0.34      0.85   
2016-07-21   41.05   41.64   40.18   40.01  135186.94         -1.07     -2.59   
2016-07-20   41.30   41.79   41.25   40.52  173168.31          0.25      0.61   
2016-07-19   40.54   42.12   41.00   39.77  294033.31          0.62      1.53   
2016-07-18   38.50   41.70   40.38   38.38  272403.91          1.78      4.61   
2016-07-15   39.53   39.75   38.60   38.41  152505.94         -1.19     -2.99   
2016-07-14   39.68   40.22   39.79   38.85  156852.09          0.04      0.10   
2016-07-13   37.89   41.36   39.75   37.56  308517.94          1.92      5.08   
2016-07-12   37.20   38.79   37.83   35.60  190575.45          0.44      1.18   
2016-07-11   38.60   39.29   37.39   37.31  187565.05         -1.41     -3.63   
2016-07-08   36.40   40.06   38.80   36.02  233271.83          2.14      5.84   
2016-07-07   37.50   37.66   36.66   36.36  119239.65         -0.17     -0.46   
2016-07-06   36.90   37.49   36.83   36.69   65883.36         -0.12     -0.33   
2016-07-05   37.20   37.50   36.95   36.41   84743.40         -0.15     -0.40   
2016-07-04   37.02   37.35   37.10   36.21  128067.66          0.02      0.05   
2016-07-01   38.11   38.27   37.08   36.79  116278.49         -0.82     -2.16   
2016-06-30   37.63   38.44   37.90   37.31  116130.76          0.61      1.64   
2016-06-29   37.65   38.24   37.29   37.00  104428.72         -0.20     -0.53   
2016-06-28   37.33   37.71   37.49   36.67  133862.98         -0.35     -0.93   
2016-06-27   34.58   38.09   37.84   34.03  199287.42          3.21      9.27   
2016-06-24   35.00   35.35   34.63   32.25   95582.95         -0.33     -0.94   
2016-06-23   35.51   35.55   34.96   34.60   68067.43         -0.31     -0.88   
2016-06-22   34.05   35.30   35.27   33.60   87403.84          1.22      3.58   
2016-06-21   34.48   35.20   34.05   33.90   93091.74          0.07      0.21   
2016-06-20   34.41   34.90   33.98   33.51   65255.30         -0.34     -0.99   
2016-06-17   34.80   35.28   34.32   34.21   82223.10          0.32      0.94   
2016-06-16   35.18   35.30   34.00   33.69   89704.95         -1.16     -3.30   
2016-06-15   33.00   35.77   35.16   33.00   82214.97          1.01      2.96   
2016-06-14   33.95   34.80   34.15   33.50   66186.19         -0.25     -0.73   
2016-06-13   37.00   37.50   34.40   34.00   89531.23         -3.13     -8.34   
...            ...     ...     ...     ...        ...           ...       ...   
2014-03-20  111.00  113.45  105.88  105.88   28066.56         -7.09     -6.28   
2014-03-19  103.00  112.97  112.97  102.00   44381.00         10.27     10.00   
2014-03-18   96.00  106.15  102.70   95.53   36266.60          6.20      6.42   
2014-03-17   95.10   97.32   96.50   93.80   18855.85          2.62      2.79   
2014-03-14   90.80   95.44   93.88   90.77   21709.63          1.70      1.84   
2014-03-13   91.00   92.70   92.18   89.66   18850.84         -0.06     -0.07   
2014-03-12  102.90  104.66   92.24   91.80   40489.50         -9.76     -9.57   
2014-03-11   99.50  102.66  102.00   96.03   20409.68          3.95      4.03   
2014-03-10   95.92  103.19   98.05   95.00   18487.11         -0.35     -0.36   
2014-03-07  101.95  103.40   98.40   97.00   23953.63         -6.20     -5.93   
2014-03-06   99.41  106.98  104.60   95.03   33742.24          4.83      4.84   
2014-03-05   98.99  102.50   99.77   97.51   19362.03          0.91      0.92   
2014-03-04  103.80  106.90   98.86   96.98   34665.43         -6.94     -6.56   
2014-03-03  103.00  107.37  105.80  100.83   30504.74          1.00      0.95   
2014-02-28  102.75  105.50  104.80   98.86   31478.38          0.13      0.12   
2014-02-27  116.00  116.00  104.67  104.67   36106.92        -11.63    -10.00   
2014-02-26  111.10  119.69  116.30  109.90   38339.91          2.40      2.11   
2014-02-25  121.70  127.94  113.90  108.11   54960.39         -5.99     -5.00   
2014-02-24  112.90  119.89  119.89  111.00   32312.96         10.90     10.00   
2014-02-21  100.01  112.18  108.99  100.01   44725.92          6.39      6.23   
2014-02-20   96.27  102.60  102.60   94.50   57505.59          9.33     10.00   
2014-02-19   93.27   93.27   93.27   93.27   10406.96          8.48     10.00   
2014-02-18   87.50   89.20   84.79   83.88   35395.88         -3.37     -3.82   
2014-02-17   87.02   89.97   88.16   84.93   37974.06          1.16      1.33   
2014-02-14   80.00   88.85   87.00   78.98   55297.51          6.23      7.71   
2014-02-13   80.77   80.77   80.77   79.00   53941.23          7.34     10.00   
2014-02-10   71.50   73.43   73.43   70.00   36056.68          6.68     10.01   
2014-02-07   60.48   66.75   66.75   59.46   44378.70          6.07     10.00   
2014-01-30   60.68   60.68   60.68   60.68   33582.34          5.52     10.01   
2014-01-29   45.96   55.16   55.16   45.96    4986.05         16.86     44.02   

                ma5     ma10     ma20      v_ma5     v_ma10     v_ma20  \
date                                                                     
2016-07-22   40.666   39.669   38.532  200306.90  199755.10  164937.26   
2016-07-21   40.282   39.497   38.237  205459.68  210408.08  163379.31   
2016-07-20   40.204   39.145   37.976  209792.71  208813.35  160023.33   
2016-07-19   39.904   38.703   37.677  236862.64  198084.85  155735.11   
2016-07-18   39.270   38.298   37.330  216171.07  177155.86  145688.03   
2016-07-15   38.672   37.970   37.010  199203.29  162722.24  135330.60   
2016-07-14   38.712   37.818   36.796  215356.47  159099.49  131816.46   
2016-07-13   38.086   37.629   36.506  207833.98  155027.36  128459.10   
2016-07-12   37.502   37.383   36.277  159307.07  134618.44  117143.95   
2016-07-11   37.326   37.349   36.093  138140.66  128947.19  110924.49   
2016-07-08   37.268   37.394   35.943  126241.18  130119.43  106022.80   
2016-07-07   36.924   36.977   35.880  102842.51  116350.54   98659.15   
2016-07-06   37.172   36.807   35.932  102220.73  111233.32   99157.44   
2016-07-05   37.264   36.651   36.028  109929.81  113385.37  101419.23   
2016-07-04   37.372   36.361   36.074  119753.72  114220.20  104197.28   
2016-07-01   37.520   36.049   36.082  133997.67  107938.96  102484.36   
2016-06-30   37.030   35.773   36.072  129858.57  104533.42  104476.43   
2016-06-29   36.442   35.383   35.993  120245.90  101890.84  106727.08   
2016-06-28   36.038   35.170   35.819  116840.92   99669.47  104567.84   
2016-06-27   35.350   34.836   35.624  108686.68   92901.79  101863.98   
2016-06-24   34.578   34.492   35.435   81880.25   81926.17   96275.60   
2016-06-23   34.516   34.782   35.352   79208.28   80967.77   95496.63   
2016-06-22   34.324   35.056   35.247   83535.79   87081.56   98848.83   
2016-06-21   34.302   35.404   35.080   82498.01   89453.09   97959.00   
2016-06-20   34.322   35.787   34.949   77116.90   94174.36   97199.75   
2016-06-17   34.406   36.115   34.863   81972.09   97029.76   97346.95   
2016-06-16   35.048   36.371   34.784   82727.25  104419.44   96413.75   
2016-06-15   35.788   36.603   34.723   90627.33  111563.32   94428.00   
2016-06-14   36.506   36.467   34.599   96408.17  109466.21   94757.36   
2016-06-13   37.252   36.412   34.624  111231.81  110826.17   96721.12   
...             ...      ...      ...        ...        ...        ...   
2014-03-20  102.386   99.480  103.619   29855.93   27147.04   31383.47   
2014-03-19   99.646   99.352  103.455   28012.78   27714.61   32855.42   
2014-03-18   95.500   98.032  102.470   27234.48   25212.71   31156.72   
2014-03-17   95.360   97.648  101.575   24063.10   25052.59   31113.18   
2014-03-14   95.670   98.578  101.158   23989.35   26217.48   32069.09   
2014-03-13   96.574   99.670  100.814   24438.15   27194.36   33748.48   
2014-03-12   99.058  100.919  100.243   27416.43   28919.97   35503.00   
2014-03-11  100.564  103.325   99.303   23190.94   28705.01   35281.36   
2014-03-10   99.936  104.515   97.540   26042.09   32160.08   36479.81   
2014-03-07  101.486  106.699   95.672   28445.61   33542.66   37234.57   
2014-03-06  102.766  107.758   93.510   29950.56   35619.89   36286.20   
2014-03-05  102.780  107.558   92.926   30423.50   37996.23   36420.09   
2014-03-04  106.086  106.908   92.546   34219.08   37100.72   37367.76   
2014-03-03  109.094  105.501   92.174   38278.07   37173.77   37526.72   
2014-02-28  111.912  103.737   91.323   38639.71   37920.70   37965.59   
2014-02-27  112.750  101.957   90.424   41289.22   40302.61   38398.07   
2014-02-26  112.336   99.567   89.406   45568.95   42086.04   38561.73   
2014-02-25  107.730   95.280   87.338   39982.36   41857.72   38578.79   
2014-02-24  101.908   90.565   85.124   36069.46   40799.55   37213.66   
2014-02-21   95.562   84.644   81.964   37201.68   40926.49   37659.17   
2014-02-20   91.164   79.261   79.261   39316.00   36952.50   36952.50   
2014-02-19   86.798   76.668   76.668   38603.13   34668.82   34668.82   
2014-02-18   82.830   74.592   74.592   43733.07   37701.56   37701.56   
2014-02-17   79.222   73.136   73.136   45529.64   38030.94   38030.94   
2014-02-14   73.726   70.632   70.632   44651.29   38040.42   38040.42   
2014-02-13   67.358   67.358   67.358   34589.00   34589.00   34589.00   
2014-02-10   64.005   64.005   64.005   29750.94   29750.94   29750.94   
2014-02-07   60.863   60.863   60.863   27649.03   27649.03   27649.03   
2014-01-30   57.920   57.920   57.920   19284.20   19284.20   19284.20   
2014-01-29   55.160   55.160   55.160    4986.05    4986.05    4986.05   

            turnover  
date                  
2016-07-22      3.60  
2016-07-21      3.84  
2016-07-20      4.92  
2016-07-19      8.36  
2016-07-18      7.74  
2016-07-15      4.34  
2016-07-14      4.46  
2016-07-13      8.77  
2016-07-12      5.42  
2016-07-11      5.33  
2016-07-08      6.63  
2016-07-07      3.39  
2016-07-06      1.87  
2016-07-05      2.41  
2016-07-04      3.64  
2016-07-01      3.31  
2016-06-30      3.30  
2016-06-29      2.97  
2016-06-28      3.81  
2016-06-27      5.66  
2016-06-24      2.72  
2016-06-23      1.93  
2016-06-22      2.48  
2016-06-21      2.65  
2016-06-20      1.85  
2016-06-17      2.34  
2016-06-16      3.47  
2016-06-15      3.18  
2016-06-14      2.56  
2016-06-13      3.46  
...              ...  
2014-03-20     20.57  
2014-03-19     32.53  
2014-03-18     26.58  
2014-03-17     13.82  
2014-03-14     15.91  
2014-03-13     13.82  
2014-03-12     29.67  
2014-03-11     14.96  
2014-03-10     13.55  
2014-03-07     17.55  
2014-03-06     24.73  
2014-03-05     14.19  
2014-03-04     25.41  
2014-03-03     22.36  
2014-02-28     23.07  
2014-02-27     26.46  
2014-02-26     28.10  
2014-02-25     40.28  
2014-02-24     23.68  
2014-02-21     32.78  
2014-02-20     42.14  
2014-02-19      7.63  
2014-02-18     25.94  
2014-02-17     27.83  
2014-02-14     40.53  
2014-02-13     39.53  
2014-02-10     26.42  
2014-02-07     32.52  
2014-01-30     24.61  
2014-01-29      3.65  

[520 rows x 14 columns]