             open   high  close    low     volume  price_change  p_change  \
date                                                                        
2016-07-22  36.35  36.35  35.34  35.28   24681.04         -0.59     -1.64   
2016-07-21  36.30  36.58  35.93  35.68   25396.12         -0.37     -1.02   
2016-07-20  36.32  36.78  36.30  36.12   29435.13          0.03      0.08   
2016-07-19  35.65  36.38  36.27  35.20   28367.97          0.89      2.52   
2016-07-18  36.45  36.70  35.38  35.30   32580.30         -1.07     -2.94   
2016-07-15  37.44  37.69  36.45  36.35   46358.81         -1.43     -3.77   
2016-07-14  38.28  38.28  37.88  37.30   50802.29         -0.42     -1.10   
2016-07-13  36.40  40.09  38.30  36.16   89491.13          1.85      5.08   
2016-07-12  36.93  37.20  36.45  34.61   55712.09         -0.48     -1.30   
2016-07-11  37.00  37.85  36.93  36.83   51348.07         -0.19     -0.51   
2016-07-08  36.61  37.77  37.12  36.25   42135.42          0.48      1.31   
2016-07-07  37.49  37.70  36.64  36.15   39859.53         -0.80     -2.14   
2016-07-06  37.35  37.70  37.44  36.90   36441.35         -0.06     -0.16   
2016-07-05  37.69  37.94  37.50  36.86   39371.16          0.08      0.21   
2016-07-04  36.01  37.80  37.42  36.00   46239.50          0.32      0.86   
2016-07-01  37.84  38.40  37.10  37.06   58875.79         -0.76     -2.01   
2016-06-30  37.06  38.01  37.86  36.20   60471.11          0.96      2.60   
2016-06-29  37.31  37.67  36.90  36.30   62572.67         -0.33     -0.89   
2016-06-28  35.53  38.50  37.23  35.40  103064.25          1.48      4.14   
2016-06-27  33.30  35.78  35.75  33.00   60888.79          2.05      6.08   
2016-06-24  34.70  35.17  33.70  32.00   51189.78         -0.83     -2.40   
2016-06-23  34.54  35.40  34.53  34.07   49983.60          0.29      0.85   
2016-06-22  33.50  34.48  34.24  32.88   43412.51          0.75      2.24   
2016-06-21  35.02  35.38  33.49  32.63   50593.84         -1.16     -3.35   
2016-06-20  35.65  35.69  34.65  33.60   62407.89         -0.68     -1.93   
2016-06-17  35.75  36.56  35.33  35.14   53279.79          0.18      0.51   
2016-06-16  35.98  36.20  35.15  34.68   56093.67         -0.75     -2.09   
2016-06-15  33.32  36.25  35.90  33.03   60393.81          2.10      6.21   
2016-06-14  33.75  34.35  33.80  32.70   48508.18         -0.85     -2.45   
2016-06-13  36.90  36.90  34.65  34.65   72896.13         -3.85    -10.00   
...           ...    ...    ...    ...        ...           ...       ...   
2014-03-20  41.94  44.20  41.77  41.71   23829.14         -0.43     -1.02   
2014-03-19  42.65  42.72  42.20  41.42   16581.78         -1.08     -2.50   
2014-03-18  43.19  45.00  43.28  42.66   20755.63         -0.17     -0.39   
2014-03-17  42.50  43.68  43.45  42.50   16182.50          0.40      0.93   
2014-03-14  41.70  43.60  43.05  41.30   17459.15          0.49      1.15   
2014-03-13  41.60  42.68  42.56  41.20   13279.93          0.30      0.71   
2014-03-12  43.02  43.50  42.26  40.04   20642.09         -1.44     -3.29   
2014-03-11  42.66  43.81  43.70  41.41   15906.34          1.10      2.58   
2014-03-10  43.01  44.26  42.60  42.60   14190.82         -2.39     -5.31   
2014-03-07  46.61  47.57  44.99  44.18   28130.31         -2.81     -5.88   
2014-03-06  44.60  48.60  47.80  42.95   40124.96          3.19      7.15   
2014-03-05  46.65  46.80  44.61  44.51   25442.58         -1.29     -2.81   
2014-03-04  47.51  48.89  45.90  44.90   44922.07         -2.67     -5.50   
2014-03-03  43.69  48.57  48.57  43.37   48741.22          4.42     10.01   
2014-02-28  42.00  44.75  44.15  41.08   33826.75          1.25      2.91   
2014-02-27  47.90  47.90  42.90  42.90   36300.26         -4.77    -10.01   
2014-02-26  46.46  48.00  47.67  44.02   33177.77         -0.58     -1.20   
2014-02-25  50.95  55.20  48.25  47.21   59831.07         -2.73     -5.36   
2014-02-24  47.00  51.00  50.98  46.55   43984.54          3.38      7.10   
2014-02-21  47.52  48.90  47.60  46.52   37469.28         -1.20     -2.46   
2014-02-20  46.79  51.48  48.80  45.50   58978.20          1.10      2.31   
2014-02-19  49.49  51.97  47.70  45.12   60411.51         -1.79     -3.62   
2014-02-18  48.84  49.49  49.49  47.72   22746.19          4.50     10.00   
2014-02-13  42.00  45.12  44.99  41.03   72231.64          3.97      9.68   
2014-02-12  39.00  41.02  41.02  38.50   56899.42          3.73     10.00   
2014-02-11  37.29  37.29  37.29  37.29    8372.72          3.39     10.00   
2014-01-30  31.56  34.62  33.90  29.22   69459.66          2.34      7.41   
2014-01-29  31.56  31.56  31.56  31.56    8473.17          2.87     10.00   
2014-01-28  28.69  28.69  28.69  28.69    5109.70          2.61     10.01   
2014-01-27  21.73  26.08  26.08  21.73    3422.07          7.97     44.01   

               ma5    ma10    ma20     v_ma5    v_ma10    v_ma20  turnover  
date                                                                        
2016-07-22  35.844  36.523  36.810  28092.11  43417.30  49204.63      4.58  
2016-07-21  36.066  36.701  36.728  32427.67  45162.73  50530.06      4.72  
2016-07-20  36.456  36.772  36.658  37508.90  46609.07  51759.44      5.47  
2016-07-19  36.856  36.886  36.555  49520.10  47309.70  52458.31      5.27  
2016-07-18  36.892  37.009  36.416  54988.92  48410.02  53569.60      6.05  
2016-07-15  37.202  37.213  36.379  58742.48  49775.94  55060.98      8.61  
2016-07-14  37.336  37.278  36.323  57897.80  51027.63  55407.03      9.43  
2016-07-13  37.088  37.276  36.187  55709.25  51994.52  55671.60     16.62  
2016-07-12  36.916  37.136  36.067  45099.29  49302.67  54216.73     10.34  
2016-07-11  37.126  37.214  35.934  41831.11  54037.88  53856.54      9.53  
2016-07-08  37.224  37.096  35.820  40809.39  54991.96  54933.94      7.82  
2016-07-07  37.220  36.754  35.889  44157.47  55897.39  57119.53      7.40  
2016-07-06  37.464  36.543  35.981  48279.78  56909.80  58177.47      6.77  
2016-07-05  37.356  36.223  36.029  53506.05  57606.92  60024.68      7.31  
2016-07-04  37.302  35.822  36.115  66244.66  58729.18  63113.39      8.59  
2016-07-01  36.968  35.545  36.243  69174.52  60346.02  68267.03     10.93  
2016-06-30  36.288  35.368  36.289  67637.32  59786.42  67784.25     11.23  
2016-06-29  35.622  35.097  36.123  65539.82  59348.68  69100.02     11.62  
2016-06-28  35.090  34.997  35.903  61707.79  59130.79  68497.86     19.14  
2016-06-27  34.342  34.654  35.731  51213.70  53675.19  66347.66     11.31  
2016-06-24  34.122  34.544  35.684  51517.52  54875.92  67445.22      9.50  
2016-06-23  34.448  35.024  35.795  51935.53  58341.68  70487.19      9.28  
2016-06-22  34.572  35.418  36.664  53157.54  59445.14  70966.90      8.06  
2016-06-21  34.904  35.835  37.518  56553.80  62442.45  72478.59      9.39  
2016-06-20  34.966  36.408  38.334  56136.67  67497.60  74484.43     11.59  
2016-06-17  34.966  36.941  39.151  58234.32  76188.04  76442.28      9.89  
2016-06-16  35.600  37.209  40.217  64747.82  75782.08  73814.14     10.42  
2016-06-15  36.264  37.149  41.606  65732.74  78851.36  71027.40     11.21  
2016-06-14  36.766  36.808  43.308  68331.09  77864.92  68018.61      9.01  
2016-06-13  37.850  36.808  45.503  78858.54  79020.14  66817.86     13.54  
...            ...     ...     ...       ...       ...       ...       ...  
2014-03-20  42.750  42.986  44.915  18961.64  18695.77  29538.91     16.68  
2014-03-19  42.908  43.589  45.266  16851.80  20325.35  31296.36     11.61  
2014-03-18  42.920  43.830  45.541  17663.86  21211.43  33487.85     14.53  
2014-03-17  43.004  44.092  45.852  16694.00  23628.08  33587.38     11.33  
2014-03-14  42.834  44.604  45.929  16295.67  26883.95  36389.83     12.22  
2014-03-13  43.222  44.714  45.827  18429.90  28520.71  38361.85      9.29  
2014-03-12  44.270  44.748  45.564  23798.90  30822.74  38116.49     14.45  
2014-03-11  44.740  45.289  45.146  24759.00  32076.31  40557.37     11.13  
2014-03-10  45.180  45.744  44.539  30562.15  36468.78  40185.71      9.93  
2014-03-07  46.374  46.582  43.843  37472.23  39448.15  39731.65     19.69  
2014-03-06  46.206  46.843  42.898  38611.52  40382.05  38496.24     28.08  
2014-03-05  45.226  46.943  42.639  37846.58  42267.37  38410.52     17.81  
2014-03-04  45.838  47.252  42.530  39393.61  45764.27  39130.96     31.44  
2014-03-03  46.308  47.611  42.332  42375.41  43546.68  38790.30     34.11  
2014-02-28  46.790  47.253  41.942  41424.08  45895.72  38168.37     23.68  
2014-02-27  47.480  46.940  41.795  42152.58  48202.99  38457.81     25.41  
2014-02-26  48.660  46.379  41.716  46688.17  45410.23  38611.92     23.22  
2014-02-25  48.666  45.002  41.258  52134.92  49038.42  39029.94     41.88  
2014-02-24  48.914  43.333  40.675  44717.94  43902.63  37296.51     30.79  
2014-02-21  47.716  41.104  39.738  50367.36  40015.15  36688.51     26.23  
2014-02-20  46.400  38.952  38.952  54253.39  36610.43  36610.43     41.28  
2014-02-19  44.098  37.858  37.858  44132.30  34125.12  34125.12     42.28  
2014-02-18  41.338  36.628  36.628  45941.93  30839.32  30839.32     15.92  
2014-02-13  37.752  34.790  34.790  43087.32  31995.48  31995.48     50.56  
2014-02-12  34.492  33.090  33.090  29662.93  25289.46  25289.46     39.82  
2014-02-11  31.504  31.504  31.504  18967.46  18967.46  18967.46      5.86  
2014-01-30  30.058  30.058  30.058  21616.15  21616.15  21616.15     48.62  
2014-01-29  28.777  28.777  28.777   5668.31   5668.31   5668.31      5.93  
2014-01-28  27.385  27.385  27.385   4265.89   4265.89   4265.89      3.58  
2014-01-27  26.080  26.080  26.080   3422.07   3422.07   3422.07      2.40  

[434 rows x 14 columns]