             open   high  close    low    volume  price_change  p_change  \
date                                                                       
2016-07-22  29.74  29.76  28.76  28.71  23669.68         -1.00     -3.36   
2016-07-21  29.85  29.92  29.76  29.38  18226.42          0.00      0.00   
2016-07-20  29.94  30.30  29.76  29.75  17375.50         -0.31     -1.03   
2016-07-19  30.08  30.20  30.07  29.46  26102.25         -0.18     -0.59   
2016-07-18  29.15  30.45  30.25  29.05  35101.94          0.92      3.14   
2016-07-15  29.20  29.88  29.33  28.87  37490.48          0.83      2.91   
2016-07-14  29.20  29.24  28.50  28.49  21885.91         -0.40     -1.38   
2016-07-13  28.55  29.30  28.90  28.47  19183.77          0.25      0.87   
2016-07-12  28.50  28.68  28.65  27.65  24367.32          0.10      0.35   
2016-07-11  29.48  29.55  28.55  28.50  22811.98         -0.82     -2.79   
2016-07-08  29.96  29.96  29.37  29.26  29335.32         -0.14     -0.47   
2016-07-07  28.69  29.77  29.51  28.55  37764.81          0.59      2.04   
2016-07-06  28.50  29.25  28.92  28.50  25210.67          0.18      0.63   
2016-07-05  29.08  29.15  28.74  28.50  25779.76         -0.21     -0.72   
2016-07-04  27.99  28.98  28.95  27.80  29838.43          0.76      2.70   
2016-07-01  28.26  28.97  28.19  28.16  24173.44          0.03      0.11   
2016-06-30  28.37  28.50  28.16  28.06  15693.19         -0.21     -0.74   
2016-06-29  28.90  28.95  28.37  28.16  24483.85         -0.17     -0.60   
2016-06-28  27.91  28.73  28.54  27.91  30745.03          0.37      1.31   
2016-06-27  27.00  28.38  28.17  26.93  41017.98          0.80      2.92   
2016-06-24  27.29  27.63  27.37  26.10  30638.10          0.08      0.29   
2016-06-23  27.28  27.80  27.29  26.70  27616.63         -0.25     -0.91   
2016-06-22  26.45  27.70  27.54  26.31  33579.52          1.09      4.12   
2016-06-21  27.15  27.76  26.45  26.41  36401.12         -1.14     -4.13   
2016-06-20  26.76  28.19  27.70  26.76  58842.57          1.32      5.00   
2016-06-17  25.66  26.40  26.38  25.52  46863.25          1.08      4.27   
2016-06-16  25.15  25.56  25.30  24.80  32094.32          0.15      0.60   
2016-06-15  23.83  25.25  25.15  23.41  25988.66          1.26      5.27   
2016-06-14  23.58  23.97  23.89  23.33  21516.23          0.09      0.38   
2016-06-13  25.55  25.75  23.80  23.40  33925.59         -1.98     -7.68   
...           ...    ...    ...    ...       ...           ...       ...   
2014-08-12  47.68  47.74  47.54  47.30   9562.03         -0.02     -0.04   
2014-08-11  47.26  47.68  47.56  47.06   8731.15          0.40      0.85   
2014-08-08  47.01  47.49  47.16  47.01   8845.25          0.16      0.34   
2014-08-07  47.40  47.72  47.00  47.00  10671.64         -0.62     -1.30   
2014-08-06  48.15  48.56  47.62  47.53  12419.53         -0.52     -1.08   
2014-08-05  47.80  48.48  48.14  47.23  13592.69          0.24      0.50   
2014-08-04  48.00  48.48  47.90  47.20  16450.09         -0.20     -0.42   
2014-08-01  48.68  49.98  48.10  48.10  19137.64         -0.64     -1.31   
2014-07-31  49.85  49.85  48.74  48.61  22630.52         -1.52     -3.02   
2014-07-30  47.50  50.93  50.26  47.25  39578.88          2.80      5.90   
2014-07-29  47.10  48.07  47.46  46.86  19327.58          0.46      0.98   
2014-07-28  46.24  47.49  47.00  46.00  20094.87          0.80      1.73   
2014-07-25  47.98  47.98  46.20  45.01  32184.99         -2.56     -5.25   
2014-07-24  47.72  50.20  48.76  46.90  35996.63          0.89      1.86   
2014-07-23  49.88  49.99  47.87  47.72  28238.31         -2.11     -4.22   
2014-07-22  49.58  50.39  49.98  48.88  19557.74          0.29      0.58   
2014-07-21  49.28  50.47  49.69  48.69  18186.89         -0.24     -0.48   
2014-07-18  52.49  52.88  49.93  49.76  28397.89         -2.56     -4.88   
2014-07-17  53.25  54.58  52.49  51.59  33507.38         -1.47     -2.72   
2014-07-16  56.50  57.36  53.96  53.96  53863.51         -6.00    -10.01   
2014-07-15  69.55  69.55  59.96  59.66  92952.72         -3.27     -5.17   
2014-07-14  63.23  63.23  63.23  63.23   1685.35          5.75     10.00   
2014-07-11  57.48  57.48  57.48  57.48    866.73          5.23     10.01   
2014-07-10  52.25  52.25  52.25  52.25   2035.67          4.75     10.00   
2014-07-09  47.50  47.50  47.50  47.50   1554.70          4.32     10.01   
2014-07-08  43.18  43.18  43.18  43.18   1812.34          3.93     10.01   
2014-07-07  39.25  39.25  39.25  39.25    922.99          3.57     10.01   
2014-07-04  35.68  35.68  35.68  35.68    273.38          3.24      9.99   
2014-07-03  32.44  32.44  32.44  32.44    197.50          2.95     10.00   
2014-07-02  24.58  29.49  29.49  24.58    621.30          9.01     43.99   

               ma5    ma10    ma20     v_ma5    v_ma10    v_ma20  turnover  
date                                                                        
2016-07-22  29.720  29.253  28.973  24095.16  24621.53  26512.89      5.79  
2016-07-21  29.834  29.314  28.903  26859.32  25188.09  26861.31      4.46  
2016-07-20  29.582  29.289  28.780  27591.22  27141.93  27330.82      4.25  
2016-07-19  29.410  29.205  28.669  27952.87  27925.45  28141.02      6.38  
2016-07-18  29.126  29.072  28.488  27605.88  27893.20  28655.96      8.59  
2016-07-15  28.786  28.942  28.360  25147.89  27366.85  29842.99      9.17  
2016-07-14  28.794  28.828  28.213  23516.86  26035.14  30311.63      5.35  
2016-07-13  28.996  28.794  28.053  26692.64  25415.87  30822.05      4.69  
2016-07-12  29.000  28.741  27.865  27898.02  25945.88  31162.30      5.96  
2016-07-11  29.018  28.730  27.627  28180.51  26583.65  31019.74      5.58  
2016-07-08  29.098  28.692  27.390  29585.80  28404.25  31575.42      7.17  
2016-07-07  28.862  28.492  27.210  28553.42  28534.53  31031.21      9.24  
2016-07-06  28.592  28.270  27.039  24139.10  27519.71  30281.40      6.17  
2016-07-05  28.482  28.132  26.902  23993.73  28356.59  30027.27      6.31  
2016-07-04  28.442  27.903  26.765  24986.79  29418.73  30203.01      7.30  
2016-07-01  28.286  27.778  26.620  27222.70  32319.14  30395.34      5.91  
2016-06-30  28.122  27.597  26.486  28515.63  34588.12  31421.08      3.84  
2016-06-29  27.948  27.311  26.326  30900.32  36228.24  32364.32      5.99  
2016-06-28  27.782  26.989  26.104  32719.45  36378.72  31835.08      7.52  
2016-06-27  27.364  26.524  25.874  33850.67  35455.84  31277.03     10.03  
2016-06-24  27.270  26.087  25.670  37415.59  34746.60  30207.39      7.49  
2016-06-23  27.072  25.928  25.497  40660.62  33527.90  30185.21      6.75  
2016-06-22  26.674  25.807  25.337  41556.16  33043.09  31141.17      8.21  
2016-06-21  26.196  25.671  25.117  40037.98  31697.94  30158.98      8.90  
2016-06-20  25.684  25.626  24.917  37061.01  30987.29  28911.69     14.39  
2016-06-17  24.904  25.461  24.646  32077.61  28471.54  26685.90     11.46  
2016-06-16  24.784  25.374  24.433  26395.19  28254.04  25065.95      7.85  
2016-06-15  24.940  25.340  24.347  24530.03  28500.41  24298.45      6.36  
2016-06-14  25.146  25.219  24.264  23357.89  27291.45  23838.50      5.26  
2016-06-13  25.568  25.224  24.229  24913.57  27098.23  23716.83      8.30  
...            ...     ...     ...       ...       ...       ...       ...  
2014-08-12  47.376  48.002  48.668  10045.92  16161.94  22548.76      7.36  
2014-08-11  47.496  47.994  49.289  10852.05  17138.50  26718.30      6.72  
2014-08-08  47.564  47.938  50.073  12395.84  18274.87  26366.00      6.81  
2014-08-07  47.752  47.842  50.589  14454.32  20608.84  25967.08      8.22  
2014-08-06  48.100  48.018  50.851  16846.09  23141.34  25535.28      9.56  
2014-08-05  48.628  48.043  50.845  22277.96  24723.22  24992.04     10.46  
2014-08-04  48.492  48.227  50.597  23424.94  25319.73  24403.02     12.66  
2014-08-01  48.312  48.406  50.165  24153.90  25493.41  23626.67     14.73  
2014-07-31  47.932  48.589  49.544  26763.37  26419.43  22683.45     17.42  
2014-07-30  47.936  48.964  48.729  29436.59  27507.12  21561.80     30.47  
2014-07-29  47.458  49.334  47.690  27168.48  28935.58  19613.92     14.88  
2014-07-28  47.962  50.584  47.702  27214.51  36298.09  19628.99     15.47  
2014-07-25  48.500  52.207  47.741  26832.91  34457.14  19603.11     24.78  
2014-07-24  49.246  53.335  47.832  26075.49  31325.31  18863.00     27.71  
2014-07-23  49.992  53.684  47.774  25577.64  27929.22  17792.15     21.74  
2014-07-22  51.210  53.647  47.767  30702.68  25260.86  17095.74     15.06  
2014-07-21  53.206  52.967  47.609  45381.68  23486.32  16919.88     14.00  
2014-07-18  55.914  51.923  47.449  42081.37  21759.93  16822.42     21.86  
2014-07-17  57.424  50.498  47.243  36575.14  18947.48  15857.80     25.79  
2014-07-16  57.376  48.493  46.765  30280.80  15616.49  14253.29     41.47  
2014-07-15  56.084  46.046  46.046  19819.03  10292.27  10292.27     71.56  
2014-07-14  52.728  44.500  44.500   1590.96   1107.77   1107.77      1.30  
2014-07-11  47.932  42.159  42.159   1438.49   1035.58   1035.58      0.67  
2014-07-10  43.572  39.970  39.970   1319.82   1059.70   1059.70      1.57  
2014-07-09  39.610  37.923  37.923    952.18    897.04    897.04      1.20  
2014-07-08  36.008  36.008  36.008    765.50    765.50    765.50      1.40  
2014-07-07  34.215  34.215  34.215    503.79    503.79    503.79      0.71  
2014-07-04  32.537  32.537  32.537    364.06    364.06    364.06      0.21  
2014-07-03  30.965  30.965  30.965    409.40    409.40    409.40      0.15  
2014-07-02  29.490  29.490  29.490    621.30    621.30    621.30      0.48  

[422 rows x 14 columns]