             open   high  close    low  volume  price_change  p_change  \
date                                                                     
2016-07-22  55.94  55.94  55.94  55.94  546.00          5.09     10.01   
2016-07-21  50.85  50.85  50.85  50.85  149.68          4.62      9.99   
2016-07-20  46.23  46.23  46.23  46.23   93.00          4.20      9.99   
2016-07-19  42.03  42.03  42.03  42.03   76.51          3.82     10.00   
2016-07-18  38.21  38.21  38.21  38.21   71.00          3.47      9.99   
2016-07-15  34.74  34.74  34.74  34.74   65.00          3.16     10.01   
2016-07-14  31.58  31.58  31.58  31.58   52.00          2.87     10.00   
2016-07-13  28.71  28.71  28.71  28.71   41.00          2.61     10.00   
2016-07-12  26.10  26.10  26.10  26.10   31.00          2.37      9.99   
2016-07-11  23.73  23.73  23.73  23.73   20.00          2.16     10.01   
2016-07-08  21.57  21.57  21.57  21.57   31.00          1.96      9.99   
2016-07-07  19.61  19.61  19.61  19.61   20.00          1.78      9.98   
2016-07-06  17.83  17.83  17.83  17.83   10.00          1.62      9.99   
2016-07-05  13.51  16.21  16.21  13.51   46.00          4.95     43.96   

               ma5    ma10    ma20   v_ma5  v_ma10  v_ma20  turnover  
date                                                                  
2016-07-22  46.652  37.812  32.381  187.24  114.52   89.44      0.27  
2016-07-21  42.412  34.375  30.569   91.04   63.02   54.32      0.07  
2016-07-20  38.558  31.251  28.879   71.50   50.05   46.38      0.05  
2016-07-19  35.054  28.411  27.302   61.10   41.75   42.14      0.04  
2016-07-18  31.868  25.829  25.829   52.00   38.70   38.70      0.04  
2016-07-15  28.972  24.453  24.453   41.80   35.11   35.11      0.03  
2016-07-14  26.338  23.168  23.168   35.00   31.38   31.38      0.03  
2016-07-13  23.944  21.966  21.966   28.60   28.43   28.43      0.02  
2016-07-12  21.768  20.842  20.842   22.40   26.33   26.33      0.02  
2016-07-11  19.790  19.790  19.790   25.40   25.40   25.40      0.01  
2016-07-08  18.805  18.805  18.805   26.75   26.75   26.75      0.02  
2016-07-07  17.883  17.883  17.883   25.33   25.33   25.33      0.01  
2016-07-06  17.020  17.020  17.020   28.00   28.00   28.00      0.01  
2016-07-05  16.210  16.210  16.210   46.00   46.00   46.00      0.02  