            open  high  close   low     volume  price_change  p_change    ma5  \
date                                                                            
2016-07-22  3.95  3.96   3.93  3.92  155653.12         -0.03     -0.76  3.948   
2016-07-21  3.94  3.98   3.96  3.94  132615.09          0.02      0.51  3.960   
2016-07-20  3.95  3.96   3.94  3.93  124950.97         -0.01     -0.25  3.964   
2016-07-19  3.96  3.97   3.95  3.92  173403.52         -0.01     -0.25  3.978   
2016-07-18  3.97  3.99   3.96  3.94  151231.34         -0.03     -0.75  3.978   
2016-07-15  3.97  4.02   3.99  3.96  171122.20          0.01      0.25  3.968   
2016-07-14  3.99  4.00   3.98  3.96  170870.83         -0.03     -0.75  3.954   
2016-07-13  3.93  4.02   4.01  3.92  378694.22          0.06      1.52  3.950   
2016-07-12  3.90  3.95   3.95  3.89  203978.41          0.04      1.02  3.946   
2016-07-11  3.92  3.95   3.91  3.90  169771.19          0.00      0.00  3.952   
2016-07-08  3.94  3.95   3.92  3.90  146657.56         -0.04     -1.01  3.962   
2016-07-07  3.96  4.00   3.96  3.89  276774.59          0.02      0.51  3.958   
2016-07-06  4.01  4.03   3.99  3.97  212534.42          0.02      0.50  3.952   
2016-07-05  3.96  3.99   3.98  3.95  181501.22          0.01      0.25  3.950   
2016-07-04  3.90  3.97   3.96  3.89  206908.31          0.06      1.54  3.932   
2016-07-01  3.93  3.95   3.90  3.89  156638.19         -0.04     -1.01  3.914   
2016-06-30  3.99  3.99   3.93  3.91  220570.73         -0.05     -1.26  3.904   
2016-06-29  3.89  4.02   3.98  3.86  354266.75          0.09      2.31  3.872   
2016-06-28  3.84  3.90   3.89  3.82  213356.50          0.01      0.26  3.832   
2016-06-27  3.80  3.88   3.87  3.77  242325.66          0.02      0.52  3.800   
2016-06-24  3.81  4.05   3.85  3.76  461678.50          0.08      2.12  3.776   
2016-06-23  3.77  3.78   3.77  3.73  103438.50         -0.01     -0.27  3.754   
2016-06-22  3.73  3.79   3.78  3.73  120086.59          0.05      1.34  3.748   
2016-06-21  3.76  3.78   3.73  3.72  109623.39         -0.02     -0.53  3.746   
2016-06-20  3.74  3.76   3.75  3.71   88705.06          0.01      0.27  3.744   
2016-06-17  3.75  3.78   3.74  3.73  102371.60          0.00      0.00  3.738   
2016-06-16  3.77  3.77   3.74  3.73  108497.37         -0.03     -0.80  3.760   
2016-06-15  3.70  3.79   3.77  3.68  144681.09          0.05      1.34  3.778   
2016-06-14  3.71  3.73   3.72  3.70   96956.64          0.00      0.00  3.792   
2016-06-13  3.83  3.83   3.72  3.71  161785.45         -0.13     -3.38  3.816   
...          ...   ...    ...   ...        ...           ...       ...    ...   
2013-09-03  6.11  6.15   6.15  6.05   95561.64          0.06      0.98  6.114   
2013-09-02  6.31  6.31   6.09  6.01  149222.28         -0.22     -3.49  6.056   
2013-08-30  6.05  6.53   6.31  5.92  297130.19          0.22      3.61  5.996   
2013-08-29  6.00  6.18   6.09  6.00  173077.84          0.16      2.70  5.882   
2013-08-28  5.87  6.03   5.93  5.80  177077.75          0.07      1.20  5.846   
2013-08-27  5.82  5.93   5.86  5.79  112240.61          0.07      1.21  5.804   
2013-08-26  5.75  5.80   5.79  5.70   87535.18          0.05      0.87  5.774   
2013-08-23  5.93  5.93   5.74  5.60  123378.34         -0.17     -2.88  5.730   
2013-08-22  5.75  5.91   5.91  5.72  202822.59          0.19      3.32  5.688   
2013-08-21  5.68  5.78   5.72  5.62   61376.95          0.01      0.17  5.634   
2013-08-20  5.58  5.78   5.71  5.53  117698.67          0.14      2.51  5.628   
2013-08-19  5.50  5.57   5.57  5.45   47350.41          0.04      0.72  5.642   
2013-08-16  5.62  5.80   5.53  5.52   89854.62         -0.11     -1.95  5.658   
2013-08-15  5.67  5.74   5.64  5.63   62249.95         -0.05     -0.88  5.664   
2013-08-14  5.77  5.83   5.69  5.66   85800.24         -0.09     -1.56  5.640   
2013-08-13  5.66  5.82   5.78  5.61  129283.21          0.13      2.30  5.616   
2013-08-12  5.54  5.66   5.65  5.51   90813.29          0.09      1.62  5.580   
2013-08-09  5.52  5.58   5.56  5.48   57614.74          0.04      0.72  5.562   
2013-08-08  5.56  5.58   5.52  5.49   43313.21         -0.05     -0.90  5.542   
2013-08-07  5.58  5.63   5.57  5.54   69390.97         -0.03     -0.54  5.532   
2013-08-06  5.58  5.60   5.60  5.47   95692.34          0.04      0.72  5.496   
2013-08-05  5.43  5.56   5.56  5.43   75468.47          0.10      1.83  5.472   
2013-08-02  5.47  5.54   5.46  5.44   52706.47         -0.01     -0.18  5.464   
2013-08-01  5.39  5.51   5.47  5.37   60192.36          0.08      1.48  5.512   
2013-07-31  5.48  5.56   5.39  5.30   52112.88         -0.09     -1.64  5.540   
2013-07-30  5.52  5.56   5.48  5.35   36406.48         -0.04     -0.72  5.596   
2013-07-29  5.63  5.63   5.52  5.48   60437.77         -0.18     -3.16  5.625   
2013-07-26  5.75  5.85   5.70  5.66   96508.78          0.09      1.60  5.660   
2013-07-25  5.67  5.76   5.61  5.59   58762.09         -0.06     -1.06  5.640   
2013-07-24  5.74  5.77   5.67  5.56   67162.85         -0.09     -1.56  5.670   

             ma10   ma20      v_ma5     v_ma10     v_ma20  turnover  
date                                                                 
2016-07-22  3.958  3.948  147570.81  183229.09  202191.24      0.52  
2016-07-21  3.957  3.944  150664.62  182329.53  217492.51      0.44  
2016-07-20  3.957  3.935  158315.77  196745.48  216033.68      0.41  
2016-07-19  3.962  3.927  209064.42  205503.83  215790.46      0.57  
2016-07-18  3.965  3.916  215179.40  206313.60  212601.46      0.50  
2016-07-15  3.965  3.905  218887.37  211881.30  209475.14      0.57  
2016-07-14  3.956  3.893  213994.44  210432.89  206037.61      0.57  
2016-07-13  3.951  3.881  235175.19  215402.88  202918.94      1.25  
2016-07-12  3.948  3.869  201943.23  212960.14  191218.28      0.68  
2016-07-11  3.942  3.857  197447.80  213897.95  185867.19      0.56  
2016-07-08  3.938  3.848  204875.22  221153.39  185467.91      0.49  
2016-07-07  3.931  3.844  206871.35  252655.49  188188.88      0.92  
2016-07-06  3.912  3.838  195630.57  235321.88  178864.33      0.70  
2016-07-05  3.891  3.830  223977.04  226077.09  174239.78      0.60  
2016-07-04  3.866  3.823  230348.10  218889.31  172200.80      0.69  
2016-07-01  3.845  3.818  237431.57  207068.99  167996.99      0.52  
2016-06-30  3.829  3.815  298439.63  201642.33  168996.25      0.73  
2016-06-29  3.810  3.812  275013.18  190434.99  169074.43      1.17  
2016-06-28  3.789  3.800  228177.15  169476.43  154942.37      0.71  
2016-06-27  3.772  3.792  207430.53  157836.44  148379.42      0.80  
2016-06-24  3.757  3.785  176706.41  149782.42  140965.76      1.53  
2016-06-23  3.757  3.779  104845.03  123722.27  122207.00      0.34  
2016-06-22  3.763  3.778  105856.80  122406.77  121925.54      0.40  
2016-06-21  3.769  3.777  110775.70  122402.46  121502.63      0.36  
2016-06-20  3.780  3.779  108242.35  125512.28  120805.90      0.29  
2016-06-17  3.790  3.779  122858.43  128924.99  120747.03      0.34  
2016-06-16  3.801  3.779  142599.51  136350.18  122492.89      0.36  
2016-06-15  3.813  3.781  138956.75  147713.87  122395.10      0.48  
2016-06-14  3.810  3.784  134029.23  140408.31  120012.32      0.32  
2016-06-13  3.811  3.788  142782.21  138922.41  119762.97      0.54  
...           ...    ...        ...        ...        ...       ...  
2013-09-03  5.959  5.791  178413.94  147942.34  113639.63      1.75  
2013-09-02  5.915  5.763  181749.73  150156.04  113646.17      2.73  
2013-08-30  5.863  5.737  169412.31  139968.85  109958.48      5.43  
2013-08-29  5.785  5.694  134661.94  119241.30   97737.29      3.16  
2013-08-28  5.740  5.663  140610.89  108158.51   92093.02      3.24  
2013-08-27  5.716  5.636  117470.73   99030.76   85844.78      2.05  
2013-08-26  5.708  5.617  118562.35  100735.02   82053.07      1.60  
2013-08-23  5.694  5.604  110525.39  101062.83   80698.20      2.25  
2013-08-22  5.676  5.602  103820.65   94486.47   79354.72      3.71  
2013-08-21  5.637  5.587   75706.12   78535.53   72151.70      1.12  
2013-08-20  5.622  5.584   80590.78   79336.93   72440.99      2.15  
2013-08-19  5.611  5.577   82907.69   77136.30   70059.01      0.87  
2013-08-16  5.610  5.578   91600.26   79948.10   71320.60      1.64  
2013-08-15  5.603  5.581   85152.29   76233.29   70230.36      1.14  
2013-08-14  5.586  5.577   81364.94   76027.53   70729.13      1.57  
2013-08-13  5.556  5.569   78083.08   72658.79   69724.39      2.36  
2013-08-12  5.526  5.554   71364.91   63371.12   65470.19      1.66  
2013-08-09  5.513  5.547   68295.95   60333.57   63520.72      1.05  
2013-08-08  5.527  5.546   67314.29   64222.97   64012.89      0.79  
2013-08-07  5.536  5.548   70690.12   65767.86   65894.68      1.27  
2013-08-06  5.546  5.546   67234.50   65545.05   65545.05      1.75  
2013-08-05  5.540  5.540   55377.33   62195.35   62195.35      1.38  
2013-08-02  5.538  5.538   52371.19   60536.21   60536.21      0.96  
2013-08-01  5.549  5.549   61131.65   61654.74   61654.74      1.10  
2013-07-31  5.562  5.562   60845.60   61898.48   61898.48      0.95  
2013-07-30  5.596  5.596   63855.59   63855.59   63855.59      0.67  
2013-07-29  5.625  5.625   70717.87   70717.87   70717.87      1.10  
2013-07-26  5.660  5.660   74144.57   74144.57   74144.57      1.76  
2013-07-25  5.640  5.640   62962.47   62962.47   62962.47      1.07  
2013-07-24  5.670  5.670   67162.85   67162.85   67162.85      1.23  

[723 rows x 14 columns]