            open  high  close   low      volume  price_change  p_change  \
date                                                                      
2016-07-22  4.84  4.84   4.80  4.79   525452.88         -0.04     -0.83   
2016-07-21  4.83  4.87   4.84  4.82   542396.94          0.00      0.00   
2016-07-20  4.84  4.85   4.83  4.82   287120.00         -0.02     -0.41   
2016-07-19  4.84  4.85   4.83  4.80   573640.94         -0.02     -0.41   
2016-07-18  4.87  4.90   4.85  4.83   859312.25         -0.03     -0.61   
2016-07-15  4.88  4.90   4.88  4.86   570514.75          0.00      0.00   
2016-07-14  4.87  4.89   4.87  4.84   621641.38         -0.02     -0.41   
2016-07-13  4.87  4.91   4.88  4.86   990713.50          0.02      0.41   
2016-07-12  4.79  4.87   4.86  4.79  1224148.62          0.07      1.46   
2016-07-11  4.75  4.82   4.78  4.75   877593.31          0.03      0.63   
2016-07-08  4.78  4.78   4.74  4.73   558735.88         -0.06     -1.25   
2016-07-07  4.78  4.81   4.80  4.77   679301.62          0.01      0.21   
2016-07-06  4.79  4.79   4.79  4.74   719657.75         -0.02     -0.42   
2016-07-05  4.77  4.82   4.81  4.74   924921.94          0.04      0.84   
2016-07-04  4.70  4.77   4.75  4.70   909701.50          0.05      1.06   
2016-07-01  4.71  4.73   4.70  4.69   352700.66         -0.02     -0.42   
2016-06-30  4.71  4.73   4.72  4.68   619589.56          0.04      0.85   
2016-06-29  4.63  4.70   4.68  4.62   840919.06          0.05      1.08   
2016-06-28  4.60  4.63   4.63  4.58   337020.34          0.00      0.00   
2016-06-27  4.60  4.63   4.63  4.58   522525.56          0.03      0.65   
2016-06-24  4.65  4.68   4.60  4.53   816015.12         -0.05     -1.07   
2016-06-23  4.72  4.73   4.70  4.69   449488.38         -0.04     -0.84   
2016-06-22  4.69  4.74   4.73  4.69   461431.66          0.03      0.64   
2016-06-21  4.71  4.75   4.69  4.69   552906.62         -0.01     -0.21   
2016-06-20  4.71  4.72   4.70  4.67   417049.31          0.00      0.00   
2016-06-17  4.69  4.72   4.70  4.68   437869.56          0.01      0.21   
2016-06-16  4.71  4.73   4.68  4.67   616532.25         -0.06     -1.27   
2016-06-15  4.67  4.75   4.74  4.66   824855.06          0.02      0.42   
2016-06-14  4.71  4.74   4.72  4.70   475839.66          0.00      0.00   
2016-06-13  4.81  4.81   4.72  4.70   720214.00         -0.13     -2.68   
...          ...   ...    ...   ...         ...           ...       ...   
2013-09-03  4.41  4.46   4.45  4.40   434177.38          0.04      0.91   
2013-09-02  4.41  4.43   4.41  4.37   392662.06          0.00      0.00   
2013-08-30  4.42  4.45   4.41  4.38   557049.94         -0.02     -0.45   
2013-08-29  4.46  4.47   4.43  4.41   321669.84         -0.01     -0.23   
2013-08-28  4.40  4.46   4.44  4.40   513496.44          0.04      0.91   
2013-08-27  4.43  4.44   4.40  4.39   311278.62         -0.03     -0.68   
2013-08-26  4.38  4.49   4.43  4.36   493352.88          0.07      1.61   
2013-08-23  4.42  4.43   4.36  4.33   328842.09         -0.04     -0.91   
2013-08-22  4.41  4.44   4.40  4.38   252219.45         -0.03     -0.68   
2013-08-21  4.45  4.45   4.43  4.39   291167.38          0.00      0.00   
2013-08-20  4.49  4.51   4.43  4.41   503600.41         -0.07     -1.56   
2013-08-19  4.47  4.52   4.50  4.46   478095.62         -0.02     -0.44   
2013-08-16  4.50  4.95   4.52  4.45  1239480.88          0.02      0.44   
2013-08-15  4.53  4.56   4.50  4.49   263435.50         -0.03     -0.66   
2013-08-14  4.55  4.57   4.53  4.51   365871.47         -0.01     -0.22   
2013-08-13  4.53  4.56   4.54  4.49   370129.25          0.01      0.22   
2013-08-12  4.40  4.54   4.53  4.39   638106.50          0.14      3.19   
2013-08-09  4.39  4.41   4.39  4.33   345782.19          0.02      0.46   
2013-08-08  4.38  4.40   4.37  4.35   264164.19         -0.02     -0.46   
2013-08-07  4.43  4.45   4.39  4.37   437400.59         -0.05     -1.13   
2013-08-06  4.43  4.46   4.44  4.40   358600.25         -0.02     -0.45   
2013-08-05  4.45  4.46   4.46  4.37   334216.97          0.02      0.45   
2013-08-02  4.45  4.48   4.44  4.40   232299.45          0.01      0.23   
2013-08-01  4.40  4.45   4.43  4.38   349450.88          0.05      1.14   
2013-07-31  4.36  4.40   4.38  4.35   275330.78          0.01      0.23   
2013-07-30  4.29  4.37   4.37  4.26   525105.56          0.11      2.58   
2013-07-29  4.31  4.33   4.26  4.23   404156.56         -0.09     -2.07   
2013-07-26  4.35  4.37   4.35  4.32   371834.06         -0.03     -0.69   
2013-07-25  4.45  4.46   4.38  4.34   662589.44         -0.05     -1.13   
2013-07-24  4.45  4.48   4.43  4.40   369316.78         -0.05     -1.12   

              ma5   ma10   ma20      v_ma5     v_ma10     v_ma20  turnover  
date                                                                        
2016-07-22  4.830  4.842  4.784  557584.60  707253.46  676880.42      0.05  
2016-07-21  4.846  4.836  4.774  566596.98  710581.76  691408.53      0.06  
2016-07-20  4.852  4.832  4.767  582445.86  724272.23  686763.11      0.03  
2016-07-19  4.862  4.828  4.762  723164.56  767526.00  695478.69      0.06  
2016-07-18  4.868  4.826  4.755  853266.10  802654.10  694441.97      0.09  
2016-07-15  4.854  4.816  4.747  856922.31  807693.03  672328.83      0.06  
2016-07-14  4.826  4.798  4.738  854566.54  785911.62  665696.57      0.07  
2016-07-13  4.812  4.783  4.729  866098.59  785706.43  665441.11      0.10  
2016-07-12  4.794  4.763  4.722  811887.44  770726.99  657148.19      0.13  
2016-07-11  4.784  4.740  4.715  752042.10  682014.16  619732.74      0.09  
2016-07-08  4.778  4.725  4.712  758463.74  646507.39  611863.77      0.06  
2016-07-07  4.770  4.711  4.718  717256.69  672235.31  638602.92      0.07  
2016-07-06  4.754  4.701  4.718  705314.28  649253.99  627712.40      0.08  
2016-07-05  4.732  4.695  4.718  729566.54  623431.38  612742.66      0.10  
2016-07-04  4.696  4.683  4.718  611986.22  586229.85  605720.72      0.10  
2016-07-01  4.672  4.678  4.721  534551.04  536964.63  585507.47      0.04  
2016-06-30  4.652  4.678  4.728  627213.93  545481.52  600113.74      0.06  
2016-06-29  4.648  4.674  4.733  593193.69  545175.79  634356.24      0.09  
2016-06-28  4.658  4.680  4.737  517296.21  543569.39  620677.45      0.04  
2016-06-27  4.670  4.689  4.742  560473.47  557451.32  621745.25      0.05  
2016-06-24  4.684  4.698  4.749  539378.22  577220.16  624707.97      0.09  
2016-06-23  4.704  4.724  4.754  463749.11  604970.53  614524.48      0.05  
2016-06-22  4.700  4.734  4.753  497157.88  606170.81  616543.26      0.05  
2016-06-21  4.702  4.740  4.751  569842.56  602053.94  611993.28      0.06  
2016-06-20  4.708  4.752  4.751  554429.17  625211.60  597622.64      0.04  
2016-06-17  4.712  4.764  4.750  615062.11  634050.32  599870.28      0.05  
2016-06-16  4.744  4.777  4.751  746191.94  654745.97  624774.31      0.06  
2016-06-15  4.768  4.792  4.754  715183.74  723536.70  644722.06      0.09  
2016-06-14  4.778  4.793  4.751  634265.32  697785.52  632208.90      0.05  
2016-06-13  4.796  4.795  4.747  695994.04  686039.19  650893.35      0.08  
...           ...    ...    ...        ...        ...        ...       ...  
2013-09-03  4.428  4.416  4.443  443811.13  389591.61  440099.13      0.05  
2013-09-02  4.418  4.414  4.443  419231.38  396533.91  436320.28      0.04  
2013-08-30  4.422  4.423  4.445  439369.54  405077.27  433398.02      0.06  
2013-08-29  4.412  4.434  4.447  393727.97  473320.36  417160.50      0.04  
2013-08-28  4.406  4.441  4.447  379837.90  467496.93  418549.55      0.06  
2013-08-27  4.404  4.450  4.444  335372.08  452734.43  406641.27      0.03  
2013-08-26  4.410  4.464  4.442  373836.44  458619.49  417332.61      0.05  
2013-08-23  4.424  4.474  4.434  370784.99  473094.86  412872.80      0.04  
2013-08-22  4.456  4.477  4.433  552912.75  474788.87  415022.40      0.03  
2013-08-21  4.476  4.474  4.432  555155.96  475983.34  435540.90      0.03  
2013-08-20  4.496  4.470  4.432  570096.78  490606.66  439448.37      0.06  
2013-08-19  4.518  4.471  4.432  543402.54  476106.64  436071.94      0.05  
2013-08-16  4.524  4.467  4.428  575404.72  461718.78  433737.29      0.14  
2013-08-15  4.498  4.459  4.423  396664.98  361000.64  386340.61      0.03  
2013-08-14  4.472  4.452  4.418  396810.72  369602.17  394022.18      0.04  
2013-08-13  4.444  4.437  4.411  411116.54  360548.11  395898.90      0.04  
2013-08-12  4.424  4.420  4.401  408810.74  376045.74  397739.59      0.07  
2013-08-09  4.410  4.393  4.392  348032.84  352650.74  379249.82      0.04  
2013-08-08  4.420  4.389  4.392  325336.29  355255.93  382038.79      0.03  
2013-08-07  4.432  4.390  4.394  342393.63  395098.45  392754.67      0.05  
2013-08-06  4.430  4.394  4.394  309979.67  388290.07  388290.07      0.04  
2013-08-05  4.416  4.389  4.389  343280.73  391588.94  391588.94      0.04  
2013-08-02  4.376  4.380  4.380  357268.65  398760.44  398760.44      0.03  
2013-08-01  4.358  4.371  4.371  385175.57  422540.58  422540.58      0.04  
2013-07-31  4.348  4.362  4.362  447803.28  434722.20  434722.20      0.03  
2013-07-30  4.358  4.358  4.358  466600.48  466600.48  466600.48      0.06  
2013-07-29  4.355  4.355  4.355  451974.21  451974.21  451974.21      0.04  
2013-07-26  4.387  4.387  4.387  467913.43  467913.43  467913.43      0.04  
2013-07-25  4.405  4.405  4.405  515953.11  515953.11  515953.11      0.07  
2013-07-24  4.430  4.430  4.430  369316.78  369316.78  369316.78      0.04  

[733 rows x 14 columns]