            open  high  close   low     volume  price_change  p_change    ma5  \
date                                                                            
2016-06-24  4.98  5.00   4.90  4.84  346832.91         -0.08     -1.61  4.974   
2016-06-23  5.00  5.01   4.99  4.96  184640.27         -0.02     -0.40  4.996   
2016-06-22  4.98  5.02   5.00  4.96  274225.91          0.02      0.40  4.996   
2016-06-21  5.02  5.03   4.97  4.95  278190.12         -0.04     -0.80  5.010   
2016-06-20  5.03  5.03   5.01  4.98  221028.94          0.00      0.00  5.024   
2016-06-17  5.00  5.08   5.01  4.99  437615.62          0.02      0.40  5.028   
2016-06-16  5.06  5.07   4.99  4.96  453579.97         -0.08     -1.58  5.054   
2016-06-15  5.01  5.09   5.07  4.99  336308.12          0.03      0.59  5.102   
2016-06-14  5.03  5.06   5.04  5.00  196034.91          0.01      0.20  5.140   
2016-06-13  5.11  5.11   5.03  5.02  295768.38         -0.12     -2.33  5.182   
2016-06-08  5.19  5.19   5.14  5.13  209872.06         -0.03     -0.58  5.226   
2016-06-07  5.25  5.26   5.23  5.21  182197.59         -0.03     -0.57  5.248   
2016-06-06  5.25  5.27   5.26  5.21  264029.34          0.01      0.19  5.260   
2016-06-03  5.25  5.26   5.25  5.21  232849.12          0.00      0.00  5.244   
2016-06-02  5.26  5.26   5.25  5.22  219124.89         -0.01     -0.19  5.236   
2016-06-01  5.27  5.30   5.25  5.24  376346.38         -0.04     -0.76  5.220   
2016-05-31  5.18  5.30   5.29  5.17  478013.34          0.11      2.12  5.206   
2016-05-30  5.18  5.21   5.18  5.14  158608.31         -0.03     -0.58  5.178   
2016-05-27  5.15  5.29   5.21  5.14  191929.06          0.04      0.77  5.186   
2016-05-26  5.15  5.19   5.17  5.11  121839.39          0.00      0.00  5.186   
2016-05-25  5.19  5.21   5.18  5.15  115854.39          0.02      0.39  5.188   
2016-05-24  5.20  5.20   5.15  5.14  155888.36         -0.07     -1.34  5.184   
2016-05-23  5.21  5.24   5.22  5.17  175426.31          0.01      0.19  5.204   
2016-05-20  5.15  5.22   5.21  5.13  159977.77          0.02      0.39  5.200   
2016-05-19  5.17  5.25   5.18  5.16  215105.95          0.03      0.58  5.204   
2016-05-18  5.20  5.21   5.16  5.11  340980.00         -0.09     -1.71  5.218   
2016-05-17  5.20  5.31   5.25  5.18  351316.44          0.05      0.96  5.228   
2016-05-16  5.18  5.22   5.20  5.15  294723.91         -0.03     -0.57  5.220   
2016-05-13  5.22  5.28   5.23  5.20  169534.58         -0.02     -0.38  5.212   
2016-05-12  5.18  5.31   5.25  5.12  264923.03          0.03      0.57  5.248   
...          ...   ...    ...   ...        ...           ...       ...    ...   
2013-09-03  4.18  4.28   4.25  4.18  250005.98          0.04      0.95  4.214   
2013-09-02  4.34  4.36   4.21  4.19  446195.28         -0.09     -2.09  4.182   
2013-08-30  4.14  4.30   4.30  4.14  585781.50          0.17      4.12  4.156   
2013-08-29  4.17  4.19   4.13  4.10  219456.42         -0.05     -1.20  4.102   
2013-08-28  4.07  4.24   4.18  4.05  444537.69          0.09      2.20  4.090   
2013-08-27  4.08  4.13   4.09  4.07  211036.08          0.01      0.24  4.070   
2013-08-26  4.03  4.09   4.08  4.01  183104.30          0.05      1.24  4.070   
2013-08-23  4.07  4.09   4.03  3.98  148904.95         -0.04     -0.98  4.080   
2013-08-22  4.08  4.10   4.07  4.05  143816.56         -0.01     -0.24  4.100   
2013-08-21  4.13  4.13   4.08  4.05  128778.92         -0.01     -0.24  4.116   
2013-08-20  4.13  4.14   4.09  4.08  127146.38         -0.04     -0.97  4.130   
2013-08-19  4.11  4.16   4.13  4.09  172021.81          0.00      0.00  4.148   
2013-08-16  4.15  4.57   4.13  4.09  436815.91         -0.02     -0.48  4.152   
2013-08-15  4.16  4.21   4.15  4.13  201343.19          0.00      0.00  4.136   
2013-08-14  4.20  4.20   4.15  4.13  202823.89         -0.03     -0.72  4.110   
2013-08-13  4.14  4.21   4.18  4.12  229071.50          0.03      0.72  4.088   
2013-08-12  4.06  4.15   4.15  4.05  352054.62          0.10      2.47  4.064   
2013-08-09  4.05  4.06   4.05  4.00  138458.16          0.03      0.75  4.044   
2013-08-08  4.05  4.06   4.02  4.01   95468.46         -0.02     -0.49  4.042   
2013-08-07  4.05  4.07   4.04  4.03  121950.20         -0.02     -0.49  4.048   
2013-08-06  4.04  4.08   4.06  4.02  127728.11          0.01      0.25  4.040   
2013-08-05  4.04  4.06   4.05  4.02  105556.18          0.01      0.25  4.032   
2013-08-02  4.07  4.09   4.04  4.03  122688.13         -0.01     -0.25  4.018   
2013-08-01  4.02  4.08   4.05  4.00  159440.27          0.05      1.25  4.018   
2013-07-31  4.05  4.06   4.00  3.98   84399.80         -0.02     -0.50  4.020   
2013-07-30  3.97  4.07   4.02  3.97  109591.32          0.04      1.00  4.032   
2013-07-29  4.02  4.03   3.98  3.96  105771.32         -0.06     -1.49  4.035   
2013-07-26  4.06  4.07   4.04  4.02   77341.15         -0.02     -0.49  4.053   
2013-07-25  4.08  4.11   4.06  4.02  181542.41          0.00      0.00  4.060   
2013-07-24  4.09  4.09   4.06  4.01  141661.98         -0.04     -0.98  4.060   

             ma10   ma20      v_ma5     v_ma10     v_ma20  turnover  
date                                                                 
2016-06-24  5.001  5.112  260983.63  302422.52  272951.73      0.21  
2016-06-23  5.025  5.126  279140.17  288726.43  261402.81      0.11  
2016-06-22  5.049  5.134  332928.11  288482.16  259965.21      0.17  
2016-06-21  5.075  5.145  345344.55  287462.51  255025.23      0.17  
2016-06-20  5.103  5.157  328913.51  282928.40  249114.61      0.13  
2016-06-17  5.127  5.166  343861.40  282738.00  248818.46      0.27  
2016-06-16  5.151  5.173  298312.69  276611.08  243986.68      0.28  
2016-06-15  5.181  5.186  244036.21  279054.41  238873.51      0.20  
2016-06-14  5.192  5.193  229580.46  261284.43  236794.30      0.12  
2016-06-13  5.209  5.202  236943.30  260873.85  235469.28      0.18  
2016-06-08  5.223  5.213  221614.60  243480.95  233927.01      0.13  
2016-06-07  5.227  5.217  254909.46  234079.18  234083.24      0.11  
2016-06-06  5.219  5.216  314072.61  231448.26  237926.37      0.16  
2016-06-03  5.215  5.211  292988.41  222587.96  255238.05      0.14  
2016-06-02  5.211  5.219  284804.40  215300.82  268013.66      0.13  
2016-06-01  5.204  5.234  265347.30  214898.93  269456.13      0.23  
2016-05-31  5.195  5.252  213248.90  211362.29  274307.72      0.29  
2016-05-30  5.191  5.269  148823.90  198692.60  266265.63      0.10  
2016-05-27  5.193  5.288  152187.50  212304.16  270528.16      0.12  
2016-05-26  5.195  5.306  145797.24  210064.71  282197.89      0.07  
2016-05-25  5.203  5.331  164450.56  224373.07  290958.68      0.07  
2016-05-24  5.206  5.361  209475.68  234087.31  298621.89      0.09  
2016-05-23  5.212  5.392  248561.29  244404.49  316688.80      0.11  
2016-05-20  5.206  5.417  272420.81  287888.15  336990.66      0.10  
2016-05-19  5.226  5.449  274332.18  320726.51  367094.83      0.13  
2016-05-18  5.264  5.480  284295.59  324013.33  391593.81      0.21  
2016-05-17  5.308  5.516  258698.93  337253.15  400268.15      0.21  
2016-05-16  5.346  5.543  240247.68  333838.65  412119.64      0.18  
2016-05-13  5.382  5.574  303355.49  328752.15  428856.20      0.10  
2016-05-12  5.416  5.610  367120.84  354331.08  446256.16      0.16  
...           ...    ...        ...        ...        ...       ...  
2013-09-03  4.142  4.126  389195.37  276161.77  241938.59      0.15  
2013-09-02  4.126  4.116  381401.39  263875.81  235824.70      0.27  
2013-08-30  4.118  4.108  328783.20  236458.46  218792.74      0.36  
2013-08-29  4.101  4.095  241407.89  221561.90  195638.07      0.13  
2013-08-28  4.103  4.091  226279.92  219750.58  192637.27      0.27  
2013-08-27  4.100  4.082  163128.16  195579.20  174630.37      0.13  
2013-08-26  4.109  4.079  146350.22  197382.74  169558.13      0.11  
2013-08-23  4.116  4.074  144133.72  214277.77  165691.48      0.09  
2013-08-22  4.118  4.074  201715.92  213233.09  162113.29      0.09  
2013-08-21  4.113  4.074  213221.24  208398.28  163999.59      0.08  
2013-08-20  4.109  4.073  228030.24  207715.41  164643.74      0.08  
2013-08-19  4.106  4.072  248415.26  207773.59  166617.28      0.10  
2013-08-16  4.098  4.068  284421.82  201127.02  166317.03      0.27  
2013-08-15  4.089  4.065  224750.27  169714.24  150405.33      0.12  
2013-08-14  4.079  4.059  203575.33  165523.95  147221.72      0.12  
2013-08-13  4.064  4.053  187400.59  153681.54  143514.91      0.14  
2013-08-12  4.048  4.044  167131.91  141733.53  137403.72      0.21  
2013-08-09  4.031  4.036  117832.22  117105.20  120892.11      0.08  
2013-08-08  4.030  4.035  114678.22  110993.49  119428.28      0.06  
2013-08-07  4.034  4.036  127472.58  119600.89  121606.44      0.07  
2013-08-06  4.036  4.036  119962.50  121572.07  121572.07      0.08  
2013-08-05  4.033  4.033  116335.14  120888.06  120888.06      0.06  
2013-08-02  4.031  4.031  116378.17  122804.55  122804.55      0.07  
2013-08-01  4.030  4.030  107308.77  122821.18  122821.18      0.10  
2013-07-31  4.027  4.027  111729.20  116718.00  116718.00      0.05  
2013-07-30  4.032  4.032  123181.64  123181.64  123181.64      0.07  
2013-07-29  4.035  4.035  126579.22  126579.22  126579.22      0.06  
2013-07-26  4.053  4.053  133515.18  133515.18  133515.18      0.05  
2013-07-25  4.060  4.060  161602.20  161602.20  161602.20      0.11  
2013-07-24  4.060  4.060  141661.98  141661.98  141661.98      0.09  

[713 rows x 14 columns]