             open   high  close    low     volume  price_change  p_change  \
date                                                                        
2016-07-22  41.00  41.97  40.45  39.00  331416.06         -1.31     -3.14   
2016-07-21  38.00  42.15  41.74  37.79  428765.31          3.42      8.93   
2016-07-20  38.15  38.38  38.35  37.12  267816.59          0.54      1.43   
2016-07-19  38.49  39.99  37.77  37.40  415801.69         -0.79     -2.05   
2016-07-18  35.98  39.05  38.41  35.10  435909.84          2.91      8.20   
2016-07-15  32.08  35.50  35.50  31.91  304132.12          3.23     10.01   
2016-07-14  30.59  33.49  32.25  30.43  284383.91          1.53      4.98   
2016-07-13  30.80  31.49  30.61  30.38  173226.92         -0.26     -0.84   
2016-07-12  30.61  31.28  30.93  30.20  190456.50         -0.04     -0.13   
2016-07-11  30.06  31.33  30.96  29.71  248290.89          0.59      1.94   
2016-07-08  28.91  31.80  30.34  28.66  334641.72          1.40      4.84   
2016-07-07  28.40  29.43  28.95  27.86  286925.53          0.25      0.87   
2016-07-06  27.20  29.35  28.70  27.01  376415.97          0.87      3.13   
2016-07-05  27.00  28.76  27.84  26.69  525695.12          1.57      5.98   
2016-07-04  26.27  26.27  26.27  25.96  235577.27          2.39     10.01   
2016-07-01  23.88  23.88  23.88  23.88    2472.00          2.17      9.99   
2016-06-30  21.71  21.71  21.71  21.71    3401.05          1.97      9.98   
2015-10-09  19.51  20.08  19.86  19.20   89951.47          0.44      2.27   
2015-10-08  18.92  19.45  19.44  18.59  109166.60          1.40      7.76   
2015-09-30  18.00  18.30  18.05  17.68   53342.78          0.14      0.78   
2015-09-29  18.40  18.60  17.91  17.80   70925.46         -0.96     -5.09   
2015-09-28  18.62  19.15  18.89  18.49   65149.72          0.28      1.50   
2015-09-25  19.50  19.75  18.61  18.40   78608.79         -1.28     -6.43   
2015-09-24  19.55  20.48  19.89  19.45   85317.39          0.41      2.10   
2015-09-23  19.45  19.80  19.47  19.03   70250.62         -0.45     -2.26   
2015-09-22  20.10  20.38  19.95  19.18  109302.18         -0.14     -0.70   
2015-09-21  18.20  20.10  20.10  18.01  101085.64          1.59      8.59   
2015-09-18  18.19  18.85  18.52  17.83   53347.01          0.61      3.41   
2015-09-17  18.18  18.98  17.94  17.88  109154.34         -0.24     -1.32   
2015-09-16  17.00  18.21  18.21  16.82  110260.21          1.66     10.03   
...           ...    ...    ...    ...        ...           ...       ...   
2013-09-03  14.29  14.40  14.23  13.81  154021.38         -0.09     -0.63   
2013-09-02  15.10  15.15  14.32  14.00  208790.62         -0.66     -4.41   
2013-08-30  14.78  15.55  14.98  14.78  268259.16          0.45      3.10   
2013-08-29  14.68  14.84  14.53  14.30  105951.13         -0.14     -0.95   
2013-08-28  14.98  14.98  14.67  14.57  137661.58         -0.37     -2.46   
2013-08-27  14.72  15.45  15.04  14.70  200944.48          0.29      1.97   
2013-08-26  14.50  14.88  14.75  14.41  131377.05          0.28      1.94   
2013-08-23  14.58  14.74  14.47  13.60  184317.09         -0.04     -0.28   
2013-08-22  14.76  14.85  14.51  14.41  146792.38         -0.25     -1.69   
2013-08-21  15.10  15.14  14.76  14.57  142665.14         -0.28     -1.86   
2013-08-20  15.16  15.27  15.04  14.80  195093.70         -0.09     -0.59   
2013-08-19  14.38  15.22  15.13  14.28  233186.84          0.74      5.14   
2013-08-16  14.66  15.15  14.39  14.11  266400.91         -0.49     -3.29   
2013-08-15  14.74  15.46  14.88  14.50  311921.81          0.27      1.85   
2013-08-14  14.74  15.06  14.61  14.50  262159.19         -0.25     -1.68   
2013-08-13  13.97  15.27  14.86  13.80  410546.91          0.98      7.06   
2013-08-12  13.62  14.07  13.88  13.40  178759.92          0.31      2.28   
2013-08-09  13.56  13.98  13.57  13.52  174526.22          0.05      0.37   
2013-08-08  13.50  13.82  13.52  13.20  172903.59         -0.08     -0.59   
2013-08-07  13.55  14.09  13.60  13.50  215410.59          0.09      0.67   
2013-08-06  13.55  13.69  13.51  13.33  147856.36         -0.07     -0.52   
2013-08-05  13.60  13.77  13.58  13.39  203569.78          0.07      0.52   
2013-08-02  13.08  13.76  13.51  12.93  266451.81          0.48      3.68   
2013-08-01  12.58  13.07  13.03  12.58  155281.80          0.35      2.76   
2013-07-31  13.08  13.12  12.68  12.62  174391.06         -0.39     -2.98   
2013-07-30  12.88  13.48  13.07  12.26  321557.25          0.20      1.55   
2013-07-29  13.24  13.66  12.87  12.76  379287.81         -0.37     -2.79   
2013-07-26  12.35  13.24  13.24  12.35  234848.27          1.20      9.97   
2013-07-25  12.35  12.39  12.04  11.92  101256.66         -0.21     -1.71   
2013-07-24  12.36  12.39  12.25  12.02  106330.63         -0.10     -0.81   

               ma5    ma10    ma20      v_ma5     v_ma10     v_ma20  turnover  
date                                                                           
2016-07-22  39.344  35.697  30.101  375941.90  308019.98  254889.47      6.56  
2016-07-21  38.354  34.686  28.973  370485.11  308342.55  241864.94      8.48  
2016-07-20  36.456  33.407  27.831  341608.83  294158.57  223684.16      5.30  
2016-07-19  34.908  32.442  26.844  322690.90  305018.51  214223.77      8.23  
2016-07-18  33.540  31.449  25.950  277621.86  316007.85  197699.55      8.62  
2016-07-15  32.050  30.235  25.003  240098.07  295974.60  179416.59      6.02  
2016-07-14  31.018  29.073  24.226  246199.99  265808.58  169675.09      5.63  
2016-07-13  30.358  28.019  23.618  246708.31  237710.30  160510.18      3.43  
2016-07-12  29.976  26.944  23.014  287346.12  229382.75  154516.19      3.77  
2016-07-11  29.358  25.795  22.364  354393.85  221253.76  150451.08      4.91  
2016-07-08  28.420  24.504  21.727  351851.12  201758.95  143549.54      6.62  
2016-07-07  27.128  23.261  21.039  285417.18  175387.33  131368.89      5.68  
2016-07-06  25.680  22.255  20.505  228712.28  153209.74  125048.39      7.45  
2016-07-05  23.912  21.246  20.065  171419.38  123429.03  109314.91     10.40  
2016-07-04  22.232  20.451  19.638   88113.68   79391.25   86625.60      4.66  
2016-07-01  20.588  19.771  19.347   51666.78   62858.59   80982.92      0.05  
2016-06-30  19.394  19.378  19.150   65357.47   73541.61   86795.51      0.07  
2015-10-09  18.830  19.217  18.973   77707.21   83310.07   92482.85      1.78  
2015-10-08  18.580  19.083  18.852   75438.67   79649.62   93942.11      2.16  
2015-09-30  18.670  18.933  18.781   70668.83   79648.39   93933.91      1.06  
2015-09-29  18.954  18.949  18.878   74050.40   85340.14   98283.15      1.40  
2015-09-28  19.362  18.817  19.020   81725.74   87350.46  103576.31      1.29  
2015-09-25  19.604  18.754  19.025   88912.92   96887.05  109619.53      1.56  
2015-09-24  19.586  18.883  19.015   83860.57   95200.80  115871.50      1.69  
2015-09-23  19.196  18.825  19.043   88627.96   93859.95  115257.77      1.39  
2015-09-22  18.944  18.923  19.206   96629.88   99107.24  113944.48      2.16  
2015-09-21  18.272  18.922  19.469   92975.19  100049.42  113776.60      2.00  
2015-09-18  17.904  18.729  19.824  104861.17  101655.64  114774.84      1.06  
2015-09-17  18.180  18.620  20.287  106541.03  108234.60  118155.24      2.16  
2015-09-16  18.454  18.628  20.788   99091.94  108219.43  121978.25      2.18  
...            ...     ...     ...        ...        ...        ...       ...  
2013-09-03  14.546  14.626  14.487  174936.77  168078.00  205084.48      3.05  
2013-09-02  14.708  14.707  14.451  184321.39  172185.23  204776.23      4.13  
2013-08-30  14.794  14.788  14.414  168838.68  174624.86  204515.19      5.31  
2013-08-29  14.692  14.729  14.341  152050.27  174439.03  204424.82      2.10  
2013-08-28  14.688  14.764  14.266  160218.52  195036.10  206891.36      2.72  
2013-08-27  14.706  14.758  14.166  161219.23  207485.86  208727.83      3.98  
2013-08-26  14.706  14.740  14.068  160049.07  228446.10  214758.47      2.60  
2013-08-23  14.782  14.653  13.974  180411.03  233184.39  227154.01      3.65  
2013-08-22  14.766  14.563  13.912  196827.79  232205.30  229680.57      2.90  
2013-08-21  14.840  14.464  13.789  229853.68  234816.42  227403.78      2.82  
2013-08-20  14.810  14.348  13.663  253752.49  242090.97  225587.06      3.86  
2013-08-19  14.774  14.195  13.591  296843.13  237367.23  227191.97      4.61  
2013-08-16  14.524  14.040  13.505  285957.75  234405.53  226858.92      5.27  
2013-08-15  14.360  13.952  13.453  267582.81  234410.62  224532.92      6.17  
2013-08-14  14.088  13.767  13.364  239779.17  218746.62  219071.12      5.19  
2013-08-13  13.886  13.574  13.281  230429.45  209969.80  216198.58      8.12  
2013-08-12  13.616  13.395  13.168  177891.34  201070.84  202316.55      3.54  
2013-08-09  13.556  13.294  13.113  182853.31  221123.63  204128.60      3.45  
2013-08-08  13.544  13.261  13.075  201238.43  227155.83  206595.47      3.42  
2013-08-07  13.446  13.113  13.035  197714.07  219991.14  209658.37      4.26  
2013-08-06  13.262  12.978  12.978  189510.16  209083.14  209083.14      2.93  
2013-08-05  13.174  12.919  12.919  224250.34  215886.12  215886.12      4.03  
2013-08-02  13.032  12.836  12.836  259393.95  217425.66  217425.66      5.27  
2013-08-01  12.978  12.740  12.740  253073.24  210421.93  210421.93      3.07  
2013-07-31  12.780  12.692  12.692  242268.21  219611.95  219611.95      3.45  
2013-07-30  12.694  12.694  12.694  228656.12  228656.12  228656.12      6.36  
2013-07-29  12.600  12.600  12.600  205430.84  205430.84  205430.84      7.50  
2013-07-26  12.510  12.510  12.510  147478.52  147478.52  147478.52      4.65  
2013-07-25  12.145  12.145  12.145  103793.65  103793.65  103793.65      2.00  
2013-07-24  12.250  12.250  12.250  106330.63  106330.63  106330.63      2.10  

[555 rows x 14 columns]