             open   high  close    low     volume  price_change  p_change  \
date                                                                        
2016-07-22  15.03  15.57  15.44  14.87  235368.72          0.43      2.87   
2016-07-21  14.90  15.41  15.04  14.81  264413.91          0.07      0.47   
2016-07-20  14.20  15.43  15.00  14.16  402841.09          0.96      6.84   
2016-07-19  13.81  14.37  14.04  13.81  180452.95          0.19      1.37   
2016-07-18  13.60  13.87  13.85  13.45   99667.89          0.17      1.24   
2016-07-15  13.70  13.76  13.67  13.55   64530.75         -0.07     -0.51   
2016-07-14  13.60  13.79  13.75  13.46   92367.32          0.07      0.51   
2016-07-13  13.30  13.87  13.68  13.30  202463.77          0.34      2.55   
2016-07-12  13.09  13.35  13.35  13.01  113736.89          0.26      1.99   
2016-07-11  13.10  13.28  13.11  13.07   89276.55          0.03      0.23   
2016-07-08  13.10  13.18  13.08  13.00   56554.50         -0.05     -0.38   
2016-07-07  13.27  13.29  13.13  12.88  103550.96         -0.19     -1.43   
2016-07-06  13.20  13.38  13.34  13.16   89736.60          0.06      0.45   
2016-07-05  13.16  13.45  13.28  13.10  130516.02          0.13      0.99   
2016-07-04  12.85  13.25  13.15  12.81  115437.13          0.24      1.86   
2016-07-01  12.98  13.15  12.91  12.90   93951.76         -0.05     -0.39   
2016-06-30  13.01  13.03  12.95  12.88   74490.87          0.00      0.00   
2016-06-29  13.01  13.05  12.96  12.83   92206.51         -0.04     -0.31   
2016-06-28  12.72  13.05  13.00  12.70  123882.35          0.20      1.56   
2016-06-27  12.32  12.82  12.81  12.30  100630.71          0.34      2.73   
2016-06-24  12.74  12.94  12.46  12.11  115832.25         -0.30     -2.35   
2016-06-23  12.88  12.94  12.76  12.61   73143.06         -0.13     -1.01   
2016-06-22  12.65  12.92  12.89  12.51   74826.41          0.20      1.58   
2016-06-21  12.75  12.96  12.71  12.61   99445.95          0.05      0.40   
2016-06-20  12.69  12.74  12.67  12.47   67695.62         -0.01     -0.08   
2016-06-17  12.65  12.89  12.69  12.51   82389.30          0.10      0.79   
2016-06-16  12.68  12.77  12.61  12.52   92191.38         -0.07     -0.55   
2016-06-15  12.15  12.80  12.69  12.06   95246.08          0.37      3.00   
2016-06-14  12.24  12.36  12.31  12.09   59968.19          0.07      0.57   
2016-06-13  12.90  12.90  12.24  12.20  123833.64         -0.80     -6.13   
...           ...    ...    ...    ...        ...           ...       ...   
2013-09-03   7.81   7.92   7.90   7.81   87589.62          0.04      0.51   
2013-09-02   7.75   7.88   7.86   7.71   71315.04          0.13      1.68   
2013-08-30   8.07   8.14   7.73   7.68  215818.53         -0.35     -4.33   
2013-08-29   8.12   8.24   8.08   8.05  116257.24         -0.08     -0.98   
2013-08-28   8.28   8.49   8.16   8.14  246120.33         -0.19     -2.27   
2013-08-27   8.42   8.44   8.35   8.20  183522.91         -0.12     -1.42   
2013-08-26   8.40   8.54   8.47   8.32  234026.41          0.03      0.35   
2013-08-23   8.21   8.50   8.44   8.03  312447.72          0.25      3.05   
2013-08-22   8.23   8.32   8.19   8.16  159396.06         -0.11     -1.32   
2013-08-21   8.06   8.38   8.30   7.99  275424.59          0.22      2.72   
2013-08-20   8.00   8.12   8.08   7.90  175982.20          0.03      0.37   
2013-08-19   7.69   8.07   8.05   7.66  174501.81          0.36      4.68   
2013-08-16   7.81   8.06   7.69   7.69  170357.61         -0.27     -3.39   
2013-08-15   7.93   8.12   7.96   7.88  243999.02          0.01      0.13   
2013-08-14   7.81   7.98   7.95   7.68  216335.48          0.15      1.92   
2013-08-13   7.86   7.95   7.80   7.74  120316.40         -0.06     -0.76   
2013-08-12   7.80   7.87   7.86   7.64  156602.30          0.04      0.51   
2013-08-09   8.00   8.05   7.82   7.68  107786.10         -0.12     -1.51   
2013-08-08   7.78   8.06   7.94   7.76  132546.95          0.15      1.93   
2013-08-07   8.02   8.05   7.79   7.77  119485.82         -0.26     -3.23   
2013-08-06   7.86   8.14   8.05   7.85  147360.72          0.12      1.51   
2013-08-05   7.72   7.94   7.93   7.72   98140.76          0.20      2.59   
2013-08-02   7.84   7.93   7.73   7.71  115099.79         -0.09     -1.15   
2013-08-01   7.53   7.82   7.82   7.52  116236.53          0.30      3.99   
2013-07-31   7.51   7.72   7.52   7.46   92869.38          0.03      0.40   
2013-07-30   7.73   7.78   7.49   7.32  103613.92         -0.24     -3.10   
2013-07-29   7.92   7.94   7.73   7.66  139300.39         -0.30     -3.74   
2013-07-26   7.75   8.20   8.03   7.74  212958.02          0.23      2.95   
2013-07-25   8.21   8.26   7.80   7.80  216477.27         -0.49     -5.91   
2013-07-24   8.13   8.42   8.29   8.02  277877.84          0.06      0.73   

               ma5    ma10    ma20      v_ma5     v_ma10     v_ma20  turnover  
date                                                                           
2016-07-22  14.674  14.093  13.577  236548.91  174511.98  136303.86      4.18  
2016-07-21  14.320  13.857  13.428  202381.32  156630.56  130327.04      4.69  
2016-07-20  14.062  13.666  13.314  167972.00  140544.27  120763.50      7.15  
2016-07-19  13.798  13.500  13.209  127896.54  109233.82  104362.76      3.20  
2016-07-18  13.660  13.424  13.142  114553.32  104240.13  100312.41      1.77  
2016-07-15  13.512  13.354  13.083  112475.06  105817.05   98713.80      1.15  
2016-07-14  13.394  13.278  13.034  110879.81  108759.15   99606.73      1.64  
2016-07-13  13.270  13.198  12.977  113116.53  106971.50   99597.93      3.59  
2016-07-12  13.202  13.126  12.928   90571.10   95945.78   94237.05      2.02  
2016-07-11  13.188  13.091  12.876   93926.93   96960.33   91548.61      1.58  
2016-07-08  13.196  13.061  12.832   99159.04   98095.74   93276.46      1.00  
2016-07-07  13.162  12.999  12.830  106638.49  104023.52   95418.86      1.84  
2016-07-06  13.126  12.962  12.837  100826.48  100982.73   97353.66      1.59  
2016-07-05  13.050  12.917  12.818  101320.46   99491.71   98596.67      2.32  
2016-07-04  12.994  12.860  12.811   99993.72   96384.70  102957.39      2.05  
2016-07-01  12.926  12.812  12.795   97032.44   91610.55  103238.06      1.67  
2016-06-30  12.836  12.790  12.780  101408.54   90454.30  105000.51      1.32  
2016-06-29  12.798  12.756  12.759  101138.98   92224.35  108312.07      1.64  
2016-06-28  12.784  12.729  12.708   97662.96   92528.31  106447.36      2.20  
2016-06-27  12.726  12.660  12.663   92775.68   86136.89  105084.78      1.79  
2016-06-24  12.698  12.603  12.627   86188.66   88457.19  104744.68      2.06  
2016-06-23  12.744  12.661  12.601   79500.07   86814.21  104404.22      1.30  
2016-06-22  12.714  12.711  12.558   83309.73   93724.60  104893.98      1.33  
2016-06-21  12.674  12.719  12.522   87393.67   97701.63  106322.00      1.76  
2016-06-20  12.594  12.762  12.488   79498.11  109530.08  107331.79      1.20  
2016-06-17  12.508  12.778  12.438   90725.72  114865.57  109868.35      1.46  
2016-06-16  12.578  12.770  12.383   94128.36  119546.72  113797.66      1.64  
2016-06-15  12.708  12.762  12.371  104139.47  124399.79  115237.72      1.69  
2016-06-14  12.764  12.687  12.365  108009.60  120366.41  116711.02      1.06  
2016-06-13  12.930  12.666  12.359  139562.04  124032.66  119519.07      2.20  
...            ...     ...     ...        ...        ...        ...       ...  
2013-09-03   7.946   8.148   8.021  147420.15  190191.85  175991.61      1.55  
2013-09-02   8.036   8.166   8.029  166606.81  199031.10  178980.16      1.27  
2013-08-30   8.158   8.185   8.032  199149.08  209349.78  180321.45      3.83  
2013-08-29   8.300   8.181   8.032  218474.92  204803.69  175285.51      2.06  
2013-08-28   8.322   8.169   8.019  227102.69  217577.87  175284.48      4.37  
2013-08-27   8.350   8.148   7.987  232963.54  214599.38  167621.93      3.26  
2013-08-26   8.296   8.093   7.944  231455.40  208278.73  163626.48      4.15  
2013-08-23   8.212   8.032   7.907  219550.48  200536.32  158890.18      5.55  
2013-08-22   8.062   7.970   7.887  191132.45  180070.16  153915.69      2.83  
2013-08-21   8.016   7.945   7.867  208053.05  177385.25  156769.75      4.89  
2013-08-20   7.946   7.894   7.867  196235.22  161791.37  156892.42      3.12  
2013-08-19   7.890   7.891   7.855  185102.06  158929.22  155887.69      3.10  
2013-08-16   7.852   7.879   7.844  181522.16  151293.12  154853.57      3.02  
2013-08-15   7.878   7.883   7.854  169007.86  145767.33  153941.57      4.33  
2013-08-14   7.874   7.869   7.847  146717.45  132991.09  148312.98      3.84  
2013-08-13   7.842   7.826   7.840  127347.51  120644.48  143778.15      2.14  
2013-08-12   7.892   7.795   7.843  132756.38  118974.23  145453.99      2.78  
2013-08-09   7.906   7.782   7.842  121064.07  117244.04  144596.42      1.91  
2013-08-08   7.888   7.803   7.843  122526.81  127761.23  147663.95      2.35  
2013-08-07   7.864   7.789   7.835  119264.72  136154.26  149038.22      2.12  
2013-08-06   7.810   7.839   7.839  113941.44  151993.46  151993.46      2.62  
2013-08-05   7.698   7.816   7.816  105192.08  152508.21  152508.21      1.74  
2013-08-02   7.658   7.801   7.801  113424.00  159304.14  159304.14      2.04  
2013-08-01   7.718   7.811   7.811  132995.65  165619.05  165619.05      2.06  
2013-07-31   7.714   7.810   7.810  153043.80  173849.47  173849.47      1.65  
2013-07-30   7.868   7.868   7.868  190045.49  190045.49  190045.49      1.84  
2013-07-29   7.963   7.963   7.963  211653.38  211653.38  211653.38      2.47  
2013-07-26   8.040   8.040   8.040  235771.04  235771.04  235771.04      3.78  
2013-07-25   8.045   8.045   8.045  247177.56  247177.56  247177.56      3.84  
2013-07-24   8.290   8.290   8.290  277877.84  277877.84  277877.84      4.93  

[720 rows x 14 columns]