             open   high  close    low      volume  price_change  p_change  \
date                                                                         
2016-07-22  17.28  17.29  17.12  17.08   250880.56         -0.17     -0.98   
2016-07-21  17.21  17.54  17.31  17.20   287813.44          0.10      0.58   
2016-07-20  17.36  17.38  17.20  17.18   176344.48         -0.12     -0.69   
2016-07-19  17.17  17.34  17.31  17.10   266693.62          0.15      0.87   
2016-07-18  17.30  17.30  17.16  17.04   259814.56         -0.21     -1.21   
2016-07-15  17.65  17.68  17.37  17.30   257094.80         -0.15     -0.86   
2016-07-14  17.55  17.60  17.54  17.40   283560.97         -0.09     -0.51   
2016-07-13  17.70  18.08  17.63  17.51   584011.94          0.01      0.06   
2016-07-12  17.32  17.71  17.63  17.12   552804.75          0.35      2.02   
2016-07-11  17.36  17.67  17.29  17.25   466125.69         -0.20     -1.14   
2016-07-08  17.57  17.73  17.50  17.36   499212.59         -0.24     -1.35   
2016-07-07  17.15  18.20  17.74  17.07   822304.69          0.63      3.68   
2016-07-06  17.07  17.17  17.11  16.92   289631.88          0.06      0.35   
2016-07-05  17.02  17.17  17.06  16.96   372731.53          0.02      0.12   
2016-07-04  16.58  17.26  17.04  16.55   594407.06          0.33      1.98   
2016-07-01  16.88  16.95  16.71  16.68   224950.73         -0.10     -0.59   
2016-06-30  16.83  17.00  16.80  16.69   310730.75          0.05      0.30   
2016-06-29  16.88  17.08  16.77  16.72   345774.00         -0.06     -0.36   
2016-06-28  16.67  17.14  16.83  16.53   343591.62          0.13      0.78   
2016-06-27  16.25  16.72  16.72  16.25   204611.89          0.27      1.64   
2016-06-24  16.72  16.95  16.44  16.08   324941.94         -0.27     -1.62   
2016-06-23  16.87  16.88  16.73  16.60   164811.14         -0.17     -1.01   
2016-06-22  16.60  16.96  16.90  16.51   205241.73          0.16      0.96   
2016-06-21  16.80  17.50  16.74  16.62   368844.31          0.07      0.42   
2016-06-20  16.86  16.96  16.67  16.53   212294.53         -0.22     -1.30   
2016-06-17  16.95  17.26  16.90  16.80   216285.05          0.01      0.06   
2016-06-16  17.28  17.45  17.25  17.17   224220.20         -0.05     -0.29   
2016-06-15  16.62  17.54  17.31  16.54   306759.81          0.40      2.37   
2016-06-14  16.60  16.95  16.89  16.52   285644.75          0.25      1.50   
2016-06-13  17.30  17.57  16.63  16.57   431262.31         -0.99     -5.62   
...           ...    ...    ...    ...         ...           ...       ...   
2015-05-05  32.00  32.90  30.72  30.44   943516.88         -1.30     -4.06   
2015-05-04  32.30  32.31  32.02  31.50   716483.00         -0.45     -1.39   
2015-04-30  32.62  33.80  32.47  32.35  1043075.50         -0.11     -0.34   
2015-04-29  32.45  32.96  32.58  31.73   986773.38         -0.38     -1.15   
2015-04-28  32.54  33.47  32.96  32.14  1591687.12          0.72      2.23   
2015-04-27  32.52  33.33  32.24  31.85  1140784.12          0.72      2.28   
2015-04-24  31.80  32.48  31.52  31.00  1023682.12         -1.32     -4.02   
2015-04-23  33.47  34.38  32.84  32.55  1626903.62         -1.02     -3.01   
2015-04-22  32.60  34.56  33.86  31.80  2144572.50          1.15      3.52   
2015-04-21  29.76  32.81  32.71  29.40  2252391.75          2.88      9.65   
2015-04-20  31.60  31.60  29.83  29.68  1338842.00         -1.72     -5.45   
2015-04-17  30.98  33.15  31.55  30.97  1887485.88          1.29      4.26   
2015-04-16  29.35  30.60  30.26  28.95  1079089.62          0.25      0.83   
2015-04-15  30.97  31.70  30.01  29.97  1267476.00         -1.31     -4.18   
2015-04-14  31.21  31.63  31.32  30.31  1644966.25         -0.45     -1.42   
2015-04-13  32.30  32.45  31.77  30.88  1646249.12         -0.78     -2.40   
2015-04-10  32.70  32.86  32.55  31.11  2418316.75         -0.29     -0.88   
2015-04-09  34.50  36.55  32.84  31.90  2824348.25         -0.39     -1.17   
2015-04-08  30.30  33.23  33.23  30.21  2204803.75          3.02     10.00   
2015-04-07  28.79  30.21  30.21  27.60  2176065.25          2.75     10.02   
2015-04-03  25.03  27.46  27.46  24.53  2365210.50          2.50     10.02   
2015-04-02  23.45  25.01  24.96  23.01  2170073.50          1.61      6.89   
2015-04-01  22.70  23.47  23.35  22.40  1982199.50          0.70      3.09   
2015-03-31  22.17  23.63  22.65  22.17  3369782.75          0.48      2.17   
2015-03-30  21.09  22.98  22.17  20.33  4613671.00          1.03      4.87   
2015-03-27  21.14  21.14  21.14  21.14   336325.88          1.92      9.99   
2015-03-26  19.22  19.22  19.22  19.22     5858.00          1.75     10.02   
2015-03-25  17.47  17.47  17.47  17.47     1171.67          1.59     10.01   
2015-03-24  15.88  15.88  15.88  15.88     1589.06          1.44      9.97   
2015-03-23  12.04  14.44  14.44  12.04     2396.05          4.41     43.97   

               ma5    ma10    ma20       v_ma5      v_ma10      v_ma20  \
date                                                                     
2016-07-22  17.220  17.356  17.192   248309.33   338514.48   369654.58   
2016-07-21  17.270  17.394  17.158   249552.18   363347.68   373357.65   
2016-07-20  17.316  17.437  17.129   248701.69   416796.81   367207.53   
2016-07-19  17.402  17.428  17.114   330235.18   428125.55   368652.39   
2016-07-18  17.466  17.403  17.086   387457.40   438729.34   373759.93   
2016-07-15  17.492  17.391  17.061   428719.63   472188.59   371383.93   
2016-07-14  17.518  17.325  17.038   477143.19   468974.18   369343.44   
2016-07-13  17.558  17.251  17.023   584891.93   471691.16   366376.40   
2016-07-12  17.454  17.165  17.007   526015.92   447867.37   352513.79   
2016-07-11  17.340  17.085  16.970   490001.28   426946.05   339155.79   
2016-07-08  17.290  17.028  16.937   515657.55   400794.67   337412.63   
2016-07-07  17.132  16.922  16.943   460805.18   383367.61   340130.83   
2016-07-06  16.944  16.821  16.922   358490.39   317618.25   311536.04   
2016-07-05  16.876  16.800  16.925   369718.81   309179.24   306440.98   
2016-07-04  16.830  16.768  16.936   363890.83   308790.52   306233.28   
2016-07-01  16.766  16.731  16.951   285931.80   270579.26   291939.04   
2016-06-30  16.712  16.750  16.984   305930.04   269712.70   305698.60   
2016-06-29  16.698  16.795  17.029   276746.12   261061.64   330526.56   
2016-06-28  16.724  16.849  17.020   248639.66   257160.22   319416.37   
2016-06-27  16.706  16.855  17.007   253690.20   251365.54   309551.44   
2016-06-24  16.696  16.846  17.006   255226.73   274030.58   309341.28   
2016-06-23  16.788  16.964  17.017   233495.35   296894.05   302601.41   
2016-06-22  16.892  17.023  17.011   245377.16   305453.83   305406.45   
2016-06-21  16.974  17.049  17.020   265680.78   303702.73   310208.66   
2016-06-20  17.004  17.103  17.032   249040.87   303676.04   302921.22   
2016-06-17  16.996  17.171  17.033   292834.42   313298.82   300357.81   
2016-06-16  17.140  17.217  17.024   360292.75   341684.51   302393.96   
2016-06-15  17.154  17.263  17.007   365530.50   399991.48   303161.23   
2016-06-14  17.124  17.190  16.985   341724.67   381672.52   295343.93   
2016-06-13  17.202  17.158  16.979   358311.22   367737.35   288381.88   
...            ...     ...     ...         ...         ...         ...   
2015-05-05  32.150  32.392  31.875  1056307.18  1346987.00  1597875.64   
2015-05-04  32.454  32.303  31.712  1095760.62  1386519.51  1668960.32   
2015-04-30  32.354  32.256  31.359  1157200.45  1503619.80  1741639.85   
2015-04-29  32.428  32.035  30.903  1273966.07  1507221.21  1788596.05   
2015-04-28  32.684  31.778  30.406  1505525.90  1535291.47  1907746.52   
2015-04-27  32.634  31.614  29.867  1637666.82  1540619.39  2058845.71   
2015-04-24  32.152  31.567  29.311  1677278.40  1591165.89  2018622.80   
2015-04-23  32.158  31.670  28.697  1850039.15  1730629.35  1967731.59   
2015-04-22  31.642  31.670  27.928  1740476.35  1850373.81  1886445.00   
2015-04-21  30.872  31.607  27.029  1565057.05  1856396.94  1779295.82   
2015-04-20  30.594  31.357  26.116  1443571.95  1848764.29  1666796.04   
2015-04-17  30.982  31.120  25.920  1505053.37  1951401.14  1684056.78   
2015-04-16  31.182  30.461  25.607  1611219.55  1979659.90  1672755.16   
2015-04-15  31.698  29.770  25.334  1960271.27  2069970.89  1707676.66   
2015-04-14  32.342  29.034  25.041  2147736.82  2280201.56  1735189.21   
2015-04-13  32.120  28.119  24.623  2253956.62  2577072.04  1741204.07   
2015-04-10  31.258  27.056  24.112  2397748.90  2446079.71  1747986.57   
2015-04-09  29.740  25.723  23.463  2348100.25  2204833.84  1696422.70   
2015-04-08  27.842  24.186  22.682  2179670.50  1922516.18  1602428.91   
2015-04-07  25.726  22.451  21.723  2412666.30  1702194.71  1547667.56   
2015-04-03  24.118  20.874  20.874  2900187.45  1484827.79  1484827.79   
2015-04-02  22.854  20.142  20.142  2494410.53  1387007.49  1387007.49   
2015-04-01  21.706  19.540  19.540  2061567.43  1289124.24  1289124.24   
2015-03-31  20.530  18.996  18.996  1665361.86  1190113.49  1190113.49   
2015-03-30  19.176  18.387  18.387   991723.12   826835.28   826835.28   
2015-03-27  17.630  17.630  17.630    69468.13    69468.13    69468.13   
2015-03-26  16.753  16.753  16.753     2753.70     2753.70     2753.70   
2015-03-25  15.930  15.930  15.930     1718.93     1718.93     1718.93   
2015-03-24  15.160  15.160  15.160     1992.56     1992.56     1992.56   
2015-03-23  14.440  14.440  14.440     2396.05     2396.05     2396.05   

            turnover  
date                  
2016-07-22      0.79  
2016-07-21      0.91  
2016-07-20      0.56  
2016-07-19      0.84  
2016-07-18      0.82  
2016-07-15      0.81  
2016-07-14      0.90  
2016-07-13      1.85  
2016-07-12      1.75  
2016-07-11      1.48  
2016-07-08      1.58  
2016-07-07      2.60  
2016-07-06      0.92  
2016-07-05      1.18  
2016-07-04      1.88  
2016-07-01      0.71  
2016-06-30      0.98  
2016-06-29      1.09  
2016-06-28      1.09  
2016-06-27      0.65  
2016-06-24      1.03  
2016-06-23      0.52  
2016-06-22      0.65  
2016-06-21      1.17  
2016-06-20      0.67  
2016-06-17      0.68  
2016-06-16      0.71  
2016-06-15      0.97  
2016-06-14      0.90  
2016-06-13      1.37  
...              ...  
2015-05-05      9.44  
2015-05-04      7.16  
2015-04-30     10.43  
2015-04-29      9.87  
2015-04-28     15.92  
2015-04-27     11.41  
2015-04-24     10.24  
2015-04-23     16.27  
2015-04-22     21.45  
2015-04-21     22.52  
2015-04-20     13.39  
2015-04-17     18.87  
2015-04-16     10.79  
2015-04-15     12.67  
2015-04-14     16.45  
2015-04-13     16.46  
2015-04-10     24.18  
2015-04-09     28.24  
2015-04-08     22.05  
2015-04-07     21.76  
2015-04-03     23.65  
2015-04-02     21.70  
2015-04-01     19.82  
2015-03-31     33.70  
2015-03-30     46.14  
2015-03-27      3.36  
2015-03-26      0.06  
2015-03-25      0.01  
2015-03-24      0.02  
2015-03-23      0.02  

[330 rows x 14 columns]