date	open	high	close	low	volume	price_change	p_change	ma5	ma10	ma20	v_ma5	v_ma10	v_ma20	turnover
2016-07-22	9.2	9.23	9.1	9.08	125755.19	-0.12	-1.3	9.196	9.265	9.245	117380.78	158090.95	197838.55	0.63
2016-07-21	9.19	9.32	9.23	9.17	132977.28	0.02	0.22	9.232	9.283	9.229	127268.61	161532.02	201743.07	0.67
2016-07-20	9.24	9.3	9.21	9.2	100528.0	-0.04	-0.43	9.264	9.291	9.215	131044.39	168174.28	201530.27	0.51
2016-07-19	9.2	9.26	9.25	9.15	104098.06	0.06	0.65	9.302	9.304	9.207	160105.78	177586.33	203996.06	0.52
2016-07-18	9.21	9.25	9.19	9.13	123545.37	-0.08	-0.86	9.328	9.313	9.189	187112.69	188701.47	208581.27	0.62
2016-07-15	9.39	9.4	9.28	9.21	175194.34	-0.12	-1.28	9.334	9.33	9.175	198801.12	211562.21	207947.68	0.88
2016-07-14	9.43	9.43	9.39	9.31	151856.19	-0.01	-0.11	9.334	9.311	9.159	195795.42	211502.16	206711.36	0.76
2016-07-13	9.39	9.47	9.4	9.35	245834.95	0.03	0.32	9.318	9.291	9.135	205304.17	218245.43	206353.74	1.24
2016-07-12	9.23	9.4	9.38	9.12	239132.59	0.16	1.74	9.306	9.265	9.116	195066.89	218178.17	204885.7	1.2
2016-07-11	9.28	9.36	9.22	9.2	181987.52	-0.07	-0.75	9.298	9.25	9.085	190290.26	235814.06	199546.93	0.92
2016-07-08	9.3	9.37	9.28	9.21	160165.86	-0.03	-0.32	9.326	9.225	9.058	224323.3	237586.16	202728.92	0.81
2016-07-07	9.3	9.41	9.31	9.19	199399.91	-0.03	-0.32	9.288	9.174	9.058	227208.91	241954.13	203561.19	1.0
2016-07-06	9.35	9.4	9.34	9.21	194648.55	0.0	0.0	9.264	9.139	9.058	231186.68	234886.26	202612.53	0.98
2016-07-05	9.3	9.38	9.34	9.26	215249.44	-0.01	-0.11	9.224	9.11	9.06	241289.46	230405.78	206479.12	1.08
2016-07-04	9.06	9.58	9.36	9.01	352152.72	0.28	3.08	9.202	9.064	9.069	281337.87	228461.07	224231.02	1.77
2016-07-01	9.22	9.24	9.09	9.0	174593.91	-0.1	-1.09	9.124	9.02	9.064	250849.02	204333.16	226969.85	0.88
2016-06-30	9.15	9.26	9.19	9.1	219288.8	0.05	0.55	9.06	9.007	9.063	256699.35	201920.55	235206.08	1.1
2016-06-29	9.25	9.27	9.14	9.08	245162.41	-0.1	-1.08	9.014	8.979	9.062	238585.84	194462.05	248798.98	1.23
2016-06-28	8.92	9.38	9.23	8.88	415491.5	0.25	2.78	8.996	8.967	9.029	219522.1	191593.23	240591.9	2.09
2016-06-27	8.7	9.0	8.97	8.65	199708.5	0.2	2.28	8.926	8.919	8.996	175584.28	163279.81	224722.93	1.0
2016-06-24	8.93	8.99	8.77	8.55	203845.53	-0.17	-1.9	8.916	8.891	8.98	157817.3	167871.68	220987.53	1.03
2016-06-23	8.98	9.02	8.96	8.86	128721.28	-0.09	-0.99	8.954	8.942	8.972	147141.74	165168.25	217783.71	0.65
2016-06-22	8.81	9.06	9.05	8.73	149843.69	0.17	1.91	8.944	8.976	8.954	150338.26	170338.8	217006.33	0.75
2016-06-21	8.98	9.23	8.88	8.83	195802.38	-0.03	-0.34	8.938	9.01	8.94	163664.36	182552.47	216812.03	0.99
2016-06-20	8.98	8.98	8.92	8.72	110873.62	-0.05	-0.56	8.912	9.074	8.933	150975.34	220000.97	213870.59	0.56
2016-06-17	8.95	9.1	8.96	8.89	150467.75	0.06	0.67	8.866	9.107	8.918	177926.05	249606.53	216649.29	0.76
2016-06-16	8.99	9.05	8.91	8.86	144703.88	-0.12	-1.33	8.93	9.118	8.896	183194.76	268491.62	215532.18	0.73
2016-06-15	8.6	9.15	9.02	8.56	216474.19	0.27	3.09	9.008	9.144	8.891	190339.34	303135.9	217724.1	1.09
2016-06-14	8.68	8.79	8.75	8.65	132357.25	0.08	0.92	9.082	9.091	8.872	201440.57	289590.57	211645.27	0.67
2016-06-13	9.1	9.15	8.69	8.65	245627.19	-0.59	-6.36	9.236	9.073	8.861	289026.6	286166.05	208616.76	1.24
2016-06-08	9.32	9.4	9.28	9.22	176811.28	-0.02	-0.21	9.348	9.069	8.857	321287.02	274103.38	201644.61	0.89
2016-06-07	9.36	9.45	9.3	9.22	180426.8	-0.09	-0.96	9.306	9.001	8.826	353788.48	270399.17	197192.49	0.91
2016-06-06	9.45	9.54	9.39	9.3	271980.31	-0.13	-1.37	9.28	8.931	8.797	415932.46	263673.86	192654.86	1.37
2016-06-03	9.22	9.8	9.52	9.12	570287.44	0.27	2.92	9.1	8.869	8.762	377740.57	251071.6	187959.08	2.87
2016-06-02	9.06	9.6	9.25	9.0	406929.25	0.19	2.1	8.91	8.792	8.74	283305.5	207740.21	170631.8	2.05
2016-06-01	9.08	9.2	9.07	9.03	339318.59	-0.11	-1.2	8.79	8.728	8.751	226919.74	183692.04	155785.63	1.71
2016-05-31	8.52	9.23	9.17	8.52	491146.69	0.67	7.88	8.696	8.674	8.77	187009.87	162572.75	146407.43	2.47
2016-05-30	8.5	8.57	8.49	8.42	81020.9	-0.07	-0.82	8.582	8.637	8.788	111415.27	132312.3	134434.75	0.41
2016-05-27	8.6	8.65	8.57	8.53	98112.05	-0.09	-1.04	8.638	8.653	8.825	124402.62	133699.96	136785.69	0.49
2016-05-26	8.57	8.7	8.65	8.38	125000.47	0.06	0.7	8.674	8.649	8.864	132174.92	131067.47	140634.0	0.63
2016-05-25	8.67	8.79	8.6	8.58	139769.22	0.0	0.0	8.666	8.644	8.895	140464.35	129185.84	140278.3	0.7
2016-05-24	8.77	8.77	8.6	8.52	113173.69	-0.18	-2.05	8.652	8.65	8.934	138135.64	123985.82	139538.8	0.57
2016-05-23	8.72	8.83	8.77	8.69	145957.66	0.03	0.34	8.692	8.662	8.968	153209.34	121635.86	141116.57	0.73
2016-05-20	8.5	8.77	8.75	8.44	136973.56	0.16	1.86	8.668	8.654	9.002	142997.3	124846.57	142479.8	0.69
2016-05-19	8.54	8.86	8.61	8.52	166447.61	0.08	0.94	8.624	8.687	9.034	129960.02	133523.38	145522.47	0.84
2016-05-18	8.66	8.7	8.53	8.42	128125.66	-0.28	-3.18	8.622	8.774	9.081	117907.33	127879.22	155601.26	0.64
2016-05-17	8.66	9.05	8.8	8.53	188542.2	0.16	1.85	8.648	8.865	9.162	109836.0	130242.1	157329.41	0.95
2016-05-16	8.47	8.65	8.65	8.38	94897.49	0.13	1.53	8.632	8.938	9.227	90062.38	136557.19	159701.84	0.48
2016-05-13	8.55	8.68	8.53	8.48	71787.15	-0.06	-0.7	8.64	8.997	9.315	106695.84	139871.41	168336.61	0.36
2016-05-12	8.45	8.61	8.6	8.29	106184.15	-0.05	-0.58	8.75	9.079	9.407	137086.75	150200.53	179205.77	0.53
2016-05-11	8.81	8.85	8.66	8.61	87769.0	-0.05	-0.57	8.926	9.146	9.493	137851.11	151370.76	200386.65	0.44
2016-05-10	8.65	8.77	8.72	8.65	89674.09	0.03	0.34	9.082	9.218	9.566	150648.21	155091.79	207628.44	0.45
2016-05-09	9.01	9.03	8.69	8.58	178064.8	-0.38	-4.19	9.244	9.273	9.641	183052.01	160597.28	218244.24	0.9
2016-05-06	9.48	9.57	9.08	9.01	223741.69	-0.4	-4.22	9.354	9.349	9.707	173046.98	160113.03	222251.49	1.13
2016-05-05	9.41	9.5	9.48	9.4	110005.95	0.04	0.42	9.408	9.38	9.759	163314.32	157521.56	225003.24	0.55
2016-05-04	9.46	9.54	9.44	9.4	151754.53	-0.09	-0.94	9.366	9.388	9.805	164890.42	183323.31	235110.71	0.76
2016-05-03	9.24	9.62	9.53	9.15	251693.09	0.29	3.14	9.354	9.459	9.856	159535.37	184416.72	248405.85	1.27
2016-04-29	9.2	9.29	9.24	9.17	128039.64	-0.11	-1.18	9.302	9.516	9.886	138142.55	182846.48	252566.66	0.64
2016-04-28	9.29	9.43	9.35	9.22	175078.38	0.08	0.86	9.344	9.632	9.939	147179.08	196801.81	265228.56	0.88
2016-04-27	9.38	9.42	9.27	9.23	117886.47	-0.11	-1.17	9.352	9.735	9.991	151728.81	208211.01	276127.87	0.59
2016-04-26	9.27	9.39	9.38	9.19	124979.26	0.11	1.19	9.41	9.839	10.026	201756.2	249402.54	286675.72	0.63
2016-04-25	9.43	9.43	9.27	9.16	144729.0	-0.17	-1.8	9.564	9.913	10.069	209298.06	260165.08	297722.2	0.73
2016-04-22	9.3	9.54	9.45	9.25	173222.3	0.07	0.75	9.73	10.009	10.127	227550.41	275891.21	308815.4	0.87
2016-04-21	9.49	9.64	9.39	9.35	197827.02	-0.17	-1.78	9.92	10.064	10.172	246424.54	284389.94	329378.33	1.0
2016-04-20	10.16	10.2	9.56	9.26	368023.41	-0.59	-5.81	10.118	10.138	10.24	264693.21	292484.91	351919.28	1.85
2016-04-19	10.16	10.21	10.15	10.05	162688.58	0.05	0.49	10.268	10.221	10.281	297048.88	286898.12	365751.65	0.82
2016-04-18	10.31	10.31	10.1	10.03	235990.73	-0.29	-2.79	10.262	10.253	10.313	311032.11	312394.99	408569.04	1.19
2016-04-15	10.4	10.5	10.4	10.3	267592.94	0.03	0.29	10.288	10.255	10.31	324232.0	322286.84	449934.87	1.35
2016-04-14	10.33	10.44	10.38	10.27	289170.38	0.07	0.68	10.208	10.245	10.267	322355.35	333655.32	479465.06	1.45
2016-04-13	10.24	10.57	10.31	10.17	529801.75	0.19	1.88	10.158	10.246	10.187	320276.62	344044.73	473400.85	2.67
2016-04-12	10.19	10.22	10.12	9.94	232604.73	-0.11	-1.07	10.174	10.212	10.115	276747.36	323948.9	459384.76	1.17
2016-04-11	10.19	10.39	10.23	10.12	301990.22	0.24	2.4	10.244	10.225	10.063	313757.88	335279.32	466797.53	1.52
2016-04-08	10.0	10.06	10.0	9.82	258209.67	-0.14	-1.38	10.222	10.245	9.987	320341.68	341739.6	459048.58	1.3
2016-04-07	10.45	10.48	10.13	10.11	278776.72	-0.26	-2.5	10.282	10.28	9.92	344955.29	374366.72	458206.65	1.4
2016-04-06	10.35	10.6	10.39	10.21	312155.44	-0.08	-0.76	10.334	10.341	9.859	367812.83	411353.65	460054.29	1.57
2016-04-05	10.08	10.63	10.47	10.01	417657.34	0.36	3.56	10.25	10.34	9.811	371150.44	444605.19	463042.89	2.1
2016-04-01	10.28	10.28	10.12	9.87	334909.22	-0.18	-1.75	10.206	10.373	9.766	356800.75	504743.09	466843.18	1.68
2016-03-31	10.35	10.53	10.3	10.26	381277.72	-0.09	-0.87	10.268	10.364	9.729	363137.51	577582.9	475559.29	1.92
2016-03-30	10.06	10.46	10.39	10.06	393064.44	0.42	4.21	10.278	10.288	9.703	403778.16	625274.8	476017.78	1.98
2016-03-29	10.2	10.28	9.97	9.81	328843.5	-0.27	-2.64	10.348	10.127	9.628	454894.47	602756.97	471398.74	1.65
2016-03-28	10.53	10.79	10.25	10.17	345908.88	-0.15	-1.44	10.43	10.018	9.557	518059.93	594820.62	464884.92	1.74
2016-03-25	10.26	10.45	10.43	10.16	366593.03	0.08	0.77	10.54	9.901	9.456	652685.43	598315.74	459488.22	1.84
2016-03-24	10.45	10.84	10.35	10.3	584480.94	-0.4	-3.72	10.46	9.728	9.381	792028.28	576357.57	450943.83	2.94
2016-03-23	10.3	10.98	10.74	10.23	648646.0	0.36	3.47	10.298	9.559	9.306	846771.45	542046.58	440657.59	3.26
2016-03-22	10.4	10.7	10.38	10.33	644670.81	-0.41	-3.8	9.906	9.377	9.258	750619.47	508754.93	421875.09	3.24
2016-03-21	10.22	11.0	10.8	10.17	1019036.38	0.77	7.68	9.606	9.281	9.222	671581.3	481480.6	404539.58	5.13
2016-03-18	9.47	10.38	10.03	9.35	1063307.25	0.5	5.25	9.262	9.159	9.176	543946.04	428943.26	374506.62	5.35
2016-03-17	8.8	9.65	9.54	8.79	858196.81	0.77	8.78	8.996	9.094	9.15	360686.87	373535.68	336388.65	4.32
2016-03-16	8.92	9.03	8.78	8.7	167886.08	-0.09	-1.01	8.82	9.117	9.149	237321.71	326760.76	310405.72	0.84
2016-03-15	9.04	9.09	8.88	8.8	249480.0	-0.21	-2.31	8.848	9.128	9.195	266890.4	340040.51	319462.56	1.26
2016-03-14	8.78	9.36	9.08	8.78	380860.06	0.39	4.49	8.956	9.095	9.238	291379.9	334949.23	326923.27	1.92
2016-03-11	8.6	8.76	8.7	8.44	147011.39	0.04	0.46	9.056	9.011	9.242	313940.48	320660.71	317113.4	0.74
2016-03-10	8.9	8.98	8.66	8.6	241371.02	-0.25	-2.81	9.192	9.034	9.268	386384.49	325530.09	328838.61	1.21
2016-03-09	9.0	9.16	8.92	8.8	315729.53	-0.49	-5.21	9.414	9.053	9.308	416199.81	339268.6	330204.42	1.59
2016-03-08	9.41	9.5	9.42	8.8	371927.5	-0.17	-1.77	9.408	9.138	9.291	413190.62	334995.24	323190.02	1.87
2016-03-07	9.33	9.87	9.58	9.33	493662.97	0.19	2.02	9.234	9.163	9.252	378518.56	327598.56	315498.21	2.48
2016-03-04	9.8	9.8	9.38	9.1	509231.44	-0.39	-3.99	8.966	9.193	9.191	327380.93	320069.97	300113.38	2.56
2016-03-03	8.85	9.77	9.77	8.81	390447.59	0.89	10.02	8.876	9.205	9.15	264675.7	299241.61	283873.18	1.96
2016-03-02	8.51	8.97	8.89	8.43	300683.59	0.33	3.85	8.692	9.181	9.071	262337.39	294050.69	272396.55	1.51
2016-03-01	8.3	8.68	8.55	8.15	198567.2	0.3	3.64	8.868	9.261	9.067	256799.87	298884.62	268019.18	1.0
2016-02-29	8.91	8.91	8.24	8.03	237974.84	-0.68	-7.62	9.092	9.38	9.084	276678.56	318897.31	270673.77	1.2
2016-02-26	8.93	9.1	8.93	8.6	195705.27	0.07	0.79	9.42	9.472	9.165	312759.02	313566.08	264382.8	0.98
2016-02-25	9.7	9.72	8.85	8.79	378756.06	-0.92	-9.42	9.534	9.502	9.209	333807.52	332147.13	262267.2	1.91
2016-02-24	9.6	9.78	9.77	9.45	272995.97	0.09	0.93	9.67	9.562	9.247	325763.99	321140.24	254608.76	1.37
2016-02-23	9.87	9.87	9.67	9.47	297960.66	-0.17	-1.73	9.654	9.443	9.265	340969.36	311384.79	252417.98	1.5
2016-02-22	9.64	9.89	9.88	9.43	418377.12	0.37	3.89	9.668	9.341	9.299	361116.05	303397.86	252702.67	2.1
2016-02-19	9.44	9.77	9.5	9.41	300947.81	-0.01	-0.1	9.524	9.189	9.304	314373.15	280156.78	242439.0	1.51
2016-02-18	9.73	9.99	9.53	9.45	338538.38	-0.17	-1.75	9.47	9.094	9.318	330486.74	268504.74	239246.73	1.7
2016-02-17	9.58	9.77	9.69	9.42	349022.84	-0.04	-0.41	9.454	8.96	9.357	316516.49	250742.42	238219.69	1.76
2016-02-16	9.26	9.85	9.74	9.16	398694.12	0.58	6.33	9.232	8.872	9.361	281800.22	237153.75	231074.15	2.01
2016-02-15	8.81	9.2	9.16	8.8	184662.61	-0.06	-0.65	9.014	8.787	9.389	245679.67	222450.23	224004.8	0.93
2016-02-05	9.68	9.8	9.23	9.18	381515.75	-0.22	-2.33	8.854	8.858	9.432	245940.41	215199.51	230386.97	1.92
2016-02-04	8.58	9.45	9.45	8.57	268687.12	0.86	10.01	8.718	8.915	9.492	206522.74	192387.27	225076.54	1.35
2016-02-03	8.5	8.65	8.58	8.31	175441.48	-0.06	-0.69	8.466	8.932	9.531	184968.35	188077.29	215259.08	0.88
2016-02-02	8.36	8.85	8.65	8.3	218091.41	0.3	3.59	8.512	9.087	9.67	192507.29	193451.17	218804.47	1.1
2016-02-01	8.42	8.46	8.36	8.11	185966.31	-0.19	-2.22	8.56	9.257	9.788	199220.78	202007.47	224424.89	0.94
2016-01-29	8.19	8.72	8.55	8.19	184427.38	0.35	4.27	8.862	9.418	9.947	184458.61	204721.22	227789.56	0.93
2016-01-28	8.62	8.8	8.19	8.18	160915.17	-0.6	-6.83	9.112	9.542	10.161	178251.8	209988.73	231461.3	0.81
2016-01-27	8.89	8.97	8.81	8.2	213136.16	-0.07	-0.79	9.398	9.754	10.414	191186.23	225696.96	234127.73	1.07
2016-01-26	9.73	9.79	8.89	8.88	251658.89	-0.98	-9.93	9.662	9.85	10.634	194395.06	224994.54	234745.8	1.27
2016-01-25	9.94	9.98	9.87	9.75	112155.45	0.08	0.82	9.954	9.99	10.852	204794.17	225559.36	243485.83	0.56
2016-01-22	9.79	9.9	9.8	9.48	153393.34	0.18	1.87	9.974	10.006	11.025	224983.84	245574.42	247660.41	0.77
2016-01-21	9.82	10.27	9.62	9.5	225587.3	-0.5	-4.94	9.972	10.069	11.199	241725.65	257765.8	253915.36	1.13
2016-01-20	10.2	10.31	10.13	10.0	229180.33	-0.21	-2.03	10.11	10.13	11.39	260207.69	242440.87	262498.05	1.15
2016-01-19	9.99	10.44	10.35	9.84	303654.41	0.37	3.71	10.038	10.253	11.576	255594.02	244157.77	277069.52	1.53
2016-01-18	9.59	10.19	9.97	9.38	213103.81	0.17	1.74	10.026	10.318	11.733	246324.56	246842.3	277675.97	1.07
2016-01-15	10.16	10.2	9.79	9.7	237102.42	-0.52	-5.04	10.038	10.475	11.903	266165.01	250857.89	284416.74	1.19
2016-01-14	9.39	10.48	10.31	9.3	317997.5	0.54	5.53	10.166	10.779	12.098	273805.95	252933.87	295147.96	1.6
2016-01-13	10.3	10.36	9.77	9.7	206111.97	-0.51	-4.96	10.15	11.074	12.25	224674.05	242558.5	295503.9	1.04
2016-01-12	10.1	10.48	10.29	9.92	257307.11	0.27	2.69	10.468	11.417	12.431	232721.52	244497.05	302900.9	1.29
2016-01-11	10.0	10.94	10.03	9.8	312306.03	-0.4	-3.83	10.61	11.714	12.582	247360.04	261412.3	307507.96	1.57
2016-01-08	10.5	10.75	10.43	9.57	275307.16	0.2	1.96	10.912	12.044	12.72	235550.78	249746.4	303907.62	1.39
2016-01-07	11.09	11.09	10.23	10.23	72338.0	-1.14	-10.03	11.392	12.328	12.843	232061.78	250064.92	311609.35	0.36
2016-01-06	11.02	11.49	11.36	11.01	246349.3	0.36	3.27	11.998	12.649	12.962	260442.94	282555.22	318667.24	1.24
2016-01-05	10.7	11.4	11.0	10.51	330499.69	-0.54	-4.68	12.366	12.899	13.03	256272.58	309981.26	321128.17	1.66
2016-01-04	12.84	12.87	11.54	11.54	253259.73	-1.28	-9.98	12.818	13.148	13.146	275464.57	308509.63	317721.28	1.27
2015-12-31	13.17	13.24	12.83	12.8	257862.2	-0.42	-3.17	13.176	13.331	13.23	263942.02	317975.59	321458.27	1.3
2015-12-30	13.27	13.37	13.26	13.13	214243.8	0.07	0.53	13.264	13.417	13.267	268068.05	337362.06	326711.45	1.08
2015-12-29	13.11	13.25	13.2	12.9	225497.48	-0.05	-0.38	13.3	13.426	13.263	304667.5	348449.3	330580.48	1.13
2015-12-28	13.37	13.8	13.26	13.22	426459.62	-0.08	-0.6	13.432	13.445	13.266	363689.95	361304.75	334372.24	2.15
2015-12-25	13.3	13.37	13.33	13.1	195647.02	0.07	0.53	13.478	13.45	13.26	341554.7	353603.62	335017.79	0.98
2015-12-24	13.36	13.41	13.27	13.03	278492.34	-0.15	-1.12	13.486	13.395	13.257	372009.15	358068.84	354512.85	1.4
2015-12-23	13.8	13.81	13.44	13.42	397241.03	-0.42	-3.03	13.57	13.358	13.329	406656.06	373153.78	373384.29	2.0
2015-12-22	13.53	13.95	13.86	13.41	520609.72	0.37	2.74	13.552	13.275	13.418	392231.11	354779.26	401367.33	2.62
2015-12-21	13.2	13.53	13.49	13.16	315783.38	0.13	0.97	13.458	13.161	13.451	358919.56	332275.07	394954.25	1.59
2015-12-18	13.6	13.65	13.37	13.28	347919.28	-0.32	-2.34	13.422	13.144	13.496	365652.55	326932.93	402537.03	1.75
2015-12-17	13.42	13.79	13.69	13.39	451726.91	0.34	2.55	13.304	13.129	13.548	344128.53	324940.95	405496.92	2.27
2015-12-16	13.64	13.64	13.35	13.26	325116.25	-0.04	-0.3	13.146	13.117	13.592	339651.49	316060.84	403411.22	1.64
2015-12-15	13.32	13.56	13.39	13.15	354051.97	0.09	0.68	12.998	13.099	13.638	317327.41	312711.67	413787.82	1.78
2015-12-14	12.6	13.37	13.31	12.6	349448.34	0.52	4.07	12.864	13.087	13.714	305630.58	307439.72	440218.8	1.76
2015-12-11	12.82	13.05	12.78	12.6	240299.19	-0.13	-1.01	12.866	13.07	13.799	288213.32	316431.96	449014.0	1.21
2015-12-10	12.6	13.39	12.9	12.55	429341.69	0.3	2.38	12.954	13.119	13.888	305753.36	350956.86	471108.61	2.16
2015-12-09	12.66	12.9	12.61	12.5	213495.88	-0.11	-0.86	13.088	13.299	14.008	292470.19	373614.81	488995.21	1.07
2015-12-08	13.2	13.25	12.72	12.66	295567.81	-0.59	-4.43	13.2	13.56	14.166	308095.92	447955.39	535407.9	1.49
2015-12-07	13.28	13.5	13.32	13.12	262362.03	0.1	0.76	13.31	13.741	14.335	309248.86	457633.44	607381.75	1.32
2015-12-04	13.38	13.48	13.22	13.11	327999.41	-0.34	-2.51	13.274	13.847	14.44	344650.61	478141.13	601982.2	1.65
2015-12-03	13.16	13.76	13.57	13.03	362925.81	0.39	2.96	13.284	13.967	14.48	396160.36	486052.89	618591.1	1.83
2015-12-02	13.21	13.23	13.17	12.5	291624.53	-0.09	-0.68	13.51	14.067	14.525	454759.42	490761.61	641870.6	1.47
2015-12-01	13.14	13.38	13.27	12.93	301332.53	0.14	1.07	13.92	14.177	14.581	587814.87	514863.97	684946.75	1.52
2015-11-30	13.19	13.55	13.14	12.1	439370.75	-0.13	-0.98	14.172	14.34	14.673	606018.01	572997.88	731980.02	2.21
2015-11-27	14.4	14.59	13.27	13.23	585548.19	-1.43	-9.73	14.42	14.528	14.703	611631.66	581596.04	750066.03	2.95
2015-11-26	15.2	15.25	14.7	14.5	655921.12	-0.53	-3.48	14.65	14.656	14.738	575945.41	591260.35	767763.53	3.3
2015-11-25	14.49	15.59	15.22	14.36	956901.75	0.69	4.75	14.624	14.717	14.692	526763.79	604375.62	782857.62	4.81
2015-11-24	14.25	14.62	14.53	14.02	392348.25	0.15	1.04	14.434	14.771	14.577	441913.07	622860.41	793319.79	1.97
2015-11-23	14.34	14.89	14.38	14.16	467438.97	-0.04	-0.28	14.508	14.929	14.569	539977.76	757130.07	837254.14	2.35
2015-11-20	14.55	14.58	14.42	14.31	407116.97	-0.13	-0.89	14.636	15.033	14.545	551560.42	725823.27	887774.07	2.05
2015-11-19	14.33	14.62	14.57	14.02	410013.03	0.31	2.17	14.662	14.993	14.519	606575.29	751129.32	935190.53	2.06
2015-11-18	14.8	14.88	14.27	14.11	532648.12	-0.63	-4.23	14.81	14.983	14.423	681987.45	792979.59	969228.69	2.68
2015-11-17	15.11	15.98	14.9	14.85	882671.69	-0.14	-0.93	15.108	14.985	14.288	803807.75	855029.53	980261.73	4.44
2015-11-16	14.15	15.15	15.02	14.04	525352.31	0.47	3.23	15.35	15.005	14.14	974282.39	890962.15	997736.45	2.64
2015-11-13	15.0	15.0	14.55	14.32	682191.31	-0.75	-4.9	15.43	14.878	13.955	900086.11	918536.02	1021417.85	3.43
2015-11-12	15.76	15.9	15.31	15.11	787073.81	-0.45	-2.85	15.324	14.82	13.743	895683.35	944266.7	1011123.01	3.96
2015-11-11	15.7	15.95	15.76	15.3	1141749.62	-0.35	-2.17	15.156	14.666	13.488	903971.74	961339.63	1001177.56	5.74
2015-11-10	16.0	16.85	16.11	15.46	1735044.88	0.69	4.47	14.862	14.383	13.179	906251.31	963779.16	956964.24	8.73
2015-11-09	15.42	15.42	15.42	15.42	154370.94	1.4	9.99	14.66	14.209	12.853	807641.91	917378.21	887533.74	0.78
2015-10-30	14.1	14.7	14.02	13.73	660177.5	-0.44	-3.04	14.326	14.057	12.582	936985.93	1049724.87	900468.99	3.32
2015-10-29	14.28	15.14	14.47	13.8	828515.75	0.19	1.33	14.316	14.044	12.362	992850.05	1119251.73	893599.06	4.17
2015-10-28	15.1	15.49	14.29	14.1	1153147.5	-0.81	-5.36	14.176	13.862	12.15	1018707.51	1145477.78	886110.99	5.8
2015-10-27	13.6	15.1	15.1	13.2	1241997.88	1.37	9.98	13.904	13.591	11.936	1021307.01	1105493.94	855520.56	6.25
2015-10-26	13.97	14.0	13.75	13.41	801091.0	-0.22	-1.57	13.758	13.275	11.685	1027114.51	1104510.75	834251.2	4.03
2015-10-23	13.59	14.4	13.97	13.15	939498.12	0.2	1.45	13.788	13.032	11.514	1162463.81	1124299.67	843986.59	4.73
2015-10-22	12.8	13.9	13.77	12.8	957803.06	0.84	6.5	13.772	12.666	11.299	1245653.41	1077979.32	838145.62	4.82
2015-10-21	14.1	14.3	12.93	12.93	1166145.0	-1.44	-10.02	13.548	12.309	11.05	1272248.05	1041015.5	817668.13	5.87
2015-10-20	13.51	14.86	14.37	13.5	1271035.38	0.46	3.31	13.278	11.975	10.855	1189680.86	950149.32	779442.54	6.39
2015-10-19	14.15	14.6	13.9	13.43	1477837.5	0.01	0.07	12.792	11.497	10.547	1181906.99	857689.26	735070.65	7.43
2015-10-16	12.64	13.89	13.89	12.5	1355446.12	1.26	9.98	12.276	11.106	10.308	1086135.54	751213.11	683503.64	6.82
2015-10-15	11.53	12.76	12.65	11.49	1090776.25	1.05	9.05	11.56	10.68	10.12	910305.23	667946.4	637727.09	5.49
2015-10-14	11.76	12.0	11.58	11.42	753309.06	-0.38	-3.18	11.07	10.438	9.98	809782.94	626744.2	604582.75	3.79
2015-10-13	11.31	12.28	11.94	11.2	1232166.0	0.62	5.48	10.672	10.281	9.916	710617.77	605547.19	601260.26	6.2
2015-10-12	10.35	11.32	11.32	10.3	998980.25	1.03	10.01	10.202	10.095	9.806	533471.54	563991.65	563324.48	5.03
2015-10-09	10.1	10.34	10.31	10.03	476294.59	0.11	1.08	9.936	9.995	9.686	416290.69	563673.5	536230.55	2.4
2015-10-08	9.99	10.46	10.2	9.81	588164.81	0.61	6.36	9.8	9.931	9.604	425587.56	598311.92	535987.27	2.96
2015-09-30	9.7	9.77	9.59	9.48	257483.22	0.0	0.0	9.806	9.791	9.54	443705.45	594320.77	529891.04	1.3
2015-09-29	9.8	9.8	9.59	9.39	346434.84	-0.4	-4.0	9.89	9.735	9.557	500476.61	608735.77	542976.17	1.74
2015-09-28	9.63	10.03	9.99	9.36	413075.97	0.38	3.95	9.988	9.597	9.612	594511.76	612452.04	557367.77	2.08
2015-09-25	10.07	10.18	9.63	9.5	522778.97	-0.6	-5.87	10.054	9.51	9.599	711056.32	615794.17	565617.93	2.63
2015-09-24	10.11	10.68	10.23	10.07	678754.25	0.23	2.3	10.062	9.559	9.575	771036.27	607507.79	569015.93	3.41
2015-09-23	9.71	10.25	10.01	9.71	541339.0	-0.07	-0.69	9.776	9.522	9.572	744936.09	582421.3	550171.17	2.72
2015-09-22	10.1	10.38	10.08	9.91	816610.62	-0.24	-2.33	9.58	9.551	9.636	716994.92	596973.32	538168.08	4.11
2015-09-21	9.5	10.35	10.32	9.41	995798.75	0.65	6.72	9.206	9.516	9.761	630392.32	562657.32	522590.04	5.01
2015-09-18	8.93	9.67	9.67	8.77	822678.75	0.88	10.01	8.966	9.377	9.927	520532.02	508787.59	500209.52	4.14
2015-09-17	9.06	9.53	8.8	8.74	548253.31	-0.23	-2.55	9.056	9.276	10.169	443979.31	473662.63	498389.89	2.76
2015-09-16	8.35	9.03	9.03	8.22	401633.19	0.82	9.99	9.268	9.289	10.434	419906.51	465461.31	526685.55	2.02
2015-09-15	8.73	8.93	8.21	8.21	383597.62	-0.91	-9.98	9.522	9.379	10.751	476951.72	477216.58	545008.92	1.93
2015-09-14	10.17	10.18	9.12	9.12	446497.25	-1.01	-9.97	9.826	9.626	11.127	494922.31	502283.5	560353.98	2.25
2015-09-11	9.88	10.21	10.12	9.81	439915.19	0.26	2.64	9.788	9.687	11.464	497043.16	515441.68	571862.19	2.21
2015-09-10	10.0	10.15	9.86	9.82	427889.28	-0.44	-4.27	9.496	9.59	11.719	503345.94	530524.06	580169.1	2.15
2015-09-09	9.66	10.38	10.3	9.54	686859.25	0.6	6.19	9.31	9.621	12.017	511016.12	517921.04	610055.7	3.46
2015-09-08	8.9	9.8	9.73	8.68	473450.59	0.79	8.84	9.236	9.721	12.286	477481.45	479362.84	620740.76	2.38
2015-09-07	8.92	9.4	8.93	8.8	457101.47	0.27	3.12	9.426	10.005	12.513	509644.69	482522.75	627594.51	2.3
2015-09-02	8.3	9.42	8.66	8.18	471429.12	-0.27	-3.02	9.586	10.476	12.742	533840.21	491631.46	625985.51	2.37
2015-09-01	9.89	9.89	8.93	8.93	466240.16	-0.99	-9.98	9.684	11.061	12.993	557702.18	523117.15	635393.42	2.35
2015-08-31	10.6	10.6	9.93	9.8	519185.91	-0.76	-7.11	9.932	11.579	13.256	524825.96	587909.8	646000.37	2.61
2015-08-28	9.89	10.7	10.68	9.65	634266.81	0.94	9.65	10.206	12.123	13.404	481244.24	612801.25	650413.02	3.19
2015-08-27	9.33	9.8	9.73	8.61	578079.06	0.58	6.34	10.584	12.627	13.583	455400.81	618424.45	645844.37	2.91
2015-08-26	10.15	10.53	9.15	9.15	590738.94	-1.02	-10.03	11.366	13.24	13.843	449422.7	628282.69	660996.19	2.97
2015-08-25	10.17	10.55	10.17	10.17	301859.09	-1.13	-10.0	12.438	13.848	14.156	488532.12	629814.14	676518.83	1.52
2015-08-24	12.1	12.1	11.3	11.3	301277.28	-1.25	-9.96	13.226	14.412	14.347	650993.63	702190.37	706691.58	1.52
2015-08-21	13.3	13.58	12.57	12.46	505049.69	-1.05	-7.71	14.04	14.851	14.546	744358.26	762118.68	733429.28	2.54
2015-08-20	14.1	14.56	13.64	13.6	548188.5	-0.87	-6.0	14.67	15.02	14.765	781448.09	772666.28	775100.66	2.76
2015-08-19	13.56	14.61	14.51	12.81	786286.06	0.41	2.91	15.114	15.007	14.961	807142.67	760339.56	807895.64	3.96
2015-08-18	15.37	16.4	14.11	13.85	1114166.62	-1.26	-8.2	15.258	14.924	15.035	771096.15	747669.68	810348.98	5.61
2015-08-17	15.08	15.44	15.37	14.85	768100.44	-0.36	-2.29	15.598	14.933	15.114	753387.1	704090.94	798909.04	3.86
2015-08-14	16.0	16.33	15.72	15.6	690498.81	-0.16	-1.01	15.662	14.685	15.144	779879.1	688024.8	824231.27	3.47
2015-08-13	15.0	15.98	15.86	14.91	676661.44	0.61	4.0	15.37	14.539	15.117	763884.46	673264.3	841602.06	3.4
2015-08-12	15.45	15.77	15.23	15.2	606053.44	-0.58	-3.67	14.9	14.446	15.026	713536.44	693709.7	863621.09	3.05
2015-08-11	15.64	16.24	15.81	15.36	1025621.38	0.12	0.77	14.59	14.463	14.926	724243.21	723223.53	913275.93	5.16
2015-08-10	14.4	15.69	15.69	14.3	900560.44	1.43	10.03	14.268	14.282	14.87	654794.79	711192.8	914440.89	4.53
2015-08-07	13.72	14.62	14.26	13.66	610525.62	0.75	5.55	13.708	14.24	14.753	596170.5	704739.89	875190.89	3.07
2015-08-06	13.1	13.84	13.51	13.1	424921.31	-0.17	-1.24	13.708	14.51	14.647	582644.14	777535.05	866945.94	2.14
2015-08-05	14.01	14.41	13.68	13.39	659587.31	-0.52	-3.66	13.992	14.915	14.524	673882.96	855451.73	905886.48	3.32
2015-08-04	12.91	14.2	14.2	12.62	678379.25	1.29	9.99	14.336	15.145	14.342	722203.84	873028.27	875023.47	3.41
2015-08-03	13.68	13.98	12.89	12.8	607439.0	-1.33	-9.35	14.296	15.294	14.189	767590.81	893727.14	857946.2	3.06
2015-07-31	14.5	15.04	14.26	13.76	542893.81	-0.67	-4.49	14.772	15.603	14.164	813309.27	960437.74	868889.42	2.73
2015-07-30	15.26	15.93	14.93	14.52	881115.44	-0.47	-3.05	15.312	15.695	14.133	972425.96	1009939.82	872160.97	4.43
2015-07-29	14.41	15.4	15.4	13.83	901191.69	1.4	10.0	15.838	15.605	14.144	1037020.5	1033532.49	860661.26	4.53
2015-07-28	13.81	15.5	14.0	13.74	905314.12	-1.27	-8.32	15.954	15.389	14.216	1023852.71	1103328.33	850033.45	4.55
2015-07-27	16.15	17.32	15.27	15.27	836031.31	-1.7	-10.02	16.292	15.458	14.451	1019863.46	1117688.98	841445.3	4.21
2015-07-24	17.8	18.64	16.96	16.5	1338477.25	-0.6	-3.42	16.434	15.266	14.57	1107566.2	1045641.89	826814.49	6.73
2015-07-23	15.8	17.56	17.56	15.61	1204088.12	1.6	10.03	16.078	14.784	14.702	1047453.67	956356.82	786451.44	6.06
2015-07-22	15.41	16.44	15.98	15.36	835352.75	0.3	1.91	15.372	14.132	14.914	1030044.47	956321.24	760156.86	4.2
2015-07-21	15.3	16.08	15.69	15.19	885367.88	-0.29	-1.81	14.824	13.538	15.202	1182803.95	877018.66	743111.62	4.45
2015-07-20	15.66	16.5	15.98	15.23	1274545.0	0.8	5.27	14.624	13.084	15.478	1215514.5	822165.27	724359.21	6.41
2015-07-17	14.06	15.39	15.18	13.81	1037914.62	1.18	8.43	14.098	12.724	15.759	983717.57	777341.1	682934.27	5.22
2015-07-16	12.4	14.36	14.03	12.03	1117042.12	0.8	6.05	13.49	12.57	16.201	865259.97	734382.13	653503.27	5.62
2015-07-15	14.8	15.39	13.24	13.22	1599150.12	-1.45	-9.87	12.892	12.683	16.812	882598.0	687790.03	624967.03	8.05
2015-07-14	14.69	14.69	14.69	14.01	1048920.62	1.34	10.04	12.252	13.043	17.402	571233.38	596738.57	570181.67	5.28
2015-07-13	13.35	13.35	13.35	13.35	115560.39	1.21	9.97	11.544	13.444	17.987	428816.03	565201.63	552126.33	0.58
2015-07-10	11.5	12.14	12.14	11.38	445626.62	1.1	9.96	11.35	13.873	18.711	570964.63	607987.09	576322.82	2.24
2015-07-09	9.04	11.04	11.04	9.04	1203732.25	1.0	9.96	11.65	14.619	19.514	603504.28	616546.06	580623.74	6.06
2015-07-08	10.04	10.04	10.04	10.04	42327.0	-1.11	-9.96	12.474	15.696	20.405	492982.06	563992.47	556188.49	0.21
2015-07-07	11.61	12.0	11.15	11.15	336833.91	-1.24	-10.01	13.834	16.865	21.347	622243.76	609204.57	582764.91	1.69
2015-07-06	14.79	14.81	12.38	12.28	826303.38	-1.26	-9.24	15.344	17.872	22.221	701587.23	626553.16	603859.46	4.16
2015-07-03	14.25	15.16	13.64	13.64	608324.88	-1.52	-10.03	16.396	18.794	23.089	645009.54	588527.43	606522.88	3.06
2015-07-02	16.8	17.09	15.16	15.16	651121.12	-1.68	-9.98	17.588	19.831	23.903	629587.84	572624.42	623412.11	3.28
2015-07-01	18.0	18.95	16.84	16.84	688635.5	-1.87	-9.99	18.918	20.94	24.69	635002.89	562144.04	656957.41	3.46
2015-06-30	16.4	18.98	18.7	15.88	733551.25	1.06	6.01	19.896	21.761	25.354	596165.38	543624.78	681112.41	3.69
2015-06-29	20.05	20.1	17.64	17.64	543414.94	-1.96	-10.0	20.4	22.529	25.847	551519.09	539051.03	688866.32	2.73
2015-06-26	20.6	20.99	19.6	19.6	531216.38	-2.18	-10.01	21.192	23.549	26.35	532045.33	544658.56	708314.11	2.67
2015-06-25	22.18	22.98	21.81	21.01	678196.38	0.1	0.46	22.074	24.409	26.798	515661.0	544701.41	741585.72	3.41
2015-06-24	21.5	21.97	21.73	21.01	494447.97	0.51	2.4	22.962	25.113	27.294	489285.19	548384.5	792139.23	2.49
2015-06-23	21.6	22.27	21.22	19.44	510319.78	-0.38	-1.76	23.626	25.828	27.715	491084.17	556325.25	844390.58	2.57
2015-06-19	23.26	23.75	21.6	21.6	446046.12	-2.4	-10.0	24.658	26.57	28.024	526582.97	581165.76	872232.15	2.24
2015-06-18	26.24	26.24	24.01	23.78	449294.75	-2.23	-8.5	25.906	27.383	28.329	557271.79	624518.33	912224.23	2.26
2015-06-17	24.5	26.5	26.25	24.5	546317.31	1.18	4.71	26.744	27.974	28.454	573741.83	674199.81	932184.09	2.75
2015-06-16	25.9	25.94	25.05	24.82	503442.88	-1.33	-5.04	27.264	28.439	28.49	607483.81	751770.79	961294.48	2.53
2015-06-15	28.01	28.04	26.38	26.13	687813.81	-1.46	-5.24	28.03	28.947	28.572	621566.34	818600.05	988278.76	3.46
2015-06-12	28.18	28.48	27.84	27.69	599490.19	-0.36	-1.28	28.482	29.165	28.565	635748.54	838681.61	998400.59	3.02
2015-06-11	28.52	28.99	28.2	27.88	531644.94	-0.65	-2.25	28.86	29.15	28.507	691764.88	871969.67	1011551.48	2.67
2015-06-10	28.5	29.44	28.85	27.61	715027.25	-0.03	-0.1	29.204	29.186	28.451	774657.79	938470.03	1050940.45	3.6
2015-06-09	28.6	29.58	28.88	28.22	573855.5	0.24	0.84	29.614	29.474	28.442	896057.76	1035893.95	1141057.68	2.89
2015-06-08	29.49	29.49	28.64	28.0	758724.81	-1.09	-3.67	29.864	29.601	28.418	1015633.76	1132455.9	1219127.52	3.82
2015-06-05	30.51	31.0	29.73	29.09	879571.88	-0.19	-0.64	29.848	29.478	28.277	1041614.68	1163298.54	1244308.43	4.43
2015-06-04	30.43	30.89	29.92	28.0	946109.5	-0.98	-3.17	29.44	29.274	28.012	1052174.46	1199930.13	1262293.37	4.76
2015-06-03	29.7	32.45	30.9	29.5	1322027.12	0.77	2.56	29.168	28.933	27.869	1102282.26	1190168.38	1328075.02	6.65
2015-06-02	28.33	30.51	30.13	27.98	1171735.5	1.57	5.5	29.334	28.54	27.68	1175730.14	1170818.16	1265865.12	5.89
2015-06-01	27.3	29.05	28.56	27.0	888629.38	0.87	3.14	29.338	28.197	27.68	1249278.04	1157957.47	1212805.79	4.47
2015-05-29	28.3	28.9	27.69	25.9	932370.81	-0.87	-3.05	29.108	27.965	27.926	1284982.41	1158119.58	1264829.97	4.69
2015-05-28	31.4	32.15	28.56	28.56	1196648.5	-3.17	-9.99	29.108	27.863	28.063	1347685.8	1151133.3	1249042.76	6.02
2015-05-27	30.5	32.6	31.73	29.19	1689266.5	1.58	5.24	28.698	27.715	28.128	1278054.49	1163410.88	1234656.36	8.5
2015-05-26	27.51	30.15	30.15	27.46	1539475.0	2.74	10.0	27.746	27.41	28.152	1165906.19	1246221.4	1197329.53	7.75
2015-05-25	26.7	27.47	27.41	26.41	1067151.25	-0.28	-1.01	27.056	27.235	28.251	1066636.9	1305799.15	1156239.76	5.37
2015-05-22	26.65	28.36	27.69	26.65	1245887.75	1.18	4.45	26.822	27.076	28.504	1031256.75	1325318.31	1151316.11	6.27
2015-05-21	26.96	26.96	26.51	26.0	848491.94	-0.46	-1.71	26.618	26.749	28.794	954580.8	1324656.61	1142307.25	4.27
2015-05-20	26.76	27.78	26.97	26.33	1128525.0	0.27	1.01	26.732	26.804	29.145	1048767.26	1465981.67	1175460.33	5.68
2015-05-19	26.26	26.95	26.7	24.66	1043128.56	0.46	1.75	27.074	26.819	29.43	1326536.61	1360912.07	1120957.93	5.25
2015-05-18	26.45	27.35	26.24	25.9	890250.5	-0.43	-1.61	27.414	27.162	29.58	1544961.4	1267654.11	1115532.98	4.48
2015-05-15	26.79	27.88	26.67	26.3	862508.0	-0.41	-1.51	27.33	27.886	29.808	1619379.88	1371540.35	1121262.22	4.34
2015-05-14	27.88	28.5	27.08	25.91	1319424.25	-1.6	-5.58	26.88	28.263	29.926	1694732.43	1346952.21	1109373.44	6.64
2015-05-13	28.68	30.52	28.68	28.22	2517371.75	0.28	0.99	26.876	28.541	30.039	1883196.08	1305901.85	1076547.63	12.66
2015-05-12	25.1	28.4	28.4	25.1	2135252.5	2.58	9.99	26.564	28.894	30.089	1395287.53	1148437.66	986231.25	10.74
2015-05-08	25.02	26.0	25.82	24.51	1262342.88	1.4	5.73	26.91	29.267	30.147	990346.83	1006680.37	928538.44	6.35
2015-05-07	25.95	26.3	24.42	24.35	1239270.75	-2.64	-9.76	28.442	29.931	30.315	1123700.83	977313.91	927874.47	6.23
2015-05-06	26.05	29.46	27.06	25.66	2261742.5	-0.06	-0.22	29.646	30.838	30.618	999172.0	959957.89	911455.34	11.38
2015-05-05	27.12	27.12	27.12	27.12	77829.0	-3.01	-9.99	30.206	31.486	30.841	728607.62	884938.99	891397.35	0.39
2015-05-04	30.13	30.13	30.13	30.13	110549.0	-3.35	-10.01	31.224	32.041	31.059	901587.8	881003.8	963356.45	0.56
2015-04-30	30.58	33.48	33.48	30.11	1929112.88	3.04	9.99	31.624	31.998	30.983	1023013.91	963411.85	1028653.61	9.71
2015-04-29	29.71	31.2	30.44	29.06	616626.62	0.58	1.94	31.42	31.73	30.756	830926.99	870984.09	995823.27	3.1
2015-04-28	31.7	31.99	29.86	29.68	908920.62	-2.35	-7.3	32.03	31.588	30.617	920743.79	871794.66	1037433.98	4.57
2015-04-27	33.0	33.98	32.21	32.0	942729.88	0.08	0.25	32.766	31.536	30.505	1041270.36	847193.41	1092894.84	4.74
2015-04-24	31.5	32.7	32.13	31.31	717679.56	-0.33	-1.02	32.858	31.283	30.213	860419.8	824024.84	1125672.59	3.61
2015-04-23	33.5	33.83	32.46	32.28	968678.25	-1.03	-3.08	32.372	31.026	29.895	903809.79	850396.51	1150206.66	4.87
2015-04-22	33.74	34.55	33.49	32.9	1065710.62	-0.05	-0.15	32.04	30.698	29.561	911041.19	878435.04	1181618.2	5.36
2015-04-21	35.0	35.0	33.54	32.0	1511553.5	0.87	2.66	31.146	30.398	29.119	822845.54	862952.8	1168355.29	7.6
2015-04-20	32.67	32.67	32.67	32.67	38477.07	2.97	10.0	30.306	30.195	28.684	653116.45	897855.71	1161613.53	0.19
2015-04-08	31.2	31.28	29.7	28.99	934629.5	-1.1	-3.57	29.708	30.076	28.294	787629.88	1045709.1	1210976.32	4.7
2015-04-07	29.4	31.15	30.8	29.4	1004835.25	1.78	6.13	29.68	29.968	28.053	796983.24	1093895.38	1214365.27	5.06
2015-04-03	28.98	29.28	29.02	28.6	624732.38	-0.32	-1.09	29.356	29.782	27.754	845828.89	1120662.46	1226002.65	3.14
2015-04-02	29.99	30.0	29.34	29.1	662908.06	-0.34	-1.15	29.65	29.646	27.513	903060.05	1203073.3	1256266.66	3.34
2015-04-01	29.33	29.88	29.68	29.0	711044.19	0.12	0.41	30.084	29.474	27.307	1142594.96	1338596.28	1298405.58	3.58
2015-03-31	29.01	30.74	29.56	28.71	981396.31	0.38	1.3	30.444	29.143	27.111	1303788.32	1427320.35	1350511.2	4.94
2015-03-30	30.01	30.1	29.18	28.61	1249063.5	-1.31	-4.3	30.256	28.764	26.963	1390807.51	1450016.81	1442436.16	6.28
2015-03-27	31.4	31.89	30.49	30.1	910888.19	-1.02	-3.24	30.208	28.424	26.774	1395496.04	1484801.36	1500958.86	4.58
2015-03-26	32.45	34.47	31.51	30.06	1860582.62	0.03	0.1	29.642	27.84	26.405	1503086.55	1473757.78	1529741.35	9.36
2015-03-25	28.34	31.48	31.48	27.79	1517011.0	2.86	9.99	28.864	27.172	25.969	1534597.6	1425371.36	1507530.02	7.63
2015-03-24	28.5	29.68	28.62	27.8	1416492.25	-0.32	-1.11	27.842	26.511	25.52	1550852.38	1376243.55	1498899.82	7.13
2015-03-23	28.3	29.79	28.94	27.86	1272506.12	1.28	4.63	27.272	26.137	25.25	1509226.1	1334835.16	1512802.77	6.4
2015-03-20	27.65	28.38	27.66	27.05	1448840.75	0.04	0.14	26.64	25.726	24.964	1574106.68	1331342.85	1558521.29	7.29
2015-03-19	26.2	28.3	27.62	25.86	2018137.88	1.25	4.74	26.038	25.38	24.74	1444429.02	1309460.02	1595539.68	10.15
2015-03-18	24.8	27.0	26.37	24.6	1598284.88	0.6	2.33	25.48	25.139	24.507	1316145.12	1258214.87	1662062.39	8.04
2015-03-17	25.86	26.1	25.77	24.95	1208360.88	-0.01	-0.04	25.18	25.079	24.267	1201634.72	1273702.05	1694509.84	6.08
2015-03-16	24.9	26.49	25.78	24.5	1596909.0	1.13	4.58	25.002	25.161	23.958	1160444.22	1434855.51	1830037.14	8.03
2015-03-13	24.16	24.92	24.65	24.0	800452.44	-0.18	-0.72	24.812	25.124	23.608	1088579.02	1517116.36	1770733.3	4.03
2015-03-12	27.36	27.36	24.83	23.85	1376718.38	-0.04	-0.16	24.722	24.969	23.229	1174491.03	1585724.91	1745441.86	6.93
2015-03-11	25.0	25.39	24.87	24.4	1025732.88	-0.01	-0.04	24.798	24.765	22.764	1200284.63	1589688.68	1678645.12	5.16
2015-03-10	24.75	25.28	24.88	24.0	1002408.38	0.05	0.2	24.978	24.528	22.226	1345769.38	1621556.1	1628776.08	5.04
2015-03-09	23.7	25.35	24.83	23.01	1237583.0	0.63	2.6	25.32	24.363	21.623	1709266.8	1690770.39	1579437.48	6.23
2015-03-06	25.09	25.27	24.2	23.55	1230012.5	-1.01	-4.01	25.436	24.201	20.965	1945653.7	1785699.74	1518770.82	6.19
2015-03-05	25.5	25.88	25.21	24.29	1505686.38	-0.56	-2.17	25.216	24.099	20.285	1996958.8	1881619.34	1458508.24	7.58
2015-03-04	26.5	27.66	25.77	25.5	1753156.62	-0.82	-3.08	24.732	23.875	19.506	1979092.72	2065909.9	1384033.42	8.82
2015-03-03	25.46	27.95	26.59	25.41	2819895.5	1.18	4.64	24.078	23.454	18.656	1897342.82	2115317.64	1296698.22	14.19
2015-03-02	23.35	25.41	25.41	22.55	2419517.5	2.31	10.0	23.406	22.755	17.724	1672273.97	2225218.76	1156205.77	12.17
2015-02-27	22.99	23.3	23.1	22.2	1486538.0	0.31	1.36	22.966	22.092	16.816	1625745.77	2024350.23	1035514.37	7.48
2015-02-26	22.4	23.02	22.79	22.0	1416356.0	0.29	1.29	22.982	21.489	15.99	1766279.87	1905158.8	961379.92	7.13
2015-02-25	23.5	23.84	22.5	21.7	1344407.12	-0.73	-3.14	23.018	20.762	15.149	2152727.07	1767601.56	896351.58	6.76
2015-02-17	23.35	23.59	23.23	22.7	1694551.25	0.02	0.09	22.83	19.923	14.323	2333292.45	1635996.05	835685.08	8.53
2015-02-16	23.35	24.14	23.21	22.35	2186876.5	0.03	0.13	22.104	18.883	13.462	2778163.55	1468104.57	759064.5	11.0
2015-02-13	23.06	23.68	23.18	22.56	2189208.5	0.21	0.91	21.218	17.728	12.605	2422954.69	1251841.91	657707.78	11.01
2015-02-12	23.01	23.72	22.97	22.5	3348592.0	1.41	6.54	19.996	16.47	11.751	2044037.73	1035397.13	558443.27	16.85
2015-02-11	19.58	21.56	21.56	19.42	2247234.0	1.96	10.0	18.506	15.137	10.906	1382476.05	702156.93	409145.98	11.31
2015-02-10	20.6	20.6	19.6	17.77	3918906.75	0.82	4.37	17.016	13.857	10.128	938699.66	478078.8	308565.44	19.72
2015-02-09	18.78	18.78	18.78	18.78	410832.22	1.71	10.02	15.662	12.693	9.442	158045.6	87192.78	125373.94	2.07
2015-02-06	17.07	17.07	17.07	17.07	294623.69	1.55	9.99	14.238	11.539	8.807	80729.12	46678.51	115853.05	1.48
2015-02-05	15.52	15.52	15.52	15.52	40783.61	1.41	9.99	12.944	10.49	8.257	26756.53	17601.04	110548.3	0.21
2015-02-04	14.11	14.11	14.11	14.11	28352.02	1.28	9.98	11.768	9.536	7.786	21837.81	25101.59	120134.08	0.14
2015-02-03	12.83	12.83	12.83	12.83	15636.45	1.17	10.03	10.698	8.722	7.389	17457.93	35374.1	134045.48	0.08
2015-02-02	11.66	11.66	11.66	11.66	24249.85	1.06	10.0	9.724	8.041	7.057	16339.97	50024.42	154520.49	0.12
2015-01-30	10.6	10.6	10.6	10.6	24760.74	0.96	9.96	8.84	7.482	6.788	12627.89	63573.64	199660.02	0.12
2015-01-29	9.64	9.64	9.64	9.64	16190.0	0.88	10.05	8.036	7.032	6.552	8445.54	81489.41	214286.03	0.08
2015-01-28	8.76	8.76	8.76	8.76	6452.63	0.8	10.05	7.304	6.675	6.364	28365.37	116135.04	240404.02	0.03
2015-01-27	7.96	7.96	7.96	7.96	10046.61	0.72	9.95	6.746	6.398	6.224	53290.27	139052.08	258640.15	0.05
2015-01-26	7.24	7.24	7.24	7.24	5689.47	0.66	10.03	6.358	6.191	6.122	83708.87	163555.1	268130.87	0.03
2015-01-23	6.58	6.58	6.58	6.58	3848.98	0.6	10.03	6.124	6.074	6.06	114519.39	185027.59	281337.07	0.02
2014-07-18	5.91	6.04	5.98	5.91	115789.17	0.01	0.17	6.028	6.023	6.034	154533.28	203495.57	291002.32	0.58
2014-07-17	6.0	6.03	5.97	5.94	131077.12	-0.05	-0.83	6.046	6.036	6.034	203904.7	215166.57	292507.54	0.66
2014-07-16	6.07	6.08	6.02	6.0	162139.62	-0.05	-0.82	6.05	6.056	6.031	224813.88	232716.86	302157.67	0.82
2014-07-15	6.1	6.12	6.07	6.03	159742.08	-0.03	-0.49	6.024	6.073	6.039	243401.33	259016.56	302779.88	0.8
2014-07-14	6.07	6.1	6.1	6.01	203918.42	0.03	0.49	6.024	6.094	6.046	255535.78	335746.41	311710.61	1.03
2014-07-11	5.97	6.23	6.07	5.96	362646.25	0.08	1.34	6.018	6.071	6.059	252457.85	347082.66	334999.05	1.82
2014-07-10	5.9	6.08	5.99	5.9	235623.03	0.1	1.7	6.026	6.052	6.074	226428.44	364673.0	331235.4	1.19
2014-07-09	6.06	6.1	5.89	5.86	255076.88	-0.18	-2.96	6.062	6.05	6.094	240619.85	378228.22	337617.33	1.28
2014-07-08	6.02	6.11	6.07	5.95	220414.31	0.0	0.0	6.122	6.052	6.127	274631.78	372706.65	366878.86	1.11
2014-07-07	6.11	6.14	6.07	6.02	188528.77	-0.04	-0.66	6.164	6.045	6.172	415957.03	377646.56	369918.12	0.95
2014-07-04	6.18	6.2	6.11	6.08	232499.19	-0.06	-0.97	6.124	6.044	6.216	441707.46	378509.07	372279.55	1.17
2014-07-03	6.17	6.25	6.17	6.14	306580.09	-0.02	-0.32	6.078	6.031	6.265	502917.56	369848.51	370060.65	1.54
2014-07-02	6.28	6.29	6.19	6.12	425136.56	-0.09	-1.43	6.038	6.005	6.314	515836.59	371598.48	363262.02	2.14
2014-07-01	5.94	6.37	6.28	5.91	927040.56	0.41	6.99	5.982	6.005	6.355	470781.51	346543.2	350020.41	4.66
2014-06-30	5.85	5.91	5.87	5.83	317280.91	-0.01	-0.17	5.926	5.997	6.394	339336.08	287674.82	314301.41	1.6
2014-06-27	5.94	5.99	5.88	5.87	538549.69	-0.09	-1.51	5.964	6.047	6.46	315310.69	322915.44	312710.68	2.71
2014-06-26	5.85	6.0	5.97	5.82	371175.22	0.06	1.01	5.984	6.096	6.521	236779.46	297797.81	311965.27	1.87
2014-06-25	6.0	6.03	5.91	5.86	199861.16	-0.09	-1.5	5.972	6.137	6.594	227360.38	297006.44	323836.18	1.01
2014-06-24	6.06	6.13	6.0	5.98	269813.44	-0.06	-0.99	6.028	6.202	6.659	222304.9	361051.07	326256.92	1.36
2014-06-23	5.98	6.17	6.06	5.93	197153.92	0.08	1.34	6.068	6.299	6.722	236013.56	362189.69	326413.0	0.99
2014-06-20	5.91	6.0	5.98	5.86	145893.58	0.07	1.18	6.13	6.388	6.783	330520.18	366050.02	335965.29	0.73
2014-06-19	6.15	6.2	5.91	5.85	324079.78	-0.28	-4.52	6.208	6.498	6.833	358816.15	370272.79	339815.88	1.63
2014-06-18	6.14	6.26	6.19	6.12	174583.78	-0.01	-0.16	6.302	6.622	6.897	366652.5	354925.57	330218.85	0.88
2014-06-17	6.31	6.32	6.2	6.18	338356.72	-0.17	-2.67	6.376	6.705	6.944	499797.24	353497.61	331609.51	1.7
2014-06-16	6.32	6.41	6.37	6.08	669687.06	0.0	0.0	6.53	6.79	6.986	488365.82	340928.0	322226.43	3.37
2014-06-13	6.34	6.44	6.37	6.33	287373.41	-0.01	-0.16	6.646	6.872	7.016	401579.86	302505.92	296038.73	1.45
2014-06-12	6.43	6.51	6.38	6.33	363261.53	-0.18	-2.74	6.788	6.946	7.048	381729.44	326132.73	292698.32	1.83
2014-06-11	6.82	6.82	6.56	6.31	840307.5	-0.41	-5.88	6.942	7.05	7.087	343198.64	350665.92	283785.8	4.23
2014-06-10	6.96	7.0	6.97	6.83	281199.59	0.02	0.29	7.034	7.116	7.121	207197.97	291462.78	257933.12	1.41
2014-06-09	7.05	7.13	6.95	6.93	235757.27	-0.13	-1.84	7.05	7.145	7.124	193490.19	290636.31	257104.25	1.19
2014-06-06	7.14	7.19	7.08	7.04	188121.3	-0.07	-0.98	7.098	7.177	7.114	203431.98	305880.55	252820.83	0.95
2014-06-05	7.04	7.17	7.15	7.0	170607.52	0.13	1.85	7.104	7.168	7.104	270536.02	309358.96	253706.27	0.86
2014-06-04	7.07	7.1	7.02	6.93	160304.16	-0.03	-0.43	7.158	7.171	7.085	358133.2	305512.13	257310.02	0.81
2014-06-03	7.11	7.2	7.05	7.05	212660.69	-0.14	-1.95	7.198	7.182	7.089	375727.59	309721.41	260247.15	1.07
2014-05-30	7.09	7.29	7.19	7.0	285466.25	0.08	1.12	7.24	7.182	7.087	387782.43	303524.87	261881.09	1.44
2014-05-29	7.35	7.39	7.11	7.06	523641.47	-0.31	-4.18	7.256	7.159	7.069	408329.11	289571.54	254939.9	2.63
2014-05-28	7.2	7.5	7.42	7.14	608593.44	0.2	2.77	7.232	7.15	7.079	348181.89	259263.92	236010.14	3.06
2014-05-27	7.21	7.34	7.22	7.19	248276.08	-0.04	-0.55	7.184	7.123	7.071	252891.06	216905.69	214881.32	1.25
2014-05-26	7.22	7.29	7.26	7.16	272934.91	-0.01	-0.14	7.166	7.125	7.064	243715.24	224403.47	213780.65	1.37
2014-05-23	6.93	7.33	7.27	6.92	388199.66	0.28	4.01	7.124	7.103	7.066	219267.3	223572.2	217249.7	1.95
2014-05-22	7.15	7.22	6.99	6.99	222905.38	-0.19	-2.65	7.062	7.05	7.095	170813.98	199761.1	212130.86	1.12
2014-05-21	7.16	7.19	7.18	6.98	132139.25	0.05	0.7	7.068	7.04	7.154	170345.94	198053.59	217350.48	0.66
2014-05-20	7.06	7.28	7.13	7.03	202397.0	0.08	1.14	7.062	6.998	7.189	180920.32	209107.9	223208.88	1.02
2014-05-19	6.93	7.09	7.05	6.86	150695.22	0.09	1.29	7.084	6.995	7.232	205091.7	210772.9	229137.65	0.76
2014-05-16	6.99	6.99	6.96	6.8	145933.03	-0.06	-0.85	7.082	6.991	7.278	227877.1	220237.32	245601.55	0.73
2014-05-15	7.16	7.22	7.02	7.0	220565.2	-0.13	-1.82	7.038	6.978	7.355	228708.23	220308.25	264506.24	1.11
2014-05-14	7.18	7.24	7.15	7.08	185011.16	-0.09	-1.24	7.012	7.008	7.423	225761.23	212756.36	290853.42	0.93
2014-05-13	7.0	7.28	7.24	6.98	323253.91	0.2	2.84	6.934	7.018	7.461	237295.48	212856.95	291294.61	1.63
2014-05-12	6.88	7.14	7.04	6.83	264622.19	0.29	4.3	6.906	7.002	7.5	216454.09	203157.82	293366.7	1.33
2014-05-09	6.86	6.9	6.74	6.6	150088.69	-0.15	-2.18	6.9	7.028	7.542	212597.53	210927.19	294612.56	0.76
2014-05-08	6.74	7.09	6.89	6.69	205830.2	0.13	1.92	6.918	7.14	7.586	211908.28	224500.62	296768.65	1.04
2014-05-07	7.07	7.07	6.76	6.72	242682.41	-0.34	-4.79	7.004	7.268	7.618	199751.49	236647.37	293074.35	1.22
2014-05-06	7.0	7.23	7.1	6.92	219046.95	0.09	1.28	7.102	7.379	7.655	188418.42	237309.85	292936.54	1.1
2014-05-05	6.77	7.03	7.01	6.73	245339.41	0.18	2.63	7.098	7.468	7.669	189861.56	247502.4	294991.27	1.23
2014-04-30	6.75	6.93	6.83	6.7	146642.41	0.18	2.71	7.156	7.564	7.67	209256.85	270965.79	287690.51	0.74
2014-04-29	7.2	7.35	7.32	7.14	145046.27	0.07	0.97	7.362	7.731	7.687	237092.96	308704.22	286411.51	1.54
2014-04-28	7.07	7.26	7.25	7.0	186017.08	0.17	2.4	7.532	7.838	7.661	273543.25	368950.49	283403.38	1.98
2014-04-25	7.31	7.44	7.08	7.02	226262.62	-0.22	-3.01	7.656	7.903	7.641	286201.28	369732.26	282884.03	2.41
2014-04-24	7.83	7.86	7.3	7.28	342315.88	-0.56	-7.12	7.838	7.997	7.644	305143.25	383575.57	276090.97	3.64
2014-04-23	8.1	8.21	7.86	7.78	285822.97	-0.31	-3.79	7.972	8.055	7.646	332674.73	378297.92	262601.79	3.04
2014-04-22	7.76	8.22	8.17	7.76	327297.72	0.3	3.81	8.1	8.031	7.623	380315.48	369036.67	254177.87	3.48
2014-04-21	7.81	8.13	7.87	7.71	249307.22	-0.12	-1.5	8.144	7.968	7.586	464357.72	349501.32	247400.69	2.65
2014-04-18	7.99	8.15	7.99	7.88	320972.44	0.02	0.25	8.15	7.931	7.56	453263.24	348563.23	242187.57	3.41
2014-04-17	8.59	8.6	7.97	7.95	479973.31	-0.53	-6.24	8.156	7.869	7.515	462007.89	342480.14	232338.23	5.1
2014-04-16	8.26	8.61	8.5	8.12	524026.69	0.11	1.31	8.138	7.776	7.484	423921.11	304415.22	216236.3	5.57
2014-04-15	7.92	8.69	8.39	7.81	747508.94	0.49	6.2	7.962	7.642	7.419	357757.87	264118.79	197457.55	7.95
2014-04-14	7.92	8.07	7.9	7.83	193834.84	-0.12	-1.5	7.792	7.484	7.357	234644.92	197856.26	173616.95	2.06
2014-04-11	7.8	8.19	8.02	7.7	364695.66	0.14	1.78	7.712	7.379	7.328	243863.22	196035.8	168660.05	3.88
2014-04-10	7.65	7.98	7.88	7.54	289539.41	0.26	3.41	7.582	7.291	7.302	222952.38	168606.37	156226.01	3.08
2014-04-09	7.6	7.87	7.62	7.6	193210.48	0.08	1.06	7.414	7.236	7.273	184909.34	146905.66	150550.62	2.05
2014-04-08	7.48	7.59	7.54	7.41	131944.19	0.04	0.53	7.322	7.214	7.266	170479.72	139319.07	148923.29	1.4
2014-04-04	7.28	7.62	7.5	7.2	239926.38	0.13	1.76	7.176	7.203	7.266	161067.61	145300.07	158728.78	2.55
2014-04-03	7.08	7.65	7.37	7.06	260141.45	0.33	4.69	7.046	7.189	7.289	148208.37	135811.91	157182.61	2.77
2014-04-02	7.08	7.16	7.04	6.98	99324.19	-0.12	-1.68	7.0	7.16	7.329	114260.37	122196.33	155106.78	1.06
2014-04-01	6.81	7.2	7.16	6.73	121062.4	0.35	5.14	7.058	7.191	7.389	108901.99	128057.38	166214.69	1.29
2014-03-31	6.88	6.91	6.81	6.69	84883.63	-0.04	-0.58	7.106	7.195	7.43	108158.41	130796.31	178355.03	0.9
2014-03-28	7.14	7.22	6.85	6.7	175630.16	-0.29	-4.06	7.23	7.23	7.465	129532.53	149377.63	181817.45	1.87
2014-03-27	7.32	7.36	7.14	7.1	90401.46	-0.19	-2.59	7.332	7.277	7.491	123415.45	141284.31	184937.78	0.96
2014-03-26	7.4	7.49	7.33	7.26	72532.29	-0.07	-0.95	7.32	7.312	7.507	130132.28	143845.64	190502.13	0.77
2014-03-25	7.4	7.46	7.4	7.3	117344.53	-0.03	-0.4	7.324	7.309	7.516	147212.78	154195.57	201854.84	1.25
2014-03-24	7.33	7.71	7.43	7.26	191754.2	0.07	0.95	7.284	7.317	7.536	153434.21	158527.51	216924.97	2.04
2014-03-21	7.02	7.39	7.36	6.9	145044.75	0.28	3.96	7.23	7.328	7.575	169222.73	172157.49	216526.43	1.54
2014-03-20	7.3	7.42	7.08	7.05	123985.64	-0.27	-3.67	7.222	7.389	7.614	159153.17	178553.31	221264.24	1.32
2014-03-19	7.2	7.49	7.35	7.18	157934.77	0.15	2.08	7.304	7.497	7.675	157559.0	188017.24	233597.75	1.68
2014-03-18	7.03	7.26	7.2	7.03	148451.69	0.04	0.56	7.294	7.586	7.716	161178.36	204371.99	242039.09	1.58
2014-03-17	6.59	7.23	7.16	6.59	270696.78	-0.16	-2.19	7.35	7.664	7.769	163620.81	225913.74	252614.72	2.88
2014-03-14	7.44	7.47	7.32	7.27	94696.97	-0.17	-2.27	7.426	7.7	7.835	175092.25	214257.27	265026.51	1.01
2014-03-13	7.3	7.52	7.49	7.28	116014.8	0.19	2.6	7.556	7.704	7.878	197953.44	228591.26	290000.73	1.23
2014-03-12	7.45	7.51	7.3	6.98	176031.55	-0.18	-2.41	7.69	7.702	7.906	218475.48	237158.62	315888.28	1.87
2014-03-11	7.49	7.57	7.48	7.33	160663.94	-0.06	-0.8	7.878	7.722	7.981	247565.62	249514.11	330540.72	1.71
2014-03-10	8.04	8.18	7.54	7.4	328053.97	-0.43	-5.39	7.978	7.754	8.047	288206.67	275322.43	353695.15	3.49
2014-03-07	8.2	8.38	7.97	7.91	209002.95	-0.19	-2.33	7.974	7.822	8.117	253422.29	260895.37	388259.1	2.22
2014-03-06	8.3	8.46	8.16	8.12	218624.98	-0.08	-0.97	7.852	7.838	8.159	259229.07	263975.17	425838.06	2.32
2014-03-05	7.91	8.37	8.24	7.87	321482.28	0.26	3.26	7.714	7.852	8.152	255841.77	279178.27	438538.27	3.42
2014-03-04	7.47	8.15	7.98	7.43	363869.16	0.46	6.12	7.566	7.846	8.105	251462.59	279706.18	441004.63	3.87
2014-03-03	7.33	7.53	7.52	7.21	154132.06	0.16	2.17	7.53	7.873	8.059	262438.2	279315.7	433744.61	1.64
2014-02-28	7.38	7.53	7.36	7.06	238036.88	-0.11	-1.47	7.67	7.969	8.027	268368.45	315795.75	444095.56	2.53
2014-02-27	7.5	7.8	7.47	7.38	201688.47	-0.03	-0.4	7.824	8.051	8.004	268721.27	351410.2	457307.68	2.14
2014-02-26	7.56	7.61	7.5	7.28	299586.38	-0.3	-3.85	7.99	8.11	7.959	302514.77	394617.94	463226.78	3.19
2014-02-25	8.25	8.6	7.8	7.76	418747.22	-0.42	-5.11	8.126	8.239	7.916	307949.78	411567.33	473933.59	4.45
2014-02-24	8.08	8.22	8.22	8.02	183783.31	0.09	1.11	8.216	8.339	7.858	296193.2	432067.86	483836.63	1.95
2014-02-21	8.25	8.28	8.13	7.99	239800.95	-0.17	-2.05	8.268	8.411	7.749	363223.04	515622.82	481381.92	2.55
2014-02-20	8.2	8.45	8.3	8.0	370655.97	0.12	1.47	8.278	8.48	7.638	434099.14	587700.95	473540.87	3.94
2014-02-19	8.2	8.46	8.18	7.97	326761.44	-0.07	-0.85	8.23	8.452	7.521	486721.11	597898.26	460806.1	3.47
2014-02-18	8.45	8.46	8.25	8.09	359964.31	-0.23	-2.71	8.352	8.363	7.408	515184.89	602303.07	450490.31	3.83
2014-02-17	8.15	8.63	8.48	8.09	518932.53	0.3	3.67	8.462	8.244	7.286	567942.52	588173.53	436191.68	5.52
2014-02-14	8.15	8.33	8.18	7.95	594181.44	0.12	1.49	8.554	8.085	7.15	668022.61	572395.37	415474.47	6.32
2014-02-13	8.65	8.67	8.06	8.05	633765.81	-0.73	-8.3	8.682	7.956	7.025	741302.77	563205.17	391361.03	6.74
2014-02-12	8.72	8.86	8.79	8.52	469080.34	-0.01	-0.11	8.674	7.807	6.921	709075.42	531835.62	366708.75	4.99
2014-02-11	8.85	8.97	8.8	8.5	623752.5	-0.14	-1.57	8.374	7.592	6.788	689421.25	536299.84	352595.13	6.63
2014-02-10	9.0	9.09	8.94	8.67	1019332.94	0.12	1.36	8.026	7.376	6.647	608404.53	535605.4	326485.27	10.84
2014-02-07	8.5	8.82	8.82	8.38	960582.25	0.8	9.97	7.616	7.086	6.496	476768.14	447141.01	283004.46	10.21
2014-01-30	7.49	8.02	8.02	7.49	472629.06	0.73	10.01	7.23	6.796	6.364	385107.56	359380.79	242885.07	5.03
2014-01-29	7.2	7.45	7.29	7.09	370809.5	0.23	3.26	6.94	6.589	6.27	354595.82	323713.93	248919.22	3.94
2014-01-28	6.92	7.09	7.06	6.81	218668.91	0.17	2.47	6.81	6.453	6.24	383178.43	298677.56	240257.48	2.33
2014-01-27	6.84	7.07	6.89	6.75	361151.0	0.0	0.0	6.726	6.328	6.212	462806.26	284209.84	236741.75	5.54
2014-01-24	6.57	7.2	6.89	6.49	502279.34	0.32	4.87	6.556	6.215	6.187	417513.87	258553.57	226676.23	7.71
2014-01-23	6.53	6.68	6.57	6.45	320070.34	-0.07	-1.05	6.362	6.094	6.148	333654.01	219516.89	206043.34	4.91
2014-01-22	6.6	6.77	6.64	6.45	513722.56	0.0	0.0	6.238	6.035	6.132	292832.05	201581.88	194156.99	7.89
2014-01-21	6.0	6.64	6.64	5.98	616808.06	0.6	9.93	6.096	5.984	6.105	214176.68	168890.42	172531.65	9.47
2014-01-20	5.89	6.13	6.04	5.81	134689.06	0.12	2.03	5.93	5.918	6.077	105613.42	117365.15	148840.89	2.07
2014-01-17	5.97	6.0	5.92	5.89	82980.02	-0.03	-0.5	5.874	5.906	6.093	99593.26	118867.92	149575.13	1.27
2014-01-16	5.93	5.99	5.95	5.84	115960.54	0.02	0.34	5.826	5.931	6.117	105379.77	126389.36	151331.98	1.78
2014-01-15	5.82	5.95	5.93	5.8	120445.72	0.12	2.06	5.832	5.951	6.148	110331.7	174124.51	149860.06	1.85
2014-01-14	5.76	5.82	5.81	5.7	73991.75	0.05	0.87	5.872	6.026	6.187	123604.17	181837.41	150784.53	1.14
2014-01-13	5.62	5.83	5.76	5.6	104588.27	0.08	1.41	5.906	6.095	6.238	129116.88	189273.65	158387.26	1.61
2014-01-10	5.96	6.03	5.68	5.63	111912.55	-0.3	-5.02	5.938	6.158	6.288	138142.58	194798.9	168199.57	1.72
2014-01-09	6.08	6.16	5.98	5.93	140720.22	-0.15	-2.45	6.036	6.202	6.36	147398.96	192569.78	179478.35	2.16
2014-01-08	6.0	6.19	6.13	5.98	186808.05	0.15	2.51	6.07	6.229	6.428	237917.32	186732.11	199175.72	2.87
2014-01-07	5.93	6.09	5.98	5.91	101555.3	0.06	1.01	6.18	6.225	6.507	240070.65	176172.88	207644.69	1.56
2014-01-06	6.11	6.11	5.92	5.9	149716.8	-0.25	-4.05	6.284	6.235	6.584	249430.43	180316.64	215531.61	2.3
2014-01-03	6.15	6.2	6.17	6.03	158194.44	0.02	0.33	6.378	6.279	6.652	251455.22	180282.34	215155.28	2.43
2014-01-02	6.46	6.48	6.15	6.1	593312.0	-0.53	-7.93	6.368	6.302	6.706	237740.61	176274.6	213644.29	9.11
2013-12-31	6.47	6.75	6.68	6.41	197574.72	0.18	2.77	6.388	6.345	6.767	135546.9	125595.62	199027.83	3.03
2013-12-30	6.36	6.6	6.5	6.29	148354.17	0.11	1.72	6.27	6.348	6.788	112275.1	119731.65	198431.11	2.28
2013-12-27	6.07	6.47	6.39	6.07	159840.77	0.27	4.41	6.186	6.38	6.813	111202.85	127500.87	205212.97	2.45
2013-12-26	6.26	6.34	6.12	6.1	89621.37	-0.13	-2.08	6.18	6.418	6.845	109109.46	141600.23	204900.04	1.38
2013-12-25	6.09	6.26	6.25	6.01	82343.48	0.16	2.63	6.236	6.517	6.882	114808.59	166386.91	206819.17	1.26
2013-12-24	6.06	6.16	6.09	5.99	81215.71	0.01	0.16	6.302	6.626	6.915	115644.33	211619.32	208670.62	1.25
2013-12-23	6.34	6.36	6.08	5.8	142992.94	-0.28	-4.4	6.426	6.789	6.947	127188.2	239116.5	209994.03	2.19
2013-12-20	6.42	6.5	6.36	6.26	149373.81	-0.04	-0.62	6.574	6.932	6.978	143798.88	250746.57	211361.42	2.29
2013-12-19	6.65	6.68	6.4	6.4	118117.03	-0.18	-2.74	6.656	7.025	7.001	174091.0	250028.22	211861.6	1.81
2013-12-18	6.71	6.77	6.58	6.57	86522.15	-0.13	-1.94	6.798	7.11	7.039	217965.23	251013.98	213992.32	1.33
2013-12-17	6.78	6.85	6.71	6.67	138935.09	-0.11	-1.61	6.95	7.189	7.073	307594.32	272460.04	217620.26	2.13
2013-12-16	6.77	6.95	6.82	6.6	226046.3	0.05	0.74	7.152	7.228	7.093	351044.8	277130.58	221249.42	3.47
2013-12-13	6.95	7.0	6.77	6.73	300834.41	-0.34	-4.78	7.29	7.246	7.112	357694.27	282925.07	223769.36	4.62
2013-12-12	7.2	7.44	7.11	7.1	337488.22	-0.23	-3.13	7.394	7.271	7.106	325965.45	268199.85	219392.35	5.18
2013-12-11	7.61	7.62	7.34	7.13	534667.56	-0.38	-4.92	7.422	7.247	7.075	284062.73	247251.42	210668.05	8.21
2013-12-10	7.48	7.76	7.72	7.4	356187.53	0.21	2.8	7.428	7.203	7.018	237325.76	205721.91	188740.28	5.47
2013-12-09	7.26	7.59	7.51	7.16	259293.62	0.22	3.02	7.304	7.105	6.949	203216.35	180871.55	176633.72	3.98
2013-12-06	7.25	7.35	7.29	7.02	142190.3	0.04	0.55	7.202	7.024	6.889	208155.87	171976.27	169239.0	2.18
2013-12-05	7.36	7.39	7.25	7.2	127974.66	-0.12	-1.63	7.148	6.977	6.846	210434.25	173694.98	171338.04	1.96
2013-12-04	7.08	7.45	7.37	7.07	300982.69	0.27	3.8	7.072	6.967	6.828	210440.1	176970.66	170340.91	4.62
2013-12-03	6.83	7.18	7.1	6.75	185640.48	0.1	1.43	6.978	6.956	6.811	174118.06	162780.48	163287.27	2.85
2013-12-02	6.87	7.24	7.0	6.67	283991.22	-0.02	-0.28	6.906	6.958	6.813	158526.76	165368.25	161723.23	4.36
2013-11-29	6.87	7.05	7.02	6.81	153582.2	0.15	2.18	6.846	6.977	6.806	135796.67	164613.65	152030.65	2.36
2013-11-28	6.9	6.98	6.87	6.84	128003.9	-0.03	-0.43	6.806	6.941	6.793	136955.71	170584.86	150970.29	1.96
2013-11-27	6.73	6.96	6.9	6.7	119372.52	0.16	2.37	6.862	6.903	6.794	143501.22	174084.68	152636.5	1.83
2013-11-26	6.71	6.79	6.74	6.61	107683.94	0.04	0.6	6.934	6.833	6.806	151442.91	171758.64	155431.32	1.65
2013-11-25	6.88	7.04	6.7	6.62	170340.77	-0.12	-1.76	7.01	6.793	6.827	172209.75	172395.89	163708.67	2.61
2013-11-22	7.13	7.17	6.82	6.8	159377.44	-0.33	-4.62	7.108	6.753	6.865	193430.63	166501.73	161488.66	2.45
2013-11-21	7.2	7.24	7.15	7.01	160731.41	-0.11	-1.51	7.076	6.714	6.904	204214.0	168981.09	163926.46	2.47
2013-11-20	7.05	7.27	7.26	7.05	159080.97	0.14	1.97	6.944	6.688	6.932	204668.14	163711.17	168842.12	2.44
2013-11-19	7.3	7.31	7.12	7.0	211518.16	-0.07	-0.97	6.732	6.665	6.933	192074.37	163794.05	175797.31	3.25
2013-11-18	6.66	7.2	7.19	6.62	276445.16	0.53	7.96	6.576	6.667	6.968	172582.03	158078.2	181205.17	4.24
2013-11-15	6.46	6.9	6.66	6.41	213294.31	0.17	2.62	6.398	6.634	7.02	139572.84	139447.65	182811.21	3.27
2013-11-14	6.16	6.55	6.49	6.06	163002.12	0.29	4.68	6.352	6.644	7.081	133748.19	131355.72	181617.43	2.5
2013-11-13	6.35	6.42	6.2	6.2	96112.12	-0.14	-2.21	6.432	6.685	7.142	122754.2	131188.33	188315.89	1.48
2013-11-12	6.3	6.43	6.34	6.14	114056.46	0.04	0.64	6.598	6.779	7.233	135513.73	139103.99	202533.65	1.75
2013-11-11	6.44	6.54	6.3	6.2	111399.2	-0.13	-2.02	6.758	6.86	7.349	143574.37	155021.44	210664.42	1.71
2013-11-08	6.84	6.9	6.43	6.42	184171.03	-0.46	-6.68	6.87	6.977	7.474	139322.47	156475.59	221582.44	2.83
2013-11-07	7.03	7.09	6.89	6.87	108032.19	-0.14	-1.99	6.936	7.093	7.599	128963.25	158871.82	241831.29	1.66
2013-11-06	7.1	7.28	7.03	7.0	159909.75	-0.11	-1.54	6.938	7.175	7.688	139622.45	173973.07	271602.89	2.45
2013-11-05	6.95	7.17	7.14	6.81	154359.66	0.28	4.08	6.96	7.201	7.758	142694.26	187800.58	283189.58	2.37
2013-11-04	6.75	6.95	6.86	6.73	90139.71	0.1	1.48	6.962	7.268	7.813	166468.52	204332.15	296611.59	1.38
2013-11-01	6.86	6.9	6.76	6.58	132374.95	-0.14	-2.03	7.084	7.406	7.871	173628.7	226174.77	311464.85	2.03
2013-10-31	7.03	7.1	6.9	6.79	161328.2	-0.24	-3.36	7.25	7.518	7.907	188780.38	231879.13	320498.06	2.48
2013-10-30	7.18	7.25	7.14	6.8	175268.77	-0.01	-0.14	7.412	7.598	7.942	208323.69	245443.45	331172.88	2.69
2013-10-29	7.58	7.7	7.15	6.76	273230.97	-0.32	-4.28	7.442	7.686	7.974	232906.9	265963.31	350380.44	4.19
2013-10-28	7.49	7.61	7.47	7.3	125940.63	-0.12	-1.58	7.574	7.837	8.022	242195.78	266307.39	371295.14	1.93
2013-10-25	7.71	7.74	7.59	7.23	208133.34	-0.12	-1.56	7.728	7.97	8.048	278720.83	286689.3	397105.97	3.19
2013-10-24	7.15	7.77	7.71	7.04	259044.73	0.42	5.76	7.786	8.105	8.031	274977.88	324790.76	407316.39	3.98
2013-10-23	7.65	7.76	7.29	7.04	298184.84	-0.52	-6.66	7.784	8.201	7.996	282563.22	369232.71	424092.96	4.58
2013-10-22	8.15	8.29	7.81	7.71	319675.34	-0.43	-5.22	7.93	8.315	7.991	299019.73	378578.57	439676.3	4.91
2013-10-21	7.89	8.33	8.24	7.67	308565.91	0.36	4.57	8.1	8.358	7.941	290419.01	388891.02	453186.36	4.74
2013-10-18	7.7	7.98	7.88	7.61	189418.59	0.18	2.34	8.212	8.335	7.858	294657.76	396754.94	466138.2	2.91
2013-10-17	8.07	8.23	7.7	7.5	296971.41	-0.32	-3.99	8.424	8.295	7.778	374603.63	409117.0	479745.97	4.56
2013-10-16	8.59	8.63	8.02	7.97	380467.38	-0.64	-7.39	8.618	8.285	7.716	455902.2	416902.3	507618.98	5.84
2013-10-15	8.73	8.94	8.66	8.59	276671.75	-0.14	-1.59	8.7	8.262	7.628	458137.41	434797.57	524696.19	4.25
2013-10-14	8.8	9.05	8.8	8.62	329759.66	-0.14	-1.57	8.616	8.207	7.48	487363.04	476282.88	528490.04	5.06
2013-10-11	8.51	8.99	8.94	8.07	589147.94	0.27	3.11	8.458	8.125	7.321	498852.12	507522.64	525306.78	9.04
2013-10-10	8.8	9.27	8.67	8.6	703464.25	0.24	2.85	8.166	7.956	7.147	443630.36	489842.02	506538.42	10.8
2013-10-09	8.18	8.46	8.43	8.07	391643.47	0.19	2.31	7.952	7.791	6.995	377902.41	478953.2	480216.11	6.01
2013-10-08	8.16	8.4	8.24	7.96	422799.88	0.23	2.87	7.824	7.667	6.851	411457.73	500774.03	469644.63	6.49
2013-09-30	7.45	8.05	8.01	7.45	387205.06	0.53	7.09	7.798	7.523	6.714	465202.73	517481.69	465273.88	5.94
2013-09-27	7.63	7.83	7.48	7.33	313039.16	-0.12	-1.58	7.792	7.381	6.592	516193.15	535521.46	458729.85	4.8
2013-09-26	7.71	7.95	7.6	7.5	374824.47	-0.19	-2.44	7.746	7.26	6.502	536053.67	550374.94	463532.55	5.75
2013-09-25	8.0	8.46	7.79	7.73	559420.06	-0.32	-3.95	7.63	7.146	6.418	580004.0	598335.67	469905.2	8.59
2013-09-24	7.98	8.58	8.11	7.82	691524.88	0.13	1.63	7.51	6.994	6.322	590090.33	614594.8	466503.79	10.61
2013-09-23	7.27	7.98	7.98	7.14	642157.19	0.73	10.07	7.248	6.753	6.196	569760.66	580697.19	451783.97	9.86
2013-09-18	6.93	7.35	7.25	6.93	412341.75	0.23	3.28	6.97	6.517	6.085	554849.77	543090.93	446826.37	6.33
2013-09-17	7.14	7.46	7.02	6.85	594576.12	-0.17	-2.36	6.774	6.338	6.014	564696.21	523234.83	457379.07	9.13
2013-09-16	6.7	7.25	7.19	6.65	609851.69	0.39	5.74	6.662	6.198	5.949	616667.33	481479.01	456542.8	9.36
2013-09-13	6.45	7.06	6.8	6.35	589876.56	0.21	3.19	6.478	6.034	5.869	639099.28	438515.23	449214.43	9.05
2013-09-12	6.21	6.85	6.59	6.18	567602.75	0.32	5.1	6.258	5.905	5.792	591633.73	413066.07	445441.58	8.71
2013-09-11	6.48	6.53	6.27	6.1	461573.91	-0.19	-2.94	6.064	5.802	5.742	531332.09	381938.24	460859.6	7.08
2013-09-10	6.3	6.83	6.46	6.18	854431.75	0.19	3.03	5.902	5.743	5.699	481773.45	376690.16	464389.77	13.11
2013-09-09	5.69	6.27	6.27	5.57	722011.44	0.57	10.0	5.734	5.689	5.621	346290.69	341474.73	430287.49	11.08
2013-09-06	5.6	5.84	5.7	5.58	352548.78	0.08	1.42	5.59	5.65	5.553	237931.19	318412.77	403500.69	5.41
2013-09-05	5.45	5.66	5.62	5.4	266094.56	0.16	2.93	5.552	5.639	5.51	234498.42	322870.74	394429.14	4.08
2013-09-04	5.58	5.63	5.46	5.45	213780.7	-0.16	-2.85	5.54	5.652	5.477	232544.4	350561.81	388598.84	3.28
2013-09-03	5.51	5.68	5.62	5.46	177017.97	0.07	1.26	5.584	5.69	5.45	271606.87	391523.32	390175.41	2.72
2013-09-02	5.4	5.59	5.55	5.3	180213.92	0.04	0.73	5.644	5.699	5.424	336658.76	431606.59	397561.74	2.77
2013-08-30	5.54	5.8	5.51	5.43	335384.94	-0.05	-0.9	5.71	5.703	5.395	398894.36	459913.62	397092.93	5.15
2013-08-29	5.63	5.73	5.56	5.48	256324.45	-0.12	-2.11	5.726	5.678	5.366	411243.05	477817.08	398309.6	3.93
2013-08-28	5.8	5.91	5.68	5.66	409093.06	-0.24	-4.05	5.764	5.682	5.339	468579.23	539780.96	408796.33	6.28
2013-08-27	5.81	6.03	5.92	5.73	502277.44	0.04	0.68	5.796	5.654	5.288	511439.78	552089.38	403826.25	7.71
2013-08-26	5.64	5.99	5.88	5.52	491391.91	0.29	5.19	5.754	5.553	5.229	526554.43	519100.25	396225.46	7.54
2013-08-23	5.7	5.79	5.59	5.41	397128.41	-0.16	-2.78	5.696	5.455	5.172	520932.88	488588.61	387620.07	6.1
2013-08-22	5.86	6.04	5.75	5.64	543005.31	-0.09	-1.54	5.63	5.381	5.15	544391.11	465987.55	383768.38	8.33
2013-08-21	5.64	6.07	5.84	5.58	623395.81	0.13	2.28	5.6	5.302	5.117	610982.69	426635.88	379691.19	9.57
2013-08-20	5.51	5.83	5.71	5.42	577850.69	0.12	2.15	5.512	5.21	5.104	592738.99	388827.5	375224.11	8.87
2013-08-19	5.18	5.68	5.59	5.0	463284.16	0.33	6.27	5.352	5.148	5.072	511646.07	363516.89	364559.56	7.11
2013-08-16	5.47	5.67	5.26	5.23	514419.59	-0.34	-6.07	5.214	5.086	5.043	456244.35	334272.25	359074.86	7.9
2013-08-15	5.6	5.87	5.6	5.41	875963.19	0.2	3.7	5.132	5.053	5.031	387584.0	318802.12	349936.93	13.45
2013-08-14	4.9	5.4	5.4	4.85	532177.31	0.49	9.98	5.004	4.995	4.995	242289.06	277811.7	317060.29	8.17
2013-08-13	4.9	4.97	4.91	4.81	172386.08	0.01	0.2	4.908	4.921	4.968	184916.02	255563.12	302719.15	2.65
2013-08-12	4.84	4.93	4.9	4.79	186275.56	0.05	1.03	4.944	4.904	4.972	215387.71	273350.68	312028.66	2.86
2013-08-09	4.95	5.03	4.85	4.76	171117.84	-0.11	-2.22	4.958	4.889	4.978	212300.16	286651.53	321701.97	2.63
2013-08-08	4.92	4.99	4.96	4.85	149488.52	0.04	0.81	4.974	4.918	4.988	250020.25	301549.2	334250.65	2.29
2013-08-07	5.05	5.08	4.92	4.89	245312.09	-0.17	-3.34	4.986	4.932	4.991	313334.34	332746.51	351047.21	3.77
2013-08-06	4.95	5.23	5.09	4.93	324744.53	0.12	2.41	4.934	4.998	4.998	326210.22	361620.72	361620.72	4.98
2013-08-05	4.89	4.97	4.97	4.86	170837.81	0.04	0.81	4.864	4.988	4.988	331313.65	365718.08	365718.08	2.62
2013-08-02	5.02	5.14	4.93	4.91	359718.31	-0.09	-1.79	4.82	4.99	4.99	361002.89	390078.11	390078.11	5.52
2013-08-01	4.69	5.03	5.02	4.67	466058.97	0.36	7.72	4.862	4.999	4.999	353078.15	394415.22	394415.22	7.15
2013-07-31	4.74	4.9	4.66	4.65	309691.5	-0.08	-1.69	4.878	4.995	4.995	352158.67	382474.6	382474.6	4.75
2013-07-30	4.78	4.85	4.74	4.55	350261.66	-0.01	-0.21	5.062	5.062	5.062	397031.22	397031.22	397031.22	5.38
2013-07-29	5.12	5.12	4.75	4.74	319284.03	-0.39	-7.59	5.143	5.143	5.143	408723.61	408723.61	408723.61	4.9
2013-07-26	5.09	5.29	5.14	4.97	320094.59	0.04	0.78	5.273	5.273	5.273	438536.8	438536.8	438536.8	4.91
2013-07-25	5.55	5.55	5.1	5.08	461461.56	-0.48	-8.6	5.34	5.34	5.34	497757.91	497757.91	497757.91	7.08
2013-07-24	5.65	5.73	5.58	5.39	534054.25	-0.16	-2.79	5.58	5.58	5.58	534054.25	534054.25	534054.25	8.2
