            open  high  close   low     volume  price_change  p_change    ma5  \
date                                                                            
2016-07-22  9.20  9.23   9.10  9.08  125755.19         -0.12     -1.30  9.196   
2016-07-21  9.19  9.32   9.23  9.17  132977.28          0.02      0.22  9.232   
2016-07-20  9.24  9.30   9.21  9.20  100528.00         -0.04     -0.43  9.264   
2016-07-19  9.20  9.26   9.25  9.15  104098.06          0.06      0.65  9.302   
2016-07-18  9.21  9.25   9.19  9.13  123545.37         -0.08     -0.86  9.328   
2016-07-15  9.39  9.40   9.28  9.21  175194.34         -0.12     -1.28  9.334   
2016-07-14  9.43  9.43   9.39  9.31  151856.19         -0.01     -0.11  9.334   
2016-07-13  9.39  9.47   9.40  9.35  245834.95          0.03      0.32  9.318   
2016-07-12  9.23  9.40   9.38  9.12  239132.59          0.16      1.74  9.306   
2016-07-11  9.28  9.36   9.22  9.20  181987.52         -0.07     -0.75  9.298   
2016-07-08  9.30  9.37   9.28  9.21  160165.86         -0.03     -0.32  9.326   
2016-07-07  9.30  9.41   9.31  9.19  199399.91         -0.03     -0.32  9.288   
2016-07-06  9.35  9.40   9.34  9.21  194648.55          0.00      0.00  9.264   
2016-07-05  9.30  9.38   9.34  9.26  215249.44         -0.01     -0.11  9.224   
2016-07-04  9.06  9.58   9.36  9.01  352152.72          0.28      3.08  9.202   
2016-07-01  9.22  9.24   9.09  9.00  174593.91         -0.10     -1.09  9.124   
2016-06-30  9.15  9.26   9.19  9.10  219288.80          0.05      0.55  9.060   
2016-06-29  9.25  9.27   9.14  9.08  245162.41         -0.10     -1.08  9.014   
2016-06-28  8.92  9.38   9.23  8.88  415491.50          0.25      2.78  8.996   
2016-06-27  8.70  9.00   8.97  8.65  199708.50          0.20      2.28  8.926   
2016-06-24  8.93  8.99   8.77  8.55  203845.53         -0.17     -1.90  8.916   
2016-06-23  8.98  9.02   8.96  8.86  128721.28         -0.09     -0.99  8.954   
2016-06-22  8.81  9.06   9.05  8.73  149843.69          0.17      1.91  8.944   
2016-06-21  8.98  9.23   8.88  8.83  195802.38         -0.03     -0.34  8.938   
2016-06-20  8.98  8.98   8.92  8.72  110873.62         -0.05     -0.56  8.912   
2016-06-17  8.95  9.10   8.96  8.89  150467.75          0.06      0.67  8.866   
2016-06-16  8.99  9.05   8.91  8.86  144703.88         -0.12     -1.33  8.930   
2016-06-15  8.60  9.15   9.02  8.56  216474.19          0.27      3.09  9.008   
2016-06-14  8.68  8.79   8.75  8.65  132357.25          0.08      0.92  9.082   
2016-06-13  9.10  9.15   8.69  8.65  245627.19         -0.59     -6.36  9.236   
...          ...   ...    ...   ...        ...           ...       ...    ...   
2013-09-03  5.51  5.68   5.62  5.46  177017.97          0.07      1.26  5.584   
2013-09-02  5.40  5.59   5.55  5.30  180213.92          0.04      0.73  5.644   
2013-08-30  5.54  5.80   5.51  5.43  335384.94         -0.05     -0.90  5.710   
2013-08-29  5.63  5.73   5.56  5.48  256324.45         -0.12     -2.11  5.726   
2013-08-28  5.80  5.91   5.68  5.66  409093.06         -0.24     -4.05  5.764   
2013-08-27  5.81  6.03   5.92  5.73  502277.44          0.04      0.68  5.796   
2013-08-26  5.64  5.99   5.88  5.52  491391.91          0.29      5.19  5.754   
2013-08-23  5.70  5.79   5.59  5.41  397128.41         -0.16     -2.78  5.696   
2013-08-22  5.86  6.04   5.75  5.64  543005.31         -0.09     -1.54  5.630   
2013-08-21  5.64  6.07   5.84  5.58  623395.81          0.13      2.28  5.600   
2013-08-20  5.51  5.83   5.71  5.42  577850.69          0.12      2.15  5.512   
2013-08-19  5.18  5.68   5.59  5.00  463284.16          0.33      6.27  5.352   
2013-08-16  5.47  5.67   5.26  5.23  514419.59         -0.34     -6.07  5.214   
2013-08-15  5.60  5.87   5.60  5.41  875963.19          0.20      3.70  5.132   
2013-08-14  4.90  5.40   5.40  4.85  532177.31          0.49      9.98  5.004   
2013-08-13  4.90  4.97   4.91  4.81  172386.08          0.01      0.20  4.908   
2013-08-12  4.84  4.93   4.90  4.79  186275.56          0.05      1.03  4.944   
2013-08-09  4.95  5.03   4.85  4.76  171117.84         -0.11     -2.22  4.958   
2013-08-08  4.92  4.99   4.96  4.85  149488.52          0.04      0.81  4.974   
2013-08-07  5.05  5.08   4.92  4.89  245312.09         -0.17     -3.34  4.986   
2013-08-06  4.95  5.23   5.09  4.93  324744.53          0.12      2.41  4.934   
2013-08-05  4.89  4.97   4.97  4.86  170837.81          0.04      0.81  4.864   
2013-08-02  5.02  5.14   4.93  4.91  359718.31         -0.09     -1.79  4.820   
2013-08-01  4.69  5.03   5.02  4.67  466058.97          0.36      7.72  4.862   
2013-07-31  4.74  4.90   4.66  4.65  309691.50         -0.08     -1.69  4.878   
2013-07-30  4.78  4.85   4.74  4.55  350261.66         -0.01     -0.21  5.062   
2013-07-29  5.12  5.12   4.75  4.74  319284.03         -0.39     -7.59  5.143   
2013-07-26  5.09  5.29   5.14  4.97  320094.59          0.04      0.78  5.273   
2013-07-25  5.55  5.55   5.10  5.08  461461.56         -0.48     -8.60  5.340   
2013-07-24  5.65  5.73   5.58  5.39  534054.25         -0.16     -2.79  5.580   

             ma10   ma20      v_ma5     v_ma10     v_ma20  turnover  
date                                                                 
2016-07-22  9.265  9.245  117380.78  158090.95  197838.55      0.63  
2016-07-21  9.283  9.229  127268.61  161532.02  201743.07      0.67  
2016-07-20  9.291  9.215  131044.39  168174.28  201530.27      0.51  
2016-07-19  9.304  9.207  160105.78  177586.33  203996.06      0.52  
2016-07-18  9.313  9.189  187112.69  188701.47  208581.27      0.62  
2016-07-15  9.330  9.175  198801.12  211562.21  207947.68      0.88  
2016-07-14  9.311  9.159  195795.42  211502.16  206711.36      0.76  
2016-07-13  9.291  9.135  205304.17  218245.43  206353.74      1.24  
2016-07-12  9.265  9.116  195066.89  218178.17  204885.70      1.20  
2016-07-11  9.250  9.085  190290.26  235814.06  199546.93      0.92  
2016-07-08  9.225  9.058  224323.30  237586.16  202728.92      0.81  
2016-07-07  9.174  9.058  227208.91  241954.13  203561.19      1.00  
2016-07-06  9.139  9.058  231186.68  234886.26  202612.53      0.98  
2016-07-05  9.110  9.060  241289.46  230405.78  206479.12      1.08  
2016-07-04  9.064  9.069  281337.87  228461.07  224231.02      1.77  
2016-07-01  9.020  9.064  250849.02  204333.16  226969.85      0.88  
2016-06-30  9.007  9.063  256699.35  201920.55  235206.08      1.10  
2016-06-29  8.979  9.062  238585.84  194462.05  248798.98      1.23  
2016-06-28  8.967  9.029  219522.10  191593.23  240591.90      2.09  
2016-06-27  8.919  8.996  175584.28  163279.81  224722.93      1.00  
2016-06-24  8.891  8.980  157817.30  167871.68  220987.53      1.03  
2016-06-23  8.942  8.972  147141.74  165168.25  217783.71      0.65  
2016-06-22  8.976  8.954  150338.26  170338.80  217006.33      0.75  
2016-06-21  9.010  8.940  163664.36  182552.47  216812.03      0.99  
2016-06-20  9.074  8.933  150975.34  220000.97  213870.59      0.56  
2016-06-17  9.107  8.918  177926.05  249606.53  216649.29      0.76  
2016-06-16  9.118  8.896  183194.76  268491.62  215532.18      0.73  
2016-06-15  9.144  8.891  190339.34  303135.90  217724.10      1.09  
2016-06-14  9.091  8.872  201440.57  289590.57  211645.27      0.67  
2016-06-13  9.073  8.861  289026.60  286166.05  208616.76      1.24  
...           ...    ...        ...        ...        ...       ...  
2013-09-03  5.690  5.450  271606.87  391523.32  390175.41      2.72  
2013-09-02  5.699  5.424  336658.76  431606.59  397561.74      2.77  
2013-08-30  5.703  5.395  398894.36  459913.62  397092.93      5.15  
2013-08-29  5.678  5.366  411243.05  477817.08  398309.60      3.93  
2013-08-28  5.682  5.339  468579.23  539780.96  408796.33      6.28  
2013-08-27  5.654  5.288  511439.78  552089.38  403826.25      7.71  
2013-08-26  5.553  5.229  526554.43  519100.25  396225.46      7.54  
2013-08-23  5.455  5.172  520932.88  488588.61  387620.07      6.10  
2013-08-22  5.381  5.150  544391.11  465987.55  383768.38      8.33  
2013-08-21  5.302  5.117  610982.69  426635.88  379691.19      9.57  
2013-08-20  5.210  5.104  592738.99  388827.50  375224.11      8.87  
2013-08-19  5.148  5.072  511646.07  363516.89  364559.56      7.11  
2013-08-16  5.086  5.043  456244.35  334272.25  359074.86      7.90  
2013-08-15  5.053  5.031  387584.00  318802.12  349936.93     13.45  
2013-08-14  4.995  4.995  242289.06  277811.70  317060.29      8.17  
2013-08-13  4.921  4.968  184916.02  255563.12  302719.15      2.65  
2013-08-12  4.904  4.972  215387.71  273350.68  312028.66      2.86  
2013-08-09  4.889  4.978  212300.16  286651.53  321701.97      2.63  
2013-08-08  4.918  4.988  250020.25  301549.20  334250.65      2.29  
2013-08-07  4.932  4.991  313334.34  332746.51  351047.21      3.77  
2013-08-06  4.998  4.998  326210.22  361620.72  361620.72      4.98  
2013-08-05  4.988  4.988  331313.65  365718.08  365718.08      2.62  
2013-08-02  4.990  4.990  361002.89  390078.11  390078.11      5.52  
2013-08-01  4.999  4.999  353078.15  394415.22  394415.22      7.15  
2013-07-31  4.995  4.995  352158.67  382474.60  382474.60      4.75  
2013-07-30  5.062  5.062  397031.22  397031.22  397031.22      5.38  
2013-07-29  5.143  5.143  408723.61  408723.61  408723.61      4.90  
2013-07-26  5.273  5.273  438536.80  438536.80  438536.80      4.91  
2013-07-25  5.340  5.340  497757.91  497757.91  497757.91      7.08  
2013-07-24  5.580  5.580  534054.25  534054.25  534054.25      8.20  

[594 rows x 14 columns]