            open  high  close   low     volume  price_change  p_change    ma5  \
date                                                                            
2016-07-22  6.45  6.57   6.31  6.26  166586.94         -0.14     -2.17  6.342   
2016-07-21  6.45  6.49   6.45  6.34  153238.83          0.02      0.31  6.280   
2016-07-20  6.24  6.60   6.43  6.24  278124.22          0.17      2.72  6.160   
2016-07-19  6.20  6.27   6.26  6.13  146687.03          0.00      0.00  6.046   
2016-07-18  6.03  6.48   6.26  6.03  450399.31          0.26      4.33  5.950   
2016-07-15  5.86  6.02   6.00  5.85  145170.70          0.15      2.56  5.854   
2016-07-14  5.85  5.88   5.85  5.82   54587.32          0.00      0.00  5.816   
2016-07-13  5.79  5.92   5.86  5.79  114124.27          0.07      1.21  5.804   
2016-07-12  5.75  5.81   5.78  5.70   92330.19          0.00      0.00  5.796   
2016-07-11  5.75  5.86   5.78  5.75   78313.61          0.03      0.52  5.786   
2016-07-08  5.80  5.82   5.81  5.75   50650.24          0.02      0.34  5.776   
2016-07-07  5.81  5.85   5.79  5.75   88693.95         -0.03     -0.52  5.748   
2016-07-06  5.72  5.88   5.82  5.71  103358.90          0.08      1.39  5.722   
2016-07-05  5.74  5.77   5.73  5.71   69108.28          0.01      0.17  5.702   
2016-07-04  5.62  5.75   5.73  5.60  110326.20          0.06      1.06  5.660   
2016-07-01  5.66  5.72   5.67  5.63   52619.37          0.01      0.18  5.614   
2016-06-30  5.67  5.73   5.66  5.64  100391.29         -0.06     -1.05  5.572   
2016-06-29  5.52  5.74   5.72  5.45  203963.12          0.20      3.62  5.544   
2016-06-28  5.47  5.52   5.52  5.43   85865.00          0.02      0.36  5.502   
2016-06-27  5.42  5.50   5.50  5.40   78622.00          0.05      0.92  5.482   
2016-06-24  5.53  5.55   5.46  5.38   75834.01         -0.06     -1.09  5.474   
2016-06-23  5.54  5.54   5.52  5.48   44431.12          0.01      0.18  5.482   
2016-06-22  5.42  5.54   5.51  5.42   61983.51          0.09      1.66  5.472   
2016-06-21  5.49  5.55   5.42  5.40   74144.00         -0.04     -0.73  5.488   
2016-06-20  5.50  5.50   5.46  5.40   52085.20         -0.04     -0.73  5.506   
2016-06-17  5.49  5.59   5.50  5.46   69149.69          0.03      0.55  5.492   
2016-06-16  5.58  5.60   5.47  5.43   99074.47         -0.12     -2.15  5.522   
2016-06-15  5.43  5.63   5.59  5.38   93936.90          0.08      1.45  5.560   
2016-06-14  5.38  5.60   5.51  5.35   91165.45          0.13      2.42  5.580   
2016-06-13  5.60  5.60   5.39  5.35  125492.92         -0.26     -4.60  5.622   
...          ...   ...    ...   ...        ...           ...       ...    ...   
2013-09-03  3.63  3.68   3.65  3.61   93999.16          0.00      0.00  3.680   
2013-09-02  3.79  3.84   3.65  3.60  167467.20         -0.14     -3.69  3.678   
2013-08-30  3.59  3.85   3.79  3.57  311434.31          0.20      5.57  3.642   
2013-08-29  3.68  3.69   3.59  3.57  152898.09         -0.13     -3.50  3.562   
2013-08-28  3.58  3.77   3.72  3.54  253057.38          0.08      2.20  3.532   
2013-08-27  3.48  3.79   3.64  3.45  274145.47          0.17      4.90  3.478   
2013-08-26  3.38  3.48   3.47  3.35   71337.77          0.08      2.36  3.432   
2013-08-23  3.44  3.46   3.39  3.30   58100.22         -0.05     -1.45  3.414   
2013-08-22  3.45  3.52   3.44  3.43   60356.54         -0.01     -0.29  3.398   
2013-08-21  3.40  3.46   3.45  3.39   68113.81          0.04      1.17  3.378   
2013-08-20  3.36  3.46   3.41  3.36   57538.33          0.03      0.89  3.368   
2013-08-19  3.29  3.38   3.38  3.27   34794.28          0.07      2.12  3.366   
2013-08-16  3.33  3.44   3.31  3.31   42969.53         -0.03     -0.90  3.370   
2013-08-15  3.40  3.41   3.34  3.33   36208.79         -0.06     -1.76  3.378   
2013-08-14  3.41  3.44   3.40  3.38   63967.46          0.00      0.00  3.372   
2013-08-13  3.40  3.41   3.40  3.38   49257.60          0.00      0.00  3.352   
2013-08-12  3.34  3.40   3.40  3.34   48446.65          0.05      1.49  3.340   
2013-08-09  3.32  3.36   3.35  3.28   37019.50          0.04      1.21  3.326   
2013-08-08  3.30  3.33   3.31  3.28   27175.49          0.01      0.30  3.316   
2013-08-07  3.34  3.40   3.30  3.30   55365.27         -0.04     -1.20  3.312   
2013-08-06  3.31  3.35   3.34  3.28   42556.02          0.01      0.30  3.292   
2013-08-05  3.30  3.33   3.33  3.27   32982.89          0.03      0.91  3.266   
2013-08-02  3.29  3.35   3.30  3.28   38017.06          0.01      0.30  3.236   
2013-08-01  3.18  3.30   3.29  3.18   49090.32          0.09      2.81  3.222   
2013-07-31  3.19  3.23   3.20  3.19   18515.74         -0.01     -0.31  3.216   
2013-07-30  3.18  3.23   3.21  3.16   24122.28          0.03      0.94  3.236   
2013-07-29  3.21  3.23   3.18  3.17   30002.74         -0.05     -1.55  3.243   
2013-07-26  3.25  3.25   3.23  3.20   28504.29         -0.03     -0.92  3.263   
2013-07-25  3.30  3.33   3.26  3.26   25179.48         -0.04     -1.21  3.280   
2013-07-24  3.30  3.33   3.30  3.26   32971.42         -0.01     -0.30  3.300   

             ma10   ma20      v_ma5     v_ma10     v_ma20  turnover  
date                                                                 
2016-07-22  6.098  5.897  239007.27  167956.24  131158.04      1.78  
2016-07-21  6.048  5.854  234724.02  156362.57  126620.39      1.64  
2016-07-20  5.982  5.808  214993.72  149908.08  121180.01      2.98  
2016-07-19  5.921  5.762  182193.73  132431.55  110372.97      1.57  
2016-07-18  5.868  5.720  171322.36  124673.68  106745.82      4.82  
2016-07-15  5.815  5.680   96905.22   90666.37   86830.11      1.55  
2016-07-14  5.782  5.655   78001.13   81411.23   83029.06      0.58  
2016-07-13  5.763  5.636   84822.45   85991.63   85253.42      1.22  
2016-07-12  5.749  5.622   82669.38   94975.52   84244.05      0.99  
2016-07-11  5.723  5.609   78025.00   94329.00   84185.82      0.84  
2016-07-08  5.695  5.589   84427.51   94359.84   86544.78      0.54  
2016-07-07  5.660  5.581   84821.34   96878.21   86894.47      0.95  
2016-07-06  5.633  5.575   87160.81   92451.93   85634.11      1.11  
2016-07-05  5.602  5.568  107281.65   88314.39   83861.63      0.74  
2016-07-04  5.571  5.568  110633.00   88817.96   83691.93      1.18  
2016-07-01  5.544  5.568  104292.16   82993.86   81042.57      0.56  
2016-06-30  5.527  5.571  108935.08   84646.89   83598.79      1.07  
2016-06-29  5.508  5.571   97743.05   84515.21   83749.00      2.18  
2016-06-28  5.495  5.559   69347.13   73512.59   75426.26      0.92  
2016-06-27  5.494  5.557   67002.93   74042.63   73286.77      0.84  
2016-06-24  5.483  5.559   61695.57   78729.73   71717.49      0.81  
2016-06-23  5.502  5.561   60358.70   76910.72   70208.67      0.48  
2016-06-22  5.516  5.559   71287.37   78816.28   69678.07      0.66  
2016-06-21  5.534  5.561   77678.05   79408.86   69616.90      0.79  
2016-06-20  5.564  5.569   81082.34   78565.90   70371.26      0.56  
2016-06-17  5.592  5.565   95763.89   79091.29   70020.96      0.74  
2016-06-16  5.614  5.560   93462.74   82550.69   69509.33      1.06  
2016-06-15  5.634  5.566   86345.19   82982.79   68156.20      1.00  
2016-06-14  5.622  5.566   81139.67   77339.92   65627.29      0.98  
2016-06-13  5.619  5.566   76049.46   72530.90   63260.05      1.34  
...           ...    ...        ...        ...        ...       ...  
2013-09-03  3.579  3.470  195771.23  151091.00   98182.64      1.70  
2013-09-02  3.555  3.454  231800.49  147444.91   95610.49      3.03  
2013-08-30  3.528  3.438  212574.60  134177.62   88886.27      5.63  
2013-08-29  3.480  3.414  161907.79  107331.14   75215.41      2.76  
2013-08-28  3.455  3.399  143399.48   95662.21   70025.02      4.57  
2013-08-27  3.423  3.373  106410.76   76753.22   58297.94      4.95  
2013-08-26  3.399  3.351   63089.33   54264.43   45796.78      1.29  
2013-08-23  3.392  3.337   55780.64   51975.32   43730.03      1.05  
2013-08-22  3.388  3.329   52754.50   49867.25   42250.23      1.09  
2013-08-21  3.375  3.320   47924.95   46549.14   40491.38      1.23  
2013-08-20  3.360  3.312   47095.68   45274.29   38734.26      1.04  
2013-08-19  3.353  3.307   45439.53   43776.06   37744.57      0.63  
2013-08-16  3.348  3.303   48170.01   43594.92   37908.47      0.78  
2013-08-15  3.347  3.302   46980.00   43099.67   37610.76      0.65  
2013-08-14  3.342  3.300   45173.34   44387.83   37698.39      1.16  
2013-08-13  3.322  3.293   43452.90   39842.65   35947.12      0.89  
2013-08-12  3.303  3.286   42112.59   37329.12   34996.37      0.88  
2013-08-09  3.281  3.277   39019.83   35484.73   33961.73      0.67  
2013-08-08  3.269  3.271   39219.35   34633.21   33706.92      0.49  
2013-08-07  3.264  3.267   43602.31   34433.61   34300.68      1.00  
2013-08-06  3.264  3.264   36232.41   32194.22   32194.22      0.77  
2013-08-05  3.256  3.256   32545.66   31042.91   31042.91      0.60  
2013-08-02  3.246  3.246   31949.63   30800.42   30800.42      0.69  
2013-08-01  3.239  3.239   30047.07   29769.47   29769.47      0.89  
2013-07-31  3.230  3.230   25264.91   26549.33   26549.33      0.33  
2013-07-30  3.236  3.236   28156.04   28156.04   28156.04      0.44  
2013-07-29  3.243  3.243   29164.48   29164.48   29164.48      0.54  
2013-07-26  3.263  3.263   28885.06   28885.06   28885.06      0.52  
2013-07-25  3.280  3.280   29075.45   29075.45   29075.45      0.46  
2013-07-24  3.300  3.300   32971.42   32971.42   32971.42      0.60  

[724 rows x 14 columns]