            open  high  close   low      volume  price_change  p_change  \
date                                                                      
2016-07-22  3.80  3.85   3.82  3.75   931432.56          0.02      0.53   
2016-07-21  3.81  3.83   3.80  3.79   381515.50         -0.01     -0.26   
2016-07-20  3.81  3.85   3.82  3.80   400461.06          0.00      0.00   
2016-07-19  3.87  3.87   3.83  3.81   602907.25         -0.04     -1.03   
2016-07-18  3.80  3.90   3.87  3.80  1044972.12          0.05      1.31   
2016-07-15  3.76  3.84   3.82  3.75   844036.38          0.07      1.87   
2016-07-13  3.72  3.78   3.75  3.71  1198049.75          0.04      1.08   
2016-07-12  3.84  3.91   3.90  3.82  1146224.00          0.06      1.56   
2016-07-11  3.83  3.86   3.84  3.81   919658.00          0.02      0.52   
2016-07-08  3.84  3.84   3.83  3.81   552356.12         -0.01     -0.26   
2016-07-07  3.82  3.86   3.84  3.80   840913.75          0.03      0.79   
2016-07-06  3.80  3.83   3.81  3.79   573552.75          0.01      0.26   
2016-07-05  3.81  3.82   3.81  3.78   597287.94         -0.01     -0.26   
2016-07-04  3.80  3.85   3.82  3.79   836399.56          0.01      0.26   
2016-07-01  3.76  3.83   3.81  3.75  1085846.00          0.05      1.33   
2016-06-30  3.74  3.77   3.76  3.73   738257.12          0.02      0.54   
2016-06-29  3.71  3.74   3.74  3.70   821490.44          0.03      0.81   
2016-06-28  3.67  3.71   3.71  3.66   618000.56          0.02      0.54   
2016-06-27  3.62  3.69   3.68  3.61   683027.06          0.04      1.10   
2016-06-24  3.67  3.68   3.63  3.53   796669.25         -0.04     -1.09   
2016-06-23  3.68  3.68   3.66  3.65   434145.41         -0.01     -0.27   
2016-06-22  3.64  3.68   3.67  3.63   555840.75          0.03      0.82   
2016-06-21  3.64  3.66   3.65  3.63   545735.44          0.03      0.83   
2016-06-20  3.64  3.65   3.63  3.62   426243.09         -0.01     -0.28   
2016-06-17  3.63  3.66   3.64  3.62   518468.06          0.01      0.28   
2016-06-16  3.64  3.65   3.62  3.61   639905.00         -0.04     -1.09   
2016-06-15  3.62  3.68   3.66  3.62   538417.25          0.01      0.27   
2016-06-14  3.63  3.66   3.64  3.62   526064.50          0.01      0.28   
2016-06-13  3.68  3.70   3.63  3.62   524075.22         -0.07     -1.89   
2016-06-08  3.70  3.71   3.70  3.68   360600.69          0.00      0.00   
...          ...   ...    ...   ...         ...           ...       ...   
2013-09-03  2.71  2.77   2.75  2.70  1338678.75          0.04      1.48   
2013-09-02  2.71  2.73   2.71  2.69   740231.44          0.00      0.00   
2013-08-30  2.70  2.72   2.71  2.69   811131.19          0.01      0.37   
2013-08-29  2.72  2.73   2.70  2.69   568000.31          0.00      0.00   
2013-08-28  2.71  2.72   2.70  2.69   645215.81         -0.02     -0.73   
2013-08-27  2.72  2.74   2.72  2.70   666227.94          0.00      0.00   
2013-08-26  2.68  2.73   2.72  2.66   751681.12          0.04      1.49   
2013-08-23  2.72  2.73   2.68  2.63   812272.56         -0.03     -1.11   
2013-08-22  2.72  2.75   2.71  2.71   582126.31         -0.02     -0.73   
2013-08-21  2.76  2.76   2.73  2.70   922836.12         -0.02     -0.73   
2013-08-20  2.75  2.80   2.75  2.74   861140.12         -0.01     -0.36   
2013-08-19  2.73  2.79   2.76  2.71  1134384.88          0.00      0.00   
2013-08-16  2.75  3.03   2.76  2.73  2089021.75          0.01      0.36   
2013-08-15  2.77  2.80   2.75  2.74   504739.88         -0.03     -1.08   
2013-08-14  2.79  2.83   2.78  2.76   662381.19         -0.01     -0.36   
2013-08-13  2.78  2.81   2.79  2.76   618074.44          0.00      0.00   
2013-08-12  2.69  2.79   2.79  2.69   999312.56          0.09      3.33   
2013-08-09  2.71  2.72   2.70  2.67   377012.50          0.01      0.37   
2013-08-08  2.70  2.73   2.69  2.68   376335.19         -0.01     -0.37   
2013-08-07  2.72  2.75   2.70  2.69   558687.31         -0.02     -0.73   
2013-08-06  2.73  2.74   2.72  2.71   476460.12         -0.01     -0.37   
2013-08-05  2.71  2.74   2.73  2.69   364597.94          0.02      0.74   
2013-08-02  2.72  2.75   2.71  2.70   458803.12          0.00      0.00   
2013-08-01  2.67  2.72   2.71  2.66   702255.25          0.05      1.88   
2013-07-31  2.67  2.69   2.66  2.65   318577.28          0.01      0.38   
2013-07-30  2.64  2.69   2.65  2.63   493860.62          0.03      1.15   
2013-07-29  2.67  2.67   2.62  2.62   577736.31         -0.06     -2.24   
2013-07-26  2.69  2.71   2.68  2.68   355990.56         -0.02     -0.74   
2013-07-25  2.71  2.72   2.70  2.69   434835.69          0.00      0.00   
2013-07-24  2.73  2.74   2.70  2.67   805654.12         -0.05     -1.82   

              ma5   ma10   ma20       v_ma5     v_ma10     v_ma20  turnover  
date                                                                         
2016-07-22  3.828  3.828  3.795   672257.70  802161.27  780652.86      0.23  
2016-07-21  3.828  3.830  3.787   654778.46  793109.39  755788.50      0.10  
2016-07-20  3.818  3.831  3.780   818085.31  812313.12  764504.76      0.10  
2016-07-19  3.834  3.830  3.772   967237.90  831995.81  771768.48      0.15  
2016-07-18  3.836  3.829  3.762  1030588.05  855345.04  762935.27      0.26  
2016-07-15  3.828  3.823  3.750   932064.85  859432.43  736610.07      0.21  
2016-07-13  3.832  3.817  3.740   931440.32  848854.50  726403.50      0.30  
2016-07-12  3.844  3.816  3.736   806540.92  811198.57  693421.88      0.29  
2016-07-11  3.826  3.797  3.723   696753.71  758376.22  662413.90      0.23  
2016-07-08  3.822  3.781  3.712   680102.02  734713.13  642634.76      0.14  
2016-07-07  3.818  3.761  3.706   786800.00  759144.44  633046.99      0.21  
2016-07-06  3.802  3.743  3.699   766268.67  718467.61  608074.16      0.14  
2016-07-05  3.788  3.729  3.694   815856.21  716696.41  597483.41      0.15  
2016-07-04  3.768  3.713  3.689   819998.74  711541.16  598032.78      0.21  
2016-07-01  3.740  3.694  3.682   789324.24  670525.51  582105.74      0.27  
2016-06-30  3.704  3.677  3.676   731488.89  613787.72  566553.74      0.19  
2016-06-29  3.684  3.663  3.674   670666.54  603952.51  605997.79      0.21  
2016-06-28  3.670  3.655  3.667   617536.61  575645.19  595783.63      0.16  
2016-06-27  3.658  3.648  3.659   603083.58  566451.58  579541.09      0.17  
2016-06-24  3.648  3.643  3.652   551726.79  550556.40  564402.80      0.20  
2016-06-23  3.650  3.650  3.648   496086.55  506949.54  544200.54      0.11  
2016-06-22  3.642  3.654  3.641   537238.47  497680.71  537208.37      0.14  
2016-06-21  3.640  3.658  3.635   533753.77  478270.41  526520.28      0.14  
2016-06-20  3.638  3.664  3.629   529819.58  484524.39  520701.18      0.11  
2016-06-17  3.638  3.669  3.622   549386.01  493685.97  519503.38      0.13  
2016-06-16  3.650  3.675  3.616   517812.53  519319.77  531025.06      0.16  
2016-06-15  3.666  3.684  3.612   458122.95  608043.08  519503.61      0.14  
2016-06-14  3.676  3.678  3.606   422787.04  615922.08  515416.29      0.13  
2016-06-13  3.690  3.669  3.600   439229.21  592630.61  509174.89      0.13  
2016-06-08  3.700  3.660  3.596   437985.93  578249.21  508904.27      0.09  
...           ...    ...    ...         ...        ...        ...       ...  
2013-09-03  2.714  2.713  2.730   820651.50  783840.16  800974.57      0.33  
2013-09-02  2.708  2.713  2.729   686161.34  736086.29  757863.64      0.18  
2013-08-30  2.710  2.718  2.730   688451.27  775501.64  739081.96      0.20  
2013-08-29  2.704  2.723  2.730   688679.55  903290.69  721465.56      0.14  
2013-08-28  2.706  2.728  2.730   691504.75  896964.65  728178.31      0.16  
2013-08-27  2.712  2.736  2.728   747028.81  898681.19  711846.38      0.16  
2013-08-26  2.718  2.743  2.725   786011.25  893865.84  703228.01      0.19  
2013-08-23  2.726  2.750  2.720   862552.00  918628.98  694530.77      0.20  
2013-08-22  2.742  2.752  2.720  1117901.84  875102.98  671716.67      0.14  
2013-08-21  2.750  2.750  2.719  1102424.55  854523.86  664352.14      0.23  
2013-08-20  2.760  2.747  2.718  1050333.56  818108.98  658493.04      0.21  
2013-08-19  2.768  2.744  2.716  1001720.43  779640.98  647827.41      0.28  
2013-08-16  2.774  2.741  2.713   974705.96  702662.29  620796.44      1.10  
2013-08-15  2.762  2.736  2.711   632304.11  539640.43  534430.24      0.27  
2013-08-14  2.750  2.732  2.708   606623.18  559391.96  536285.89      0.35  
2013-08-13  2.734  2.720  2.703   585884.40  525011.57  527879.53      0.33  
2013-08-12  2.720  2.706  2.697   557561.54  512590.19  521437.04      0.53  
2013-08-09  2.708  2.689  2.690   430618.61  470432.56  484677.39      0.20  
2013-08-08  2.710  2.687  2.689   446976.74  468330.37  493649.46      0.20  
2013-08-07  2.714  2.688  2.689   512160.75  474180.42  504314.39      0.30  
2013-08-06  2.706  2.688  2.688   464138.74  498877.10  498877.10      0.25  
2013-08-05  2.692  2.684  2.684   467618.84  501367.88  501367.88      0.19  
2013-08-02  2.670  2.679  2.679   510246.52  518464.12  518464.12      0.24  
2013-08-01  2.664  2.674  2.674   489684.00  526987.12  526987.12      0.37  
2013-07-31  2.662  2.668  2.668   436200.09  497775.76  497775.76      0.17  
2013-07-30  2.670  2.670  2.670   533615.46  533615.46  533615.46      0.26  
2013-07-29  2.675  2.675  2.675   543554.17  543554.17  543554.17      0.31  
2013-07-26  2.693  2.693  2.693   532160.12  532160.12  532160.12      0.19  
2013-07-25  2.700  2.700  2.700   620244.91  620244.91  620244.91      0.23  
2013-07-24  2.700  2.700  2.700   805654.12  805654.12  805654.12      0.43  

[722 rows x 14 columns]