             open   high  close    low    volume  price_change  p_change  \
date                                                                       
2016-07-22  21.58  21.58  21.51  21.20  43691.16         -0.04     -0.19   
2016-07-21  21.56  21.75  21.54  21.50  34953.63         -0.02     -0.09   
2016-07-20  21.68  21.74  21.57  21.52  27327.62         -0.08     -0.37   
2016-07-19  21.65  21.78  21.65  21.45  33890.95         -0.07     -0.32   
2016-07-18  21.84  21.90  21.72  21.55  26686.08         -0.09     -0.41   
2016-07-15  22.00  22.09  21.81  21.75  29345.65         -0.20     -0.91   
2016-07-14  22.08  22.08  22.01  21.74  38274.81         -0.08     -0.36   
2016-07-13  21.95  22.24  22.10  21.83  71129.17          0.11      0.50   
2016-07-12  21.20  22.00  21.99  20.80  70711.00          0.76      3.58   
2016-07-11  21.52  21.54  21.21  21.21  43818.42         -0.29     -1.35   
2016-07-08  21.58  21.67  21.48  21.35  30658.02         -0.18     -0.83   
2016-07-07  21.58  21.74  21.65  21.30  46343.90          0.08      0.37   
2016-07-06  21.31  21.68  21.56  21.20  45221.19          0.25      1.17   
2016-07-05  21.49  21.58  21.32  21.16  60882.56         -0.18     -0.84   
2016-07-04  20.98  21.59  21.52  20.98  41265.36          0.28      1.32   
2016-07-01  21.35  21.55  21.25  21.12  27704.15         -0.01     -0.05   
2016-06-30  21.34  21.69  21.26  21.23  36423.66         -0.04     -0.19   
2016-06-29  21.74  21.74  21.30  21.25  43447.54         -0.14     -0.65   
2016-06-28  21.00  21.56  21.44  20.81  46474.22          0.37      1.76   
2016-06-27  20.25  21.15  21.08  20.18  44508.92          0.73      3.59   
2016-06-24  20.71  20.83  20.32  19.88  43505.20         -0.48     -2.31   
2016-06-23  20.95  20.96  20.80  20.55  37996.46         -0.20     -0.95   
2016-06-22  20.53  21.07  21.03  20.53  47818.35          0.28      1.35   
2016-06-21  20.20  20.98  20.74  20.11  80446.01          0.62      3.08   
2016-06-20  19.68  20.21  20.12  19.68  32637.44          0.18      0.90   
2016-06-17  19.80  20.15  19.95  19.80  30172.53          0.03      0.15   
2016-06-16  19.88  20.05  19.92  19.60  47528.95         -0.10     -0.50   
2016-06-15  19.40  20.29  20.01  19.22  61134.90          0.28      1.42   
2016-06-14  20.08  20.50  20.48  20.05  34838.74          0.18      0.89   
2016-06-13  20.66  20.84  20.30  20.30  36085.81         -0.65     -3.10   
...           ...    ...    ...    ...       ...           ...       ...   
2013-09-03  14.88  14.93  14.86  14.74  22928.78         -0.04     -0.27   
2013-09-02  14.73  14.93  14.90  14.56  22093.43          0.18      1.22   
2013-08-30  14.55  14.89  14.72  14.52  26577.89          0.13      0.89   
2013-08-29  14.70  14.84  14.59  14.50  19448.09         -0.11     -0.75   
2013-08-28  14.79  14.93  14.70  14.61  27657.65         -0.22     -1.48   
2013-08-27  14.85  14.97  14.92  14.73  24198.53          0.07      0.47   
2013-08-26  14.33  14.85  14.85  14.33  32703.61          0.50      3.48   
2013-08-23  14.39  14.52  14.35  14.11  24968.60          0.02      0.14   
2013-08-22  14.26  14.43  14.33  14.24  15814.34         -0.01     -0.07   
2013-08-21  14.18  14.34  14.34  14.10  14808.02          0.15      1.06   
2013-08-20  14.31  14.37  14.19  14.11  21295.99         -0.12     -0.84   
2013-08-19  14.04  14.33  14.31  14.00  20681.39          0.21      1.49   
2013-08-16  14.54  14.75  14.10  14.09  47141.22         -0.54     -3.69   
2013-08-15  14.83  14.99  14.64  14.62  39808.29         -0.40     -2.66   
2013-08-14  15.40  15.45  15.04  14.95  29642.58         -0.30     -1.96   
2013-08-13  15.26  15.47  15.34  15.21  25558.24          0.09      0.59   
2013-08-12  14.98  15.29  15.25  14.86  27002.23          0.32      2.14   
2013-08-09  15.09  15.17  14.93  14.68  22450.18         -0.10     -0.67   
2013-08-08  14.98  15.30  15.03  14.94  28294.54          0.08      0.54   
2013-08-07  14.91  15.39  14.95  14.82  41309.17          0.00      0.00   
2013-08-06  14.62  15.05  14.95  14.49  33822.30          0.25      1.70   
2013-08-05  14.45  14.72  14.70  14.37  22820.19          0.25      1.73   
2013-08-02  14.63  14.73  14.45  14.42  28845.55         -0.16     -1.09   
2013-08-01  14.48  14.67  14.61  14.41  23958.16          0.22      1.53   
2013-07-31  14.12  14.48  14.39  14.12  16971.76          0.29      2.06   
2013-07-30  14.08  14.25  14.10  13.91  12764.89          0.06      0.43   
2013-07-29  14.33  14.34  14.04  14.00  16315.29         -0.36     -2.50   
2013-07-26  14.11  14.55  14.40  14.10  20492.52          0.22      1.55   
2013-07-25  14.36  14.39  14.18  14.05  23166.08         -0.24     -1.66   
2013-07-24  14.58  14.60  14.42  14.15  26961.76         -0.22     -1.50   

               ma5    ma10    ma20     v_ma5    v_ma10    v_ma20  turnover  
date                                                                        
2016-07-22  21.598  21.711  21.549  33309.89  41982.85  42137.90      1.09  
2016-07-21  21.658  21.708  21.489  30440.79  40679.53  42128.60      0.87  
2016-07-20  21.752  21.719  21.452  31105.02  41818.56  42280.74      0.68  
2016-07-19  21.858  21.718  21.425  39865.33  43607.92  43305.28      0.85  
2016-07-18  21.926  21.685  21.380  47229.34  46307.08  45633.03      0.67  
2016-07-15  21.824  21.665  21.300  50655.81  47765.01  45930.60      0.73  
2016-07-14  21.758  21.609  21.207  50918.28  47600.86  45971.95      0.95  
2016-07-13  21.686  21.534  21.102  52532.10  47415.74  46434.65      1.77  
2016-07-12  21.578  21.454  20.998  47350.51  44647.58  45934.94      1.76  
2016-07-11  21.444  21.399  20.922  45384.82  42223.90  44141.33      1.09  
2016-07-08  21.506  21.386  20.877  44874.21  42292.95  43754.70      0.76  
2016-07-07  21.460  21.270  20.850  44283.43  43577.67  43887.60      1.16  
2016-07-06  21.382  21.185  20.822  42299.38  42742.93  43845.19      1.13  
2016-07-05  21.330  21.132  20.775  41944.65  43002.64  42920.17      1.52  
2016-07-04  21.354  21.074  20.749  39062.99  44958.99  41767.23      1.03  
2016-07-01  21.266  20.934  20.705  39711.70  44096.20  41100.42      0.69  
2016-06-30  21.080  20.804  20.673  42871.91  44343.03  41879.92      0.91  
2016-06-29  20.988  20.670  20.636  43186.47  45453.56  42916.80      1.08  
2016-06-28  20.934  20.541  20.553  44060.63  47222.30  41591.09      1.16  
2016-06-27  20.794  20.445  20.469  50854.99  46058.75  40835.02      1.11  
2016-06-24  20.602  20.367  20.389  48480.69  45216.44  40019.24      1.08  
2016-06-23  20.528  20.429  20.342  45814.16  44197.53  39436.03      0.95  
2016-06-22  20.352  20.459  20.281  47720.66  44947.46  38800.70      1.19  
2016-06-21  20.148  20.417  20.216  50383.97  42837.71  37967.22      2.01  
2016-06-20  20.096  20.423  20.153  41262.51  38575.48  35606.87      0.81  
2016-06-17  20.132  20.475  20.108  41952.19  38104.65  35466.83      0.75  
2016-06-16  20.330  20.542  20.073  42580.90  39416.80  35980.16      1.19  
2016-06-15  20.566  20.602  20.067  42174.27  40380.03  35458.64      1.52  
2016-06-14  20.686  20.565  20.064  35291.45  35959.87  33656.46      0.87  
2016-06-13  20.750  20.493  20.021  35888.45  35611.29  33195.42      0.90  
...            ...     ...     ...       ...       ...       ...       ...  
2013-09-03  14.754  14.656  14.717  23741.17  23119.89  26719.14      1.96  
2013-09-02  14.766  14.589  14.722  23995.12  22956.62  27263.81      1.89  
2013-08-30  14.756  14.530  14.712  26117.15  22815.41  27300.15      2.27  
2013-08-29  14.682  14.468  14.698  25795.30  24871.74  27413.54      1.66  
2013-08-28  14.630  14.473  14.699  25068.55  26907.76  27639.04      2.36  
2013-08-27  14.558  14.507  14.684  22498.62  27106.26  27104.74      2.07  
2013-08-26  14.412  14.549  14.643  21918.11  27242.23  26533.06      2.80  
2013-08-23  14.304  14.589  14.602  19513.67  26672.09  25713.65      2.13  
2013-08-22  14.254  14.647  14.605  23948.19  26420.25  25489.84      1.35  
2013-08-21  14.316  14.717  14.597  28746.98  27668.27  25857.43      1.27  
2013-08-20  14.456  14.778  14.601  31713.89  30318.38  26465.12      1.82  
2013-08-19  14.686  14.854  14.623  32566.34  31571.01  26737.18      1.77  
2013-08-16  14.874  14.893  14.640  33830.51  31784.89  27073.61      4.03  
2013-08-15  15.040  14.928  14.672  28892.30  29955.33  25893.16      3.40  
2013-08-14  15.118  14.925  14.674  26589.55  28370.31  25023.47      2.53  
2013-08-13  15.100  14.860  14.649  28922.87  27103.23  24715.52      2.19  
2013-08-12  15.022  14.736  14.600  30575.68  25823.90  24655.33      2.31  
2013-08-09  14.912  14.615  14.550  29739.28  24755.20  24474.80      1.92  
2013-08-08  14.816  14.562  14.518  31018.35  24559.44  24643.52      2.42  
2013-08-07  14.732  14.477  14.472  30151.07  24046.59  24311.61      3.53  
2013-08-06  14.620  14.424  14.424  25283.59  22611.85  22611.85      2.89  
2013-08-05  14.450  14.366  14.366  21072.11  21366.24  21366.24      1.95  
2013-08-02  14.318  14.324  14.324  19771.13  21184.50  21184.50      2.47  
2013-08-01  14.308  14.306  14.306  18100.52  20090.07  20090.07      2.05  
2013-07-31  14.222  14.255  14.255  17942.11  19445.38  19445.38      1.45  
2013-07-30  14.228  14.228  14.228  19940.11  19940.11  19940.11      1.09  
2013-07-29  14.260  14.260  14.260  21733.91  21733.91  21733.91      1.40  
2013-07-26  14.333  14.333  14.333  23540.12  23540.12  23540.12      1.75  
2013-07-25  14.300  14.300  14.300  25063.92  25063.92  25063.92      1.98  
2013-07-24  14.420  14.420  14.420  26961.76  26961.76  26961.76      2.31  

[716 rows x 14 columns]