             open   high  close    low     volume  price_change  p_change  \
date                                                                        
2016-07-22  23.59  23.67  23.33  23.30   47932.00         -0.29     -1.23   
2016-07-21  23.86  23.95  23.61  23.61   63218.00         -0.25     -1.05   
2016-07-20  24.15  24.15  23.86  23.78   48818.00         -0.27     -1.12   
2016-07-19  23.84  24.24  24.15  23.69   66246.53          0.41      1.73   
2016-07-18  23.90  23.95  23.75  23.61   54121.16         -0.29     -1.21   
2016-07-15  24.21  24.30  24.05  23.93   55651.22         -0.17     -0.70   
2016-07-14  24.30  24.45  24.22  23.95   71097.04         -0.02     -0.08   
2016-07-13  24.55  24.70  24.28  24.05  111137.02         -0.07     -0.29   
2016-07-12  23.85  24.38  24.38  23.34  111394.76          0.60      2.52   
2016-07-11  24.00  24.29  23.75  23.73  110632.86         -0.35     -1.45   
2016-07-08  24.14  24.36  24.08  23.83  131620.11         -0.35     -1.43   
2016-07-07  23.01  24.88  24.39  22.98  209038.55          1.24      5.36   
2016-07-06  23.30  23.30  23.16  22.65  135551.41         -0.14     -0.60   
2016-07-05  23.85  23.96  23.31  23.16  285117.41         -0.71     -2.96   
2016-07-04  23.30  24.08  24.01  23.30   60682.50          0.36      1.52   
2016-07-01  23.61  23.78  23.66  23.38   29798.34          0.06      0.25   
2016-06-30  23.69  23.80  23.69  23.46   33885.64         -0.16     -0.67   
2016-06-29  23.68  24.15  23.84  23.43   60368.30          0.11      0.46   
2016-06-28  22.89  23.80  23.73  22.73   57878.96          0.68      2.95   
2016-06-27  22.30  23.14  23.05  22.20   29563.61          0.46      2.04   
2016-06-24  23.14  23.27  22.59  22.09   35956.00         -0.55     -2.38   
2016-06-23  23.41  23.50  23.13  22.92   28100.05         -0.31     -1.32   
2016-06-22  22.90  23.45  23.42  22.85   33615.66          0.44      1.92   
2016-06-21  23.50  23.82  22.99  22.80   38404.80         -0.52     -2.21   
2016-06-20  22.88  23.58  23.51  22.40   43836.13          0.58      2.53   
2016-06-17  22.77  23.22  22.94  22.77   30848.77          0.17      0.75   
2016-06-16  23.00  23.17  22.80  22.66   27068.52         -0.29     -1.26   
2016-06-15  22.16  23.23  23.07  22.00   38443.25          0.72      3.22   
2016-06-14  22.12  22.38  22.38  22.02   16727.31          0.25      1.13   
2016-06-13  23.05  23.16  22.14  22.10   33872.06         -1.46     -6.19   
...           ...    ...    ...    ...        ...           ...       ...   
2015-08-10  42.40  45.65  44.38  41.02  172153.06          1.85      4.35   
2015-08-07  41.20  43.58  42.53  40.70  145767.70          0.66      1.58   
2015-08-06  43.50  44.74  41.91  40.38  160497.36         -2.65     -5.95   
2015-08-05  40.77  46.66  44.47  40.03  229884.25          1.55      3.61   
2015-08-04  48.99  49.20  42.92  42.92  309971.09         -4.77    -10.00   
2015-08-03  43.12  47.69  47.69  42.00  288730.81          4.34     10.01   
2015-07-31  38.00  43.35  43.35  37.68  277211.06          3.94     10.00   
2015-07-30  38.94  41.58  39.25  37.96  241430.59          1.41      3.73   
2015-07-29  35.15  37.84  37.84  33.35  148394.23          3.44     10.00   
2015-07-28  31.46  36.35  34.38  30.88  147490.34          0.13      0.38   
2015-07-27  36.80  39.89  34.25  34.25  175560.38         -3.81    -10.01   
2015-07-24  39.73  41.60  38.08  37.02  234897.16          0.11      0.29   
2015-07-23  34.71  37.97  37.97  34.49  118470.98          3.45      9.99   
2015-07-22  35.69  35.82  34.53  33.50  119246.61         -1.30     -3.63   
2015-07-21  34.29  36.50  35.84  33.50  131809.89          0.63      1.79   
2015-07-20  36.30  37.95  35.25  34.10  146213.72         -2.10     -5.62   
2015-07-17  36.50  38.60  37.34  34.50  185633.59          1.09      3.01   
2015-07-16  36.25  40.38  36.27  36.25  185020.75         -4.01     -9.96   
2015-07-15  41.90  43.35  40.28  40.28  117145.57         -4.47     -9.99   
2015-07-14  42.00  44.75  44.75  40.01  298122.28          4.07     10.01   
2015-07-13  40.00  40.68  40.68  38.03  181597.73          3.70     10.01   
2015-07-10  35.00  36.98  36.98  34.00  159073.53          3.36      9.99   
2015-07-09  27.50  33.62  33.62  27.50  221478.30          3.06     10.01   
2015-07-07  30.56  30.56  30.56  30.56   25437.00         -3.39     -9.98   
2015-07-06  41.04  41.04  33.91  33.58  287299.97         -3.40     -9.11   
2015-07-03  35.00  37.31  37.31  30.54  344882.12          3.39      9.99   
2015-07-02  33.92  33.92  33.92  33.92    4579.50          3.08      9.99   
2015-07-01  30.84  30.84  30.84  30.84     338.00          2.80      9.99   
2015-06-30  28.04  28.04  28.04  28.04     711.00          2.55     10.00   
2015-06-29  25.49  25.49  25.49  25.49     741.00          7.79     44.01   

               ma5    ma10    ma20      v_ma5     v_ma10     v_ma20  turnover  
date                                                                           
2016-07-22  23.740  23.938  23.815   56067.14   74024.86   88687.67      2.65  
2016-07-21  23.884  24.013  23.778   57610.98   82393.67   88088.87      3.50  
2016-07-20  24.006  24.091  23.754   59186.79   96975.73   86332.97      2.70  
2016-07-19  24.090  24.021  23.732   71650.59  105649.07   85572.86      3.67  
2016-07-18  24.136  23.937  23.674   80680.24  127536.15   84180.77      2.99  
2016-07-15  24.136  23.963  23.662   91982.58  128192.29   83666.52      3.08  
2016-07-14  24.142  23.924  23.607  107176.36  125607.00   82426.40      3.93  
2016-07-13  24.176  23.871  23.536  134764.66  121885.86   80224.97      6.15  
2016-07-12  23.952  23.827  23.475  139647.54  116808.99   76590.28      6.16  
2016-07-11  23.738  23.762  23.375  174392.07  111457.41   71856.91      6.12  
2016-07-08  23.790  23.692  23.295  164402.00  103350.48   68018.87      7.28  
2016-07-07  23.706  23.543  23.272  144037.64   93784.07   63318.30     11.57  
2016-07-06  23.566  23.417  23.256  109007.06   75690.22   55369.39      7.50  
2016-07-05  23.702  23.443  23.274   93970.44   65496.65   50346.19     15.78  
2016-07-04  23.786  23.411  23.297   48522.75   40825.39   39348.91      3.36  
2016-07-01  23.594  23.361  23.240   42298.97   39140.75   37928.00      1.65  
2016-06-30  23.380  23.289  23.188   43530.50   39245.79   38304.98      1.88  
2016-06-29  23.268  23.200  23.138   42373.38   38564.08   38742.72     10.27  
2016-06-28  23.184  23.123  23.034   37022.86   36371.58   36425.68      9.84  
2016-06-27  23.036  22.988  22.952   33128.02   32256.41   34647.43      5.03  
2016-06-24  23.128  22.897  22.894   35982.53   32687.25   33912.93      6.11  
2016-06-23  23.198  23.001  22.856   34961.08   32852.52   32808.45      4.78  
2016-06-22  23.132  23.094  22.790   34754.78   35048.56   32174.82      5.72  
2016-06-21  23.062  23.104  22.728   35720.29   35195.73   31545.89      6.53  
2016-06-20  22.940  23.183  22.662   31384.80   37872.44   30352.56      7.46  
2016-06-17  22.666  23.119  22.561   29391.98   36715.26   29133.29      5.25  
2016-06-16  22.804  23.086  22.475   30743.96   37364.17   28749.15      4.60  
2016-06-15  23.056  23.076  22.439   35342.35   38921.36   28342.28      6.54  
2016-06-14  23.146  22.944  22.400   34671.16   36479.78   27468.58      2.84  
2016-06-13  23.426  22.915  22.385   44360.08   37038.46   27414.78      5.76  
...            ...     ...     ...        ...        ...        ...       ...  
2015-08-10  43.242  41.872  39.664  203654.69  212153.05  191682.57     29.28  
2015-08-07  43.904  40.859  39.479  226970.24  212493.78  192154.80     24.79  
2015-08-06  44.068  40.414  39.202  253258.91  221406.73  192820.10     27.30  
2015-08-05  43.536  40.020  38.787  269445.56  217204.09  195869.14     39.10  
2015-08-04  42.210  39.026  38.092  253147.56  206140.33  185646.78     52.72  
2015-08-03  40.502  38.318  37.641  220651.41  188324.21  184513.22     49.10  
2015-07-31  37.814  37.074  37.122  198017.32  174072.50  187320.79     47.14  
2015-07-30  36.760  36.473  36.651  189554.54  164914.75  173689.21     41.06  
2015-07-29  36.504  36.175  36.230  164962.62  159273.76  161634.58     25.24  
2015-07-28  35.842  36.419  35.740  159133.09  156148.90  154250.42     25.08  
2015-07-27  36.134  37.456  35.296  155997.00  171212.09  146912.95     29.86  
2015-07-24  36.334  38.099  35.351  150127.67  171815.83  145405.19     39.95  
2015-07-23  36.186  37.989  35.199  140274.96  164233.47  140433.42     20.15  
2015-07-22  35.846  37.554  35.036  153584.91  174534.20  141725.33     20.28  
2015-07-21  36.996  37.157  35.068  153164.70  165153.24  143130.25     22.42  
2015-07-20  38.778  36.964  35.016  186427.18  180702.24  143884.94     24.87  
2015-07-17  39.864  37.170  34.999  193503.98  200569.08  143718.60     31.57  
2015-07-16  39.792  36.828  34.819  188191.97  182463.68  140494.37     31.47  
2015-07-15  39.262  36.285  34.698  195483.48  163995.40  136783.83     19.92  
2015-07-14  37.318  35.061  34.191  177141.77  152351.94  138569.13     50.70  
2015-07-13  35.150  33.135  33.135  174977.31  122613.81  122613.81     30.88  
2015-07-10  34.476  32.297  32.297  207634.18  116060.05  116060.05     27.05  
2015-07-09  33.864  31.711  31.711  176735.38  110683.36  110683.36     37.67  
2015-07-07  33.308  31.439  31.439  132507.32   94855.51   94855.51      4.33  
2015-07-06  32.804  31.585  31.585  127562.12  106425.27  106425.27     48.86  
2015-07-03  31.120  31.120  31.120   70250.32   70250.32   70250.32     58.65  
2015-07-02  29.573  29.573  29.573    1592.38    1592.38    1592.38      0.78  
2015-07-01  28.123  28.123  28.123     596.67     596.67     596.67      0.06  
2015-06-30  26.765  26.765  26.765     726.00     726.00     726.00      0.12  
2015-06-29  25.490  25.490  25.490     741.00     741.00     741.00      0.13  

[262 rows x 14 columns]