             open   high  close    low     volume  price_change  p_change  \
date                                                                        
2016-07-22  36.00  36.00  32.09  31.70  132860.73         -1.68     -4.97   
2016-07-21  33.77  33.77  33.77  33.77    8732.27          3.07     10.00   
2016-07-20  30.70  30.70  30.70  30.70    1909.01          2.79     10.00   
2016-07-19  27.91  27.91  27.91  27.91     540.06          2.54     10.01   
2016-03-29  25.38  25.76  25.60  24.72   36743.61          0.30      1.19   
2016-03-28  25.60  26.20  25.30  25.18   32390.88         -0.25     -0.98   
2016-03-25  25.28  25.90  25.56  24.96   30141.46          0.25      0.99   
2016-03-24  25.91  26.05  25.29  25.29   45804.66         -1.00     -3.80   
2016-03-23  25.20  26.49  26.29  25.04   46203.77          1.06      4.20   
2016-03-22  25.58  25.70  25.25  24.90   35353.46         -0.60     -2.32   
2016-03-21  25.21  25.87  25.85  25.05   60486.35          1.01      4.07   
2016-03-18  23.51  24.99  24.83  23.36   48241.13          1.51      6.47   
2016-03-17  22.88  23.58  23.33  22.73   26264.50          0.64      2.82   
2016-03-16  23.67  23.67  22.69  22.61   17603.28         -0.55     -2.37   
2016-03-15  23.73  23.82  23.23  23.10   28279.00         -0.75     -3.13   
2016-03-14  23.06  24.31  24.00  23.06   41245.46          1.06      4.62   
2016-03-11  22.70  23.15  22.93  22.22   12707.18          0.15      0.66   
2016-03-10  22.52  22.88  22.78  22.30   12064.60          0.26      1.16   
2016-03-09  22.55  22.96  22.53  22.25   10311.10         -0.58     -2.51   
2016-03-08  22.84  23.14  23.13  21.77   18396.19          0.32      1.40   
2016-03-07  23.36  23.36  22.81  22.32   12273.11          0.50      2.24   
2016-03-04  23.71  23.71  22.33  22.05   18244.32         -1.38     -5.82   
2016-03-03  23.48  24.22  23.71  23.44   22156.18          0.26      1.11   
2016-03-02  22.55  23.53  23.44  22.20   22380.20          0.98      4.36   
2016-03-01  22.20  22.76  22.48  21.55   14996.08          0.30      1.35   
2016-02-29  24.13  24.20  22.20  21.70   18347.35         -1.89     -7.85   
2016-02-26  23.80  24.88  24.09  23.00   15823.95          0.15      0.63   
2016-02-25  26.00  26.95  23.98  23.67   32013.25         -2.32     -8.82   
2016-02-24  26.35  26.88  26.30  25.37   17033.41         -0.37     -1.39   
2016-02-23  26.87  27.15  26.64  26.37   19952.78         -0.39     -1.44   
...           ...    ...    ...    ...        ...           ...       ...   
2015-03-17  38.80  38.87  38.58  37.85   31789.03         -0.02     -0.05   
2015-03-16  36.70  39.77  38.60  36.70   44882.23          2.33      6.42   
2015-03-13  35.46  36.45  36.27  35.42   17995.04          0.99      2.81   
2015-03-12  35.68  35.69  35.28  34.98   14896.00         -0.29     -0.81   
2015-03-11  35.64  35.92  35.57  35.42   12585.34          0.03      0.08   
2015-03-10  35.21  35.93  35.54  35.13    9912.75          0.26      0.74   
2015-03-09  35.26  35.45  35.28  34.65   13806.49         -0.36     -1.01   
2015-03-06  36.40  36.60  35.64  35.57   15968.82         -0.79     -2.17   
2015-03-05  36.01  36.45  36.43  35.92   14439.39          0.32      0.89   
2015-03-04  35.77  36.24  36.11  35.71   17290.27          0.12      0.33   
2015-03-03  37.28  37.28  35.99  35.91   31366.21         -1.51     -4.03   
2015-03-02  36.28  37.62  37.50  36.00   30753.24          1.26      3.48   
2015-02-27  35.80  36.35  36.24  35.70   18299.43          0.51      1.43   
2015-02-26  35.27  35.78  35.73  35.27   12862.35          0.46      1.30   
2015-02-25  35.98  35.99  35.27  35.13   16618.16         -0.64     -1.78   
2015-02-17  35.91  36.00  35.91  35.67   16156.39          0.05      0.14   
2015-02-16  35.94  35.98  35.86  35.28   20207.50         -0.08     -0.22   
2015-02-13  35.55  36.34  35.94  35.51   30731.91          0.64      1.81   
2015-02-12  35.51  35.89  35.30  34.70   31116.52         -0.39     -1.09   
2015-02-11  35.54  36.43  35.69  35.28   38739.06          0.15      0.42   
2015-02-10  35.00  35.99  35.54  34.37   63825.15         -2.41     -6.35   
2015-02-09  37.95  38.30  37.95  37.95   20394.00         -4.22    -10.01   
2015-02-06  51.00  51.00  42.17  42.17   46187.56         -4.69    -10.01   
2015-02-05  46.86  46.86  46.86  46.86    3712.00          4.26     10.00   
2015-02-04  42.60  42.60  42.60  42.60     884.99          3.87      9.99   
2015-02-03  38.73  38.73  38.73  38.73     614.00          3.52     10.00   
2015-02-02  35.21  35.21  35.21  35.21     338.00          3.20     10.00   
2015-01-30  32.01  32.01  32.01  32.01     127.00          2.91     10.00   
2015-01-29  29.10  29.10  29.10  29.10      97.00          2.65     10.02   
2015-01-28  22.04  26.45  26.45  22.04     270.00          8.08     43.98   

               ma5    ma10    ma20     v_ma5    v_ma10    v_ma20  turnover  
date                                                                        
2016-07-22  30.014  27.776  25.653  36157.14  37067.99  32313.94     14.28  
2016-07-21  28.656  27.152  25.189  16063.17  29830.55  26284.55      0.94  
2016-07-20  27.014  26.258  24.617  20345.00  33781.44  26760.16      0.21  
2016-07-19  25.932  25.521  24.268  29124.13  36216.99  27772.52      0.06  
2016-03-29  25.608  24.999  24.044  38256.88  37923.31  28864.52      3.95  
2016-03-28  25.538  24.762  23.888  37978.85  37076.85  27777.15      3.48  
2016-03-25  25.648  24.632  23.733  43597.94  37962.31  27074.97      3.24  
2016-03-24  25.502  24.369  23.660  47217.87  36218.88  26359.09      4.92  
2016-03-23  25.110  24.118  23.594  43309.84  32844.87  25669.52      4.97  
2016-03-22  24.390  23.742  23.595  37589.74  29255.61  24211.00      3.80  
2016-03-21  23.986  23.530  23.664  36174.85  27559.88  23440.97      6.50  
2016-03-18  23.616  23.226  23.724  32326.67  22738.56  21845.70      5.19  
2016-03-17  23.236  22.976  23.780  25219.88  19738.87  20445.54      2.82  
2016-03-16  23.126  23.014  23.895  22379.90  19328.04  20447.79      1.89  
2016-03-15  23.094  23.089  24.083  20921.47  19805.73  20828.77      3.04  
2016-03-14  23.074  23.014  24.244  18944.91  18477.44  20737.14      4.43  
2016-03-11  22.836  22.834  24.310  13150.44  16187.63  19635.57      1.37  
2016-03-10  22.716  22.950  24.427  14257.86  16499.31  20312.82      1.30  
2016-03-09  22.902  23.070  24.541  16276.18  18494.17  21261.49      1.11  
2016-03-08  23.084  23.447  24.603  18690.00  19166.40  21670.21      1.98  
2016-03-07  22.954  23.798  24.637  18009.98  19322.06  21988.30      1.32  
2016-03-04  22.832  24.222  24.640  19224.83  20952.85  22447.38      1.96  
2016-03-03  23.184  24.583  24.682  18740.75  21152.21  23149.14      2.38  
2016-03-02  23.238  24.776  24.618  20712.17  21567.54  23499.35      2.41  
2016-03-01  23.810  25.076  24.686  19642.81  21851.81  24309.05      1.61  
2016-02-29  24.642  25.473  24.836  20634.15  22996.84  24923.90      1.97  
2016-02-26  25.612  25.786  25.141  22680.86  23083.51  25660.79      1.70  
2016-02-25  25.982  25.904  25.324  23563.67  24126.33  27342.66      3.44  
2016-02-24  26.314  26.011  25.581  22422.92  24028.80  28262.70      1.83  
2016-02-23  26.342  25.759  25.881  24060.81  24174.02  30319.89      2.14  
...            ...     ...     ...       ...       ...       ...       ...  
2015-03-17  36.860  36.330  36.137  24429.53  19356.54  22020.81     15.89  
2015-03-16  36.252  36.071  35.985  20054.27  19314.25  23622.61     22.44  
2015-03-13  35.588  35.961  35.952  13839.12  17901.36  22398.20      9.00  
2015-03-12  35.462  35.958  36.247  13433.88  17931.79  23807.83      7.45  
2015-03-11  35.692  36.003  36.826  13342.56  17728.43  23248.63      6.29  
2015-03-10  35.800  35.973  37.178  14283.54  18131.71  22663.61      4.96  
2015-03-09  35.890  36.010  37.337  18574.24  18756.08  22198.67      6.90  
2015-03-06  36.334  36.068  37.334  21963.59  19396.18  21525.25      7.98  
2015-03-05  36.454  36.098  37.152  22429.71  20872.49  20733.16      7.22  
2015-03-04  36.314  35.985  36.786  22114.30  22540.20  20016.04      8.65  
2015-03-03  36.146  35.943  36.303  21979.88  24685.08  19165.02     15.68  
2015-03-02  36.130  35.898  36.319  18937.91  27930.97  18522.86     15.38  
2015-02-27  35.802  35.943  36.253  16828.77  26895.05  17843.39      9.15  
2015-02-26  35.742  36.536  36.254  19315.26  29683.86  17816.56      6.43  
2015-02-25  35.656  37.649  36.287  22966.10  28768.83  18126.20      8.31  
2015-02-17  35.740  38.382  36.355  27390.28  27195.51  18226.74      8.08  
2015-02-16  35.666  38.664  36.386  36924.03  25641.27  18374.62     10.10  
2015-02-13  36.084  38.599  36.427  36961.33  23654.32  18233.63     15.37  
2015-02-12  37.330  38.206  36.468  40052.46  20593.83  17192.11     15.56  
2015-02-11  39.642  37.586  36.574  34571.55  17491.88  15926.25     19.37  
2015-02-10  41.024  36.662  36.662  27000.74  13644.97  13644.97     31.91  
2015-02-09  41.662  36.787  36.787  14358.51   8069.39   8069.39     10.20  
2015-02-06  41.114  36.641  36.641  10347.31   6528.82   6528.82     23.09  
2015-02-05  39.082  35.851  35.851   1135.20    863.28    863.28      1.86  
2015-02-04  35.530  34.017  34.017    412.20    388.50    388.50      0.44  
2015-02-03  32.300  32.300  32.300    289.20    289.20    289.20      0.31  
2015-02-02  30.693  30.693  30.693    208.00    208.00    208.00      0.17  
2015-01-30  29.187  29.187  29.187    164.67    164.67    164.67      0.06  
2015-01-29  27.775  27.775  27.775    183.50    183.50    183.50      0.05  
2015-01-28  26.450  26.450  26.450    270.00    270.00    270.00      0.14  

[285 rows x 14 columns]